1 0.0 15.15303 0.0 14.93875 0.0
2 0.0202269554138 15.15303 0.554 14.93875 0.442
3 0.0403640270233 15.15303 1.378 14.93875 1.224
4 0.0604979991913 15.15303 2.162 14.93875 2.017
5 0.0806350708008 15.15303 2.946 14.93875 2.863
6 0.100770950317 15.15303 3.673 14.93875 3.658
7 0.120903015137 15.15303 4.278 14.93875 4.337
8 0.141093015671 15.15303 4.845 14.93875 4.991
9 0.16122508049 15.15303 5.421 14.93875 5.648
10 0.181387901306 15.15303 5.926 14.93875 6.208
11 0.201761007309 15.15303 6.464 14.93875 6.788
12 0.221899032593 15.15303 6.978 14.93875 7.331
13 0.242038011551 15.15303 7.42 14.93875 7.798
14 0.262180089951 15.15303 7.885 14.93875 8.277
15 0.282321929932 15.15303 8.245 14.93875 8.643
16 0.30246090889 15.15303 8.723 14.93875 9.115
17 0.322597026825 15.15303 9.1 14.93875 9.479
18 0.342735052109 15.15303 9.493 14.93875 9.85
19 0.362874984741 15.15303 9.864 14.93875 10.201
20 0.383014917374 15.15303 10.18 14.93875 10.501
21 0.403152942657 15.15303 10.506 14.93875 10.806
22 0.423290967941 15.15303 10.769 14.93875 11.048
23 0.443428039551 15.15303 11.034 14.93875 11.296
24 0.463567018509 15.15303 11.282 14.93875 11.551
25 0.483709096909 15.15303 11.497 14.93875 11.792
26 0.503845930099 15.15303 11.668 14.93875 11.998
27 0.523991107941 15.15303 11.787 14.93875 12.162
28 0.545614957809 15.15303 11.962 14.93875 12.376
29 0.565758943558 15.15303 12.099 14.93875 12.547
30 0.585900068283 15.15303 12.228 14.93875 12.721
31 0.60604095459 15.15303 12.349 14.93875 12.874
32 0.626184940338 15.15303 12.485 14.93875 13.028
33 0.646322965622 15.15303 12.578 14.93875 13.126
34 0.666460990906 15.15303 12.705 14.93875 13.253
35 0.686600923538 15.15303 12.83 14.93875 13.383
36 0.706741094589 15.15303 12.931 14.93875 13.504
37 0.72688293457 15.15303 13.014 14.93875 13.613
38 0.747021913528 15.15303 13.042 14.93875 13.671
39 0.767168045044 15.15303 13.114 14.93875 13.772
40 0.787353992462 15.15303 13.185 14.93875 13.86
41 0.807816982269 15.15303 13.247 14.93875 13.948
42 0.828073978424 15.15303 13.303 14.93875 14.031
43 0.848206043243 15.15303 13.326 14.93875 14.059
44 0.868338108063 15.15303 13.451 14.93875 14.181
45 0.888473033905 15.15303 13.491 14.93875 14.202
46 0.908608913422 15.15303 13.632 14.93875 14.314
47 0.928744077682 15.15303 13.73 14.93875 14.377
48 0.948880910873 15.15303 13.823 14.93875 14.433
49 0.96901512146 15.15303 13.87 14.93875 14.441
50 0.989177942276 15.15303 13.954 14.93875 14.494
51 1.00951004028 15.15303 14.016 14.93875 14.543
52 1.02988910675 15.15303 14.056 14.93875 14.588
53 1.05002808571 15.15303 14.069 14.93875 14.629
54 1.07019591331 15.15303 14.076 14.93875 14.669
55 1.09046912193 15.15303 14.089 14.93875 14.703
56 1.11061501503 15.15303 14.12 14.93875 14.74
57 1.13076090813 15.15303 14.114 14.93875 14.727
58 1.15101504326 15.15303 14.155 14.93875 14.76
59 1.17115998268 15.15303 14.186 14.93875 14.792
60 1.19130301476 15.15303 14.214 14.93875 14.823
61 1.21144509315 15.15303 14.243 14.93875 14.851
62 1.23158693314 15.15303 14.273 14.93875 14.881
63 1.25195002556 15.15303 14.276 14.93875 14.906
64 1.27208805084 15.15303 14.253 14.93875 14.926
65 1.2922809124 15.15303 14.231 14.93875 14.949
66 1.31242108345 15.15303 14.203 14.93875 14.967
67 1.33256101608 15.15303 14.193 14.93875 14.985
68 1.35270404816 15.15303 14.195 14.93875 15.0
69 1.37284493446 15.15303 14.201 14.93875 15.014
70 1.39298510551 15.15303 14.208 14.93875 15.032
71 1.41312909126 15.15303 14.212 14.93875 15.046
72 1.43326997757 15.15303 14.185 14.93875 15.012
73 1.45340704918 15.15303 14.227 14.93875 15.031
74 1.47355008125 15.15303 14.287 14.93875 15.045
75 1.49369096756 15.15303 14.346 14.93875 15.059
76 1.51383090019 15.15303 14.393 14.93875 15.074
77 1.53397107124 15.15303 14.383 14.93875 15.037
78 1.55410909653 15.15303 14.411 14.93875 15.048
79 1.57424902916 15.15303 14.432 14.93875 15.062
80 1.59438991547 15.15303 14.435 14.93875 15.069
81 1.61453199387 15.15303 14.431 14.93875 15.083
82 1.6346719265 15.15303 14.405 14.93875 15.09
83 1.65480995178 15.15303 14.391 14.93875 15.098
84 1.67496991158 15.15303 14.396 14.93875 15.111
85 1.69513392448 15.15303 14.412 14.93875 15.12
86 1.71529889107 15.15303 14.374 14.93875 15.082
87 1.73557496071 15.15303 14.377 14.93875 15.096
88 1.75594592094 15.15303 14.364 14.93875 15.106
89 1.77609395981 15.15303 14.35 14.93875 15.115
90 1.79636001587 15.15303 14.348 14.93875 15.127
91 1.81650209427 15.15303 14.349 14.93875 15.135
92 1.83663892746 15.15303 14.339 14.93875 15.144
93 1.85677409172 15.15303 14.322 14.93875 15.155
94 1.87691497803 15.15303 14.246 14.93875 15.112
95 1.89705491066 15.15303 14.22 14.93875 15.119
96 1.91719508171 15.15303 14.218 14.93875 15.127
97 1.93733096123 15.15303 14.219 14.93875 15.134
98 1.95746803284 15.15303 14.227 14.93875 15.143
99 1.97760891914 15.15303 14.229 14.93875 15.148
100 1.9977478981 15.15303 14.24 14.93875 15.153
101 2.01790809631 15.15303 14.27 14.93875 15.162
102 2.03807210922 15.15303 14.315 14.93875 15.17
103 2.05823802948 15.15303 14.305 14.93875 15.13
104 2.07840204239 15.15303 14.332 14.93875 15.142
105 2.09867501259 15.15303 14.339 14.93875 15.147
106 2.11903095245 15.15303 14.338 14.93875 15.152
107 2.13940811157 15.15303 14.347 14.93875 15.162
108 2.15972399712 15.15303 14.36 14.93875 15.166
109 2.18015599251 15.15303 14.363 14.93875 15.171
110 2.2003018856 15.15303 14.354 14.93875 15.18
111 2.22078299522 15.15303 14.333 14.93875 15.183
112 2.24093008041 15.15303 14.313 14.93875 15.186
113 2.26107001305 15.15303 14.314 14.93875 15.194
114 2.28126502037 15.15303 14.321 14.93875 15.198
115 2.30140995979 15.15303 14.28 14.93875 15.158
116 2.32155799866 15.15303 14.31 14.93875 15.209
117 2.34170007706 15.15303 14.297 14.93875 15.21
118 2.36187505722 15.15303 14.287 14.93875 15.217
119 2.38225388527 15.15303 14.241 14.93875 15.17
120 2.40239191055 15.15303 14.241 14.93875 15.173
121 2.42252802849 15.15303 14.242 14.93875 15.178
122 2.442663908 15.15303 14.219 14.93875 15.178
123 2.46280789375 15.15303 14.193 14.93875 15.181
124 2.48294401169 15.15303 14.184 14.93875 15.185
125 2.50308990479 15.15303 14.195 14.93875 15.189
126 2.52323007584 15.15303 14.179 14.93875 15.146
127 2.54336905479 15.15303 14.206 14.93875 15.155
128 2.5635099411 15.15303 14.235 14.93875 15.163
129 2.58365106583 15.15303 14.271 14.93875 15.17
130 2.60378694534 15.15303 14.314 14.93875 15.181
131 2.62392807007 15.15303 14.318 14.93875 15.14
132 2.64406609535 15.15303 14.371 14.93875 15.149
133 2.66420698166 15.15303 14.411 14.93875 15.161
134 2.68434309959 15.15303 14.434 14.93875 15.168
135 2.70448303223 15.15303 14.442 14.93875 15.179
136 2.72462701797 15.15303 14.431 14.93875 15.181
137 2.74476790428 15.15303 14.429 14.93875 15.184
138 2.76491189003 15.15303 14.428 14.93875 15.192
139 2.78504991531 15.15303 14.418 14.93875 15.196
140 2.80519199371 15.15303 14.369 14.93875 15.15
141 2.825330019 15.15303 14.388 14.93875 15.159
142 2.84546804428 15.15303 14.421 14.93875 15.163
143 2.86560606956 15.15303 14.468 14.93875 15.168
144 2.8857460022 15.15303 14.506 14.93875 15.181
145 2.90588498116 15.15303 14.488 14.93875 15.141
146 2.92602396011 15.15303 14.512 14.93875 15.15
147 2.94616293907 15.15303 14.542 14.93875 15.161
148 2.9663040638 15.15303 14.562 14.93875 15.169
149 2.98644304276 15.15303 14.567 14.93875 15.181
150 3.00658297539 15.15303 14.542 14.93875 15.185
151 3.02672410011 15.15303 14.51 14.93875 15.19
152 3.04686188698 15.15303 14.487 14.93875 15.196
153 3.06699895859 15.15303 14.431 14.93875 15.153
154 3.08713006973 15.15303 14.438 14.93875 15.156
155 3.10727000237 15.15303 14.457 14.93875 15.166
156 3.1274061203 15.15303 14.48 14.93875 15.172
157 3.14754295349 15.15303 14.501 14.93875 15.183
158 3.16768407822 15.15303 14.527 14.93875 15.189
159 3.1878259182 15.15303 14.567 14.93875 15.195
160 3.20796608925 15.15303 14.618 14.93875 15.206
161 3.22810912132 15.15303 14.652 14.93875 15.213
162 3.24824810028 15.15303 14.623 14.93875 15.175
163 3.26853108406 15.15303 14.668 14.93875 15.227
164 3.28881597519 15.15303 14.663 14.93875 15.229
165 3.30895805359 15.15303 14.672 14.93875 15.235
166 3.32918190956 15.15303 14.677 14.93875 15.238
167 3.34944796562 15.15303 14.632 14.93875 15.192
168 3.36959290504 15.15303 14.64 14.93875 15.198
169 3.38995790482 15.15303 14.663 14.93875 15.206
170 3.41028809547 15.15303 14.695 14.93875 15.212
171 3.43043494225 15.15303 14.73 14.93875 15.223
172 3.45057702065 15.15303 14.746 14.93875 15.226
173 3.47071409225 15.15303 14.742 14.93875 15.231
174 3.49086403847 15.15303 14.732 14.93875 15.238
175 3.51116704941 15.15303 14.707 14.93875 15.241
176 3.53131389618 15.15303 14.642 14.93875 15.194
177 3.55145907402 15.15303 14.626 14.93875 15.2
178 3.57160305977 15.15303 14.602 14.93875 15.201
179 3.59174609184 15.15303 14.583 14.93875 15.205
180 3.61196398735 15.15303 14.582 14.93875 15.212
181 3.63223600388 15.15303 14.595 14.93875 15.216
182 3.65248894691 15.15303 14.583 14.93875 15.178
183 3.67273402214 15.15303 14.667 14.93875 15.231
184 3.69293308258 15.15303 14.706 14.93875 15.234
185 3.71328496933 15.15303 14.746 14.93875 15.243
186 3.7334280014 15.15303 14.789 14.93875 15.246
187 3.75359201431 15.15303 14.84 14.93875 15.249
188 3.77391695976 15.15303 14.888 14.93875 15.26
189 3.79417896271 15.15303 14.921 14.93875 15.266
190 3.81442499161 15.15303 14.893 14.93875 15.22
191 3.83457493782 15.15303 14.905 14.93875 15.224
192 3.8549220562 15.15303 14.926 14.93875 15.232
193 3.8752810955 15.15303 14.937 14.93875 15.237
194 3.89563894272 15.15303 14.932 14.93875 15.241
195 3.91599988937 15.15303 14.875 14.93875 15.202
196 3.93629407883 15.15303 14.901 14.93875 15.253
197 3.95655488968 15.15303 14.834 14.93875 15.208
198 3.97691202164 15.15303 14.826 14.93875 15.21
199 3.99726104736 15.15303 14.828 14.93875 15.219
200 4.01761102676 15.15303 14.815 14.93875 15.224
201 4.03790402412 15.15303 14.799 14.93875 15.229
202 4.05827593803 15.15303 14.75 14.93875 15.19
203 4.07856106758 15.15303 14.787 14.93875 15.241
204 4.09892702103 15.15303 14.784 14.93875 15.242
205 4.11921000481 15.15303 14.785 14.93875 15.25
206 4.13956809044 15.15303 14.78 14.93875 15.253
207 4.15991306305 15.15303 14.789 14.93875 15.254
208 4.18027591705 15.15303 14.766 14.93875 15.213
209 4.20069789886 15.15303 14.849 14.93875 15.264
210 4.22086191177 15.15303 14.888 14.93875 15.269
211 4.24121403694 15.15303 14.921 14.93875 15.276
212 4.26135396957 15.15303 14.949 14.93875 15.28
213 4.281498909 15.15303 14.983 14.93875 15.288
214 4.30175089836 15.15303 15.024 14.93875 15.292
215 4.32194805145 15.15303 15.061 14.93875 15.293
216 4.34209704399 15.15303 15.085 14.93875 15.299
217 4.36244606972 15.15303 15.098 14.93875 15.301
218 4.38259196281 15.15303 15.101 14.93875 15.304
219 4.40274000168 15.15303 15.058 14.93875 15.26
220 4.4228849411 15.15303 15.055 14.93875 15.262
221 4.44324994087 15.15303 15.047 14.93875 15.262
222 4.46339201927 15.15303 15.036 14.93875 15.266
223 4.48374605179 15.15303 15.016 14.93875 15.267
224 4.50409793854 15.15303 15.003 14.93875 15.271
225 4.52441692352 15.15303 15.006 14.93875 15.278
226 4.54456806183 15.15303 15.006 14.93875 15.28
227 4.5647110939 15.15303 14.997 14.93875 15.283
228 4.58497190475 15.15303 14.986 14.93875 15.289
229 4.6051158905 15.15303 14.961 14.93875 15.29
230 4.62548303604 15.15303 14.903 14.93875 15.25
231 4.64582300186 15.15303 14.936 14.93875 15.296
232 4.66614890099 15.15303 14.925 14.93875 15.293
233 4.68629002571 15.15303 14.913 14.93875 15.296
234 4.70665192604 15.15303 14.894 14.93875 15.296
235 4.72688508034 15.15303 14.893 14.93875 15.294
236 4.74703001976 15.15303 14.917 14.93875 15.302
237 4.76740098 15.15303 14.948 14.93875 15.302
238 4.78754806519 15.15303 14.978 14.93875 15.305
239 4.80790090561 15.15303 14.95 14.93875 15.261
240 4.8282520771 15.15303 14.971 14.93875 15.269
241 4.84860706329 15.15303 14.995 14.93875 15.273
242 4.86886096001 15.15303 15.028 14.93875 15.277
243 4.8890581131 15.15303 15.057 14.93875 15.284
244 4.90941810608 15.15303 15.065 14.93875 15.287
245 4.92967391014 15.15303 15.054 14.93875 15.289
246 4.94982099533 15.15303 15.001 14.93875 15.246
247 4.97018790245 15.15303 15.038 14.93875 15.295
248 4.99033308029 15.15303 14.979 14.93875 15.247
249 5.01047706604 15.15303 14.965 14.93875 15.254
250 5.03068590164 15.15303 14.942 14.93875 15.256
251 5.05082702637 15.15303 14.931 14.93875 15.256
252 5.07097196579 15.15303 14.935 14.93875 15.266
253 5.09132695198 15.15303 14.942 14.93875 15.269
254 5.11165690422 15.15303 14.891 14.93875 15.225
255 5.13179898262 15.15303 14.875 14.93875 15.228
256 5.15194296837 15.15303 14.858 14.93875 15.236
257 5.17219305038 15.15303 14.836 14.93875 15.24
258 5.19238996506 15.15303 14.825 14.93875 15.247
259 5.21273803711 15.15303 14.826 14.93875 15.249
260 5.23288393021 15.15303 14.836 14.93875 15.251
261 5.25323295593 15.15303 14.85 14.93875 15.259
262 5.27337694168 15.15303 14.863 14.93875 15.261
263 5.2935769558 15.15303 14.881 14.93875 15.264
264 5.31394004822 15.15303 14.901 14.93875 15.272
265 5.33408999443 15.15303 14.909 14.93875 15.276
266 5.35444903374 15.15303 14.872 14.93875 15.236
267 5.37481188774 15.15303 14.922 14.93875 15.285
268 5.39501404762 15.15303 14.939 14.93875 15.285
269 5.41536688805 15.15303 14.973 14.93875 15.293
270 5.43556499481 15.15303 15.003 14.93875 15.294
271 5.45584797859 15.15303 15.023 14.93875 15.294
272 5.47621488571 15.15303 15.029 14.93875 15.301
273 5.49663496017 15.15303 15.019 14.93875 15.301
274 5.51696109772 15.15303 15.003 14.93875 15.303
275 5.53714108467 15.15303 14.999 14.93875 15.308
276 5.5575530529 15.15303 14.98 14.93875 15.307
277 5.57792592049 15.15303 14.953 14.93875 15.309
278 5.59823608398 15.15303 14.876 14.93875 15.266
279 5.61860108376 15.15303 14.884 14.93875 15.312
280 5.63895511627 15.15303 14.858 14.93875 15.309
281 5.65920901299 15.15303 14.837 14.93875 15.314
282 5.67956709862 15.15303 14.807 14.93875 15.31
283 5.69992399216 15.15303 14.779 14.93875 15.308
284 5.72006702423 15.15303 14.774 14.93875 15.313
285 5.74053812027 15.15303 14.777 14.93875 15.31
286 5.76070404053 15.15303 14.791 14.93875 15.31
287 5.78087091446 15.15303 14.768 14.93875 15.266
288 5.80101299286 15.15303 14.834 14.93875 15.316
289 5.8213570118 15.15303 14.804 14.93875 15.269
290 5.84155297279 15.15303 14.82 14.93875 15.272
291 5.86191296577 15.15303 14.841 14.93875 15.278
292 5.8820540905 15.15303 14.863 14.93875 15.279
293 5.90219902992 15.15303 14.89 14.93875 15.286
294 5.92256689072 15.15303 14.917 14.93875 15.289
295 5.94273805618 15.15303 14.946 14.93875 15.292
296 5.96288704872 15.15303 14.93 14.93875 15.251
297 5.98303604126 15.15303 15.006 14.93875 15.299
298 6.00317692757 15.15303 14.977 14.93875 15.258
299 6.02349901199 15.15303 15.023 14.93875 15.305
300 6.04364109039 15.15303 15.016 14.93875 15.304
301 6.06402897835 15.15303 15.019 14.93875 15.308
302 6.0841729641 15.15303 15.024 14.93875 15.307
303 6.10454797745 15.15303 15.03 14.93875 15.308
304 6.1248960495 15.15303 14.983 14.93875 15.264
305 6.14528393745 15.15303 15.012 14.93875 15.314
306 6.1654291153 15.15303 14.948 14.93875 15.27
307 6.18572306633 15.15303 14.972 14.93875 15.315
308 6.20597910881 15.15303 14.951 14.93875 15.313
309 6.22614502907 15.15303 14.938 14.93875 15.315
310 6.24649906158 15.15303 14.894 14.93875 15.314
311 6.26681494713 15.15303 14.84 14.93875 15.312
312 6.28701710701 15.15303 14.747 14.93875 15.266
313 6.3073720932 15.15303 14.752 14.93875 15.31
314 6.32772707939 15.15303 14.733 14.93875 15.304
315 6.34798192978 15.15303 14.681 14.93875 15.259
316 6.36818504333 15.15303 14.714 14.93875 15.306
317 6.38832807541 15.15303 14.674 14.93875 15.261
318 6.40870308876 15.15303 14.727 14.93875 15.306
319 6.42905807495 15.15303 14.747 14.93875 15.305
320 6.44942593575 15.15303 14.776 14.93875 15.311
321 6.46978712082 15.15303 14.803 14.93875 15.309
322 6.48993301392 15.15303 14.828 14.93875 15.307
323 6.51007390022 15.15303 14.842 14.93875 15.311
324 6.53053212166 15.15303 14.854 14.93875 15.311
325 6.55070996284 15.15303 14.866 14.93875 15.311
326 6.57097196579 15.15303 14.834 14.93875 15.265
327 6.59112095833 15.15303 14.876 14.93875 15.311
328 6.61126708984 15.15303 14.865 14.93875 15.315
329 6.63140702248 15.15303 14.847 14.93875 15.311
330 6.65154910088 15.15303 14.838 14.93875 15.308
331 6.67190694809 15.15303 14.841 14.93875 15.311
332 6.69204902649 15.15303 14.83 14.93875 15.309
333 6.71219396591 15.15303 14.774 14.93875 15.265
334 6.7325720787 15.15303 14.796 14.93875 15.309
335 6.75274991989 15.15303 14.786 14.93875 15.307
336 6.7729370594 15.15303 14.74 14.93875 15.261
337 6.79316401482 15.15303 14.771 14.93875 15.306
338 6.81331205368 15.15303 14.7 14.93875 15.261
339 6.83345603943 15.15303 14.691 14.93875 15.304
340 6.85382795334 15.15303 14.642 14.93875 15.297
341 6.87397193909 15.15303 14.615 14.93875 15.299
342 6.89432811737 15.15303 14.602 14.93875 15.295
343 6.91447591782 15.15303 14.602 14.93875 15.292
344 6.93484210968 15.15303 14.566 14.93875 15.249
345 6.95498895645 15.15303 14.614 14.93875 15.297
346 6.97534894943 15.15303 14.58 14.93875 15.255
347 6.99549794197 15.15303 14.649 14.93875 15.301
348 7.01564502716 15.15303 14.68 14.93875 15.298
349 7.03590011597 15.15303 14.701 14.93875 15.301
350 7.05627298355 15.15303 14.699 14.93875 15.3
351 7.07642102242 15.15303 14.643 14.93875 15.25
352 7.09678506851 15.15303 14.62 14.93875 15.247
353 7.11703801155 15.15303 14.603 14.93875 15.25
354 7.13723111153 15.15303 14.572 14.93875 15.248
355 7.15759897232 15.15303 14.532 14.93875 15.246
356 7.17781996727 15.15303 14.448 14.93875 15.204
357 7.19817399979 15.15303 14.464 14.93875 15.249
358 7.21842694283 15.15303 14.407 14.93875 15.2
359 7.23862195015 15.15303 14.417 14.93875 15.201
360 7.25885510445 15.15303 14.438 14.93875 15.206
361 7.27922606468 15.15303 14.457 14.93875 15.212
362 7.2994890213 15.15303 14.471 14.93875 15.216
363 7.31963610649 15.15303 14.438 14.93875 15.177
364 7.34011697769 15.15303 14.442 14.93875 15.179
365 7.36032891273 15.15303 14.445 14.93875 15.184
366 7.38046789169 15.15303 14.438 14.93875 15.188
367 7.40061092377 15.15303 14.411 14.93875 15.195
368 7.42085909843 15.15303 14.349 14.93875 15.196
369 7.4410610199 15.15303 14.253 14.93875 15.155
370 7.46120810509 15.15303 14.26 14.93875 15.202
371 7.48135089874 15.15303 14.252 14.93875 15.205
372 7.50149393082 15.15303 14.252 14.93875 15.204
373 7.52163791656 15.15303 14.251 14.93875 15.205
374 7.54200100899 15.15303 14.269 14.93875 15.213
375 7.56225299835 15.15303 14.29 14.93875 15.217
376 7.58245205879 15.15303 14.317 14.93875 15.218
377 7.60280394554 15.15303 14.295 14.93875 15.178
378 7.62300610542 15.15303 14.349 14.93875 15.227
379 7.6431479454 15.15303 14.307 14.93875 15.186
380 7.66352295876 15.15303 14.345 14.93875 15.233
381 7.68366909027 15.15303 14.349 14.93875 15.233
382 7.70381307602 15.15303 14.369 14.93875 15.237
383 7.724173069 15.15303 14.389 14.93875 15.238
384 7.74433588982 15.15303 14.36 14.93875 15.192
385 7.76448607445 15.15303 14.376 14.93875 15.195
386 7.78462791443 15.15303 14.397 14.93875 15.203
387 7.80477595329 15.15303 14.426 14.93875 15.207
388 7.82491803169 15.15303 14.46 14.93875 15.216
389 7.84506011009 15.15303 14.478 14.93875 15.222
390 7.86520504951 15.15303 14.433 14.93875 15.184
391 7.88534498215 15.15303 14.455 14.93875 15.234
392 7.90548801422 15.15303 14.429 14.93875 15.236
393 7.92563295364 15.15303 14.409 14.93875 15.241
394 7.94577407837 15.15303 14.348 14.93875 15.195
395 7.96591901779 15.15303 14.334 14.93875 15.196
396 7.98606395721 15.15303 14.313 14.93875 15.203
397 8.00621199608 15.15303 14.275 14.93875 15.205
398 8.02635788918 15.15303 14.266 14.93875 15.212
399 8.04650092125 15.15303 14.277 14.93875 15.212
400 8.06664395332 15.15303 14.301 14.93875 15.213
401 8.08679008484 15.15303 14.329 14.93875 15.221
402 8.10693788528 15.15303 14.368 14.93875 15.224
403 8.12708091736 15.15303 14.365 14.93875 15.184
404 8.14722490311 15.15303 14.457 14.93875 15.233
405 8.1673719883 15.15303 14.506 14.93875 15.238
406 8.18751907349 15.15303 14.535 14.93875 15.239
407 8.20767307281 15.15303 14.54 14.93875 15.235
408 8.22781991959 15.15303 14.536 14.93875 15.24
409 8.24797701836 15.15303 14.527 14.93875 15.24
410 8.26813101768 15.15303 14.486 14.93875 15.198
411 8.28827309608 15.15303 14.55 14.93875 15.245
412 8.30841708183 15.15303 14.569 14.93875 15.244
413 8.32856607437 15.15303 14.583 14.93875 15.249
414 8.34871411324 15.15303 14.546 14.93875 15.202
415 8.36886191368 15.15303 14.559 14.93875 15.205
416 8.38900709152 15.15303 14.577 14.93875 15.213
417 8.40915393829 15.15303 14.585 14.93875 15.216
418 8.42929601669 15.15303 14.584 14.93875 15.225
419 8.44944095612 15.15303 14.57 14.93875 15.226
420 8.46958994865 15.15303 14.561 14.93875 15.226
421 8.48973488808 15.15303 14.566 14.93875 15.236
422 8.50988197327 15.15303 14.573 14.93875 15.239
423 8.53002691269 15.15303 14.521 14.93875 15.193
424 8.55017089844 15.15303 14.51 14.93875 15.199
425 8.57031607628 15.15303 14.489 14.93875 15.202
426 8.59046006203 15.15303 14.474 14.93875 15.206
427 8.61060595512 15.15303 14.477 14.93875 15.213
428 8.6307489872 15.15303 14.449 14.93875 15.17
429 8.65089702606 15.15303 14.476 14.93875 15.177
430 8.67104005814 15.15303 14.507 14.93875 15.186
431 8.69118690491 15.15303 14.543 14.93875 15.195
432 8.71133208275 15.15303 14.57 14.93875 15.207
433 8.7314760685 15.15303 14.586 14.93875 15.211
434 8.75162005424 15.15303 14.588 14.93875 15.216
435 8.77176499367 15.15303 14.579 14.93875 15.222
436 8.79190397263 15.15303 14.553 14.93875 15.225
437 8.81204390526 15.15303 14.492 14.93875 15.184
438 8.83218502998 15.15303 14.525 14.93875 15.236
439 8.85232591629 15.15303 14.542 14.93875 15.243
440 8.87247109413 15.15303 14.558 14.93875 15.243
441 8.89261698723 15.15303 14.578 14.93875 15.246
442 8.9127600193 15.15303 14.603 14.93875 15.257
443 8.93295693398 15.15303 14.624 14.93875 15.262
444 8.95315790176 15.15303 14.606 14.93875 15.219
445 8.97330403328 15.15303 14.637 14.93875 15.228
446 8.99366402626 15.15303 14.654 14.93875 15.233
447 9.01402592659 15.15303 14.644 14.93875 15.237
448 9.03417491913 15.15303 14.637 14.93875 15.243
449 9.05453801155 15.15303 14.62 14.93875 15.242
450 9.07468700409 15.15303 14.613 14.93875 15.242
451 9.09483098984 15.15303 14.599 14.93875 15.249
452 9.11518597603 15.15303 14.566 14.93875 15.248
453 9.13538193703 15.15303 14.539 14.93875 15.25
454 9.15573596954 15.15303 14.482 14.93875 15.204
455 9.1760969162 15.15303 14.497 14.93875 15.211
456 9.19646191597 15.15303 14.535 14.93875 15.212
457 9.21660709381 15.15303 14.59 14.93875 15.218
458 9.23695993423 15.15303 14.643 14.93875 15.228
459 9.25731897354 15.15303 14.686 14.93875 15.233
460 9.27746891975 15.15303 14.721 14.93875 15.24
461 9.29783892632 15.15303 14.699 14.93875 15.2
462 9.31819796562 15.15303 14.759 14.93875 15.254
463 9.3385579586 15.15303 14.756 14.93875 15.255
464 9.35879397392 15.15303 14.701 14.93875 15.21
465 9.37921595573 15.15303 14.706 14.93875 15.219
466 9.39952111244 15.15303 14.721 14.93875 15.223
467 9.41987705231 15.15303 14.742 14.93875 15.227
468 9.44002103806 15.15303 14.769 14.93875 15.239
469 9.46037602425 15.15303 14.778 14.93875 15.242
470 9.48052191734 15.15303 14.787 14.93875 15.248
471 9.5008790493 15.15303 14.803 14.93875 15.259
472 9.52101898193 15.15303 14.822 14.93875 15.262
473 9.54121804237 15.15303 14.845 14.93875 15.27
474 9.56138110161 15.15303 14.849 14.93875 15.271
475 9.58152294159 15.15303 14.842 14.93875 15.272
476 9.60187506676 15.15303 14.837 14.93875 15.277
477 9.62222695351 15.15303 14.836 14.93875 15.279
478 9.64238595963 15.15303 14.836 14.93875 15.279
479 9.66253209114 15.15303 14.787 14.93875 15.231
480 9.68276691437 15.15303 14.794 14.93875 15.236
481 9.70290899277 15.15303 14.801 14.93875 15.24
482 9.72308206558 15.15303 14.825 14.93875 15.246
483 9.74344706535 15.15303 14.856 14.93875 15.249
484 9.7638130188 15.15303 14.898 14.93875 15.252
485 9.78407812119 15.15303 14.937 14.93875 15.263
486 9.80422496796 15.15303 14.961 14.93875 15.265
487 9.82458400726 15.15303 14.968 14.93875 15.267
488 9.84496498108 15.15303 14.975 14.93875 15.275
489 9.86525511742 15.15303 14.972 14.93875 15.274
490 9.88540196419 15.15303 14.96 14.93875 15.274
491 9.90576291084 15.15303 14.903 14.93875 15.233
492 9.92611908913 15.15303 14.93 14.93875 15.282
493 9.94631290436 15.15303 14.875 14.93875 15.235
494 9.96657204628 15.15303 14.884 14.93875 15.24
495 9.9869389534 15.15303 14.908 14.93875 15.247
496 10.0071909428 15.15303 14.922 14.93875 15.252
497 10.0275568962 15.15303 14.925 14.93875 15.258
498 10.0478100777 15.15303 14.882 14.93875 15.219
499 10.068005085 15.15303 14.933 14.93875 15.271
500 10.0883600712 15.15303 14.89 14.93875 15.227
501 10.1086161137 15.15303 14.881 14.93875 15.232
502 10.1287920475 15.15303 14.868 14.93875 15.238
503 10.1491649151 15.15303 14.836 14.93875 15.242
504 10.1695249081 15.15303 14.811 14.93875 15.244
505 10.1896750927 15.15303 14.761 14.93875 15.2
506 10.20992589 15.15303 14.806 14.93875 15.251
507 10.2301249504 15.15303 14.757 14.93875 15.204
508 10.2502651215 15.15303 14.761 14.93875 15.212
509 10.2706270218 15.15303 14.772 14.93875 15.218
510 10.2907710075 15.15303 14.798 14.93875 15.223
511 10.3109118938 15.15303 14.831 14.93875 15.232
512 10.331056118 15.15303 14.855 14.93875 15.235
513 10.3512001038 15.15303 14.864 14.93875 15.244
514 10.3715751171 15.15303 14.851 14.93875 15.245
515 10.3919401169 15.15303 14.834 14.93875 15.246
516 10.4120869637 15.15303 14.833 14.93875 15.252
517 10.4324378967 15.15303 14.837 14.93875 15.252
518 10.4525840282 15.15303 14.84 14.93875 15.253
519 10.472935915 15.15303 14.852 14.93875 15.261
520 10.4932940006 15.15303 14.863 14.93875 15.266
521 10.5134410858 15.15303 14.884 14.93875 15.27
522 10.5380558968 15.15303 14.908 14.93875 15.27
523 10.5582220554 15.15303 14.924 14.93875 15.274
524 10.5786089897 15.15303 14.926 14.93875 15.277
525 10.5988008976 15.15303 14.927 14.93875 15.284
526 10.6189789772 15.15303 14.913 14.93875 15.286
527 10.6392319202 15.15303 14.862 14.93875 15.244
528 10.6594440937 15.15303 14.895 14.93875 15.29
529 10.6796360016 15.15303 14.875 14.93875 15.29
530 10.6998870373 15.15303 14.855 14.93875 15.294
531 10.7200241089 15.15303 14.834 14.93875 15.292
532 10.7402229309 15.15303 14.787 14.93875 15.248
533 10.7604160309 15.15303 14.847 14.93875 15.294
534 10.780602932 15.15303 14.862 14.93875 15.292
535 10.8007540703 15.15303 14.885 14.93875 15.297
536 10.8210139275 15.15303 14.918 14.93875 15.3
537 10.8411569595 15.15303 14.911 14.93875 15.259
538 10.8612968922 15.15303 15.0 14.93875 15.309
539 10.8814430237 15.15303 15.023 14.93875 15.31
540 10.9016320705 15.15303 15.027 14.93875 15.315
541 10.9217751026 15.15303 14.957 14.93875 15.266
542 10.9420309067 15.15303 14.925 14.93875 15.267
543 10.9622220993 15.15303 14.905 14.93875 15.271
544 10.9823620319 15.15303 14.891 14.93875 15.269
545 11.0025019646 15.15303 14.885 14.93875 15.268
546 11.0226991177 15.15303 14.887 14.93875 15.275
547 11.0428860188 15.15303 14.895 14.93875 15.278
548 11.0630819798 15.15303 14.864 14.93875 15.231
549 11.0834360123 15.15303 14.892 14.93875 15.236
550 11.1035819054 15.15303 14.921 14.93875 15.244
551 11.1238520145 15.15303 14.932 14.93875 15.25
552 11.1440439224 15.15303 14.932 14.93875 15.259
553 11.1642351151 15.15303 14.908 14.93875 15.261
554 11.1844730377 15.15303 14.86 14.93875 15.264
555 11.2048079967 15.15303 14.758 14.93875 15.221
556 11.2249610424 15.15303 14.725 14.93875 15.27
557 11.2451150417 15.15303 14.607 14.93875 15.227
558 11.2652668953 15.15303 14.574 14.93875 15.273
559 11.3028049469 15.15303 14.513 14.93875 15.28
560 11.3229761124 15.15303 14.476 14.93875 15.232
561 11.3431429863 15.15303 14.512 14.93875 15.239
562 11.3632829189 15.15303 14.57 14.93875 15.242
563 11.3834149837 15.15303 14.639 14.93875 15.248
564 11.4035460949 15.15303 14.71 14.93875 15.256
565 11.4236800671 15.15303 14.725 14.93875 15.215
566 11.4438118935 15.15303 14.776 14.93875 15.221
567 11.4639470577 15.15303 14.813 14.93875 15.231
568 11.4840800762 15.15303 14.831 14.93875 15.238
569 11.5042219162 15.15303 14.837 14.93875 15.247
570 11.5244760513 15.15303 14.834 14.93875 15.251
571 11.5446739197 15.15303 14.835 14.93875 15.253
572 11.5648200512 15.15303 14.844 14.93875 15.261
573 11.5851869583 15.15303 14.85 14.93875 15.264
574 11.6055529118 15.15303 14.853 14.93875 15.269
575 11.6256980896 15.15303 14.81 14.93875 15.226
576 11.6461119652 15.15303 14.813 14.93875 15.234
577 11.6665329933 15.15303 14.819 14.93875 15.239
578 11.6866800785 15.15303 14.818 14.93875 15.243
579 11.7068250179 15.15303 14.811 14.93875 15.251
580 11.7270801067 15.15303 14.792 14.93875 15.254
581 11.7474350929 15.15303 14.778 14.93875 15.258
582 11.7676939964 15.15303 14.73 14.93875 15.215
583 11.7879528999 15.15303 14.762 14.93875 15.266
584 11.8081510067 15.15303 14.711 14.93875 15.223
585 11.828512907 15.15303 14.743 14.93875 15.269
586 11.848870039 15.15303 14.743 14.93875 15.268
587 11.869287014 15.15303 14.764 14.93875 15.271
588 11.8894579411 15.15303 14.754 14.93875 15.229
589 11.9098260403 15.15303 14.796 14.93875 15.232
590 11.9299750328 15.15303 14.832 14.93875 15.237
591 11.9501760006 15.15303 14.844 14.93875 15.242
592 11.9705290794 15.15303 14.839 14.93875 15.25
593 11.9906709194 15.15303 14.819 14.93875 15.252
594 12.0108160973 15.15303 14.752 14.93875 15.212
595 12.0309860706 15.15303 14.757 14.93875 15.262
596 12.0511319637 15.15303 14.725 14.93875 15.268
597 12.0714919567 15.15303 14.7 14.93875 15.267
598 12.0916390419 15.15303 14.688 14.93875 15.267
599 12.1117839813 15.15303 14.702 14.93875 15.274
600 12.1319339275 15.15303 14.716 14.93875 15.278
601 12.1520750523 15.15303 14.686 14.93875 15.238
602 12.1722240448 15.15303 14.729 14.93875 15.288
603 12.1923708916 15.15303 14.727 14.93875 15.29
604 12.2125170231 15.15303 14.734 14.93875 15.296
605 12.2327709198 15.15303 14.685 14.93875 15.251
606 12.2529690266 15.15303 14.675 14.93875 15.252
607 12.2733490467 15.15303 14.648 14.93875 15.252
608 12.2935540676 15.15303 14.623 14.93875 15.257
609 12.3138840199 15.15303 14.591 14.93875 15.258
610 12.3340520859 15.15303 14.542 14.93875 15.215
611 12.3544120789 15.15303 14.578 14.93875 15.262
612 12.3747720718 15.15303 14.568 14.93875 15.264
613 12.3949189186 15.15303 14.57 14.93875 15.27
614 12.4151790142 15.15303 14.586 14.93875 15.272
615 12.4353270531 15.15303 14.613 14.93875 15.275
616 12.455696106 15.15303 14.602 14.93875 15.235
617 12.4760570526 15.15303 14.685 14.93875 15.286
618 12.4962050915 15.15303 14.649 14.93875 15.244
619 12.5164608955 15.15303 14.683 14.93875 15.293
620 12.5366470814 15.15303 14.655 14.93875 15.288
621 12.5568220615 15.15303 14.636 14.93875 15.29
622 12.577188015 15.15303 14.619 14.93875 15.286
623 12.5973339081 15.15303 14.609 14.93875 15.286
624 12.6176929474 15.15303 14.561 14.93875 15.241
625 12.6380488873 15.15303 14.6 14.93875 15.29
626 12.6583030224 15.15303 14.56 14.93875 15.243
627 12.678661108 15.15303 14.583 14.93875 15.243
628 12.6988050938 15.15303 14.611 14.93875 15.252
629 12.7190639973 15.15303 14.619 14.93875 15.255
630 12.7393200397 15.15303 14.61 14.93875 15.258
631 12.7595169544 15.15303 14.553 14.93875 15.218
632 12.7798779011 15.15303 14.59 14.93875 15.266
633 12.8003261089 15.15303 14.534 14.93875 15.22
634 12.820472002 15.15303 14.521 14.93875 15.22
635 12.8406159878 15.15303 14.499 14.93875 15.227
636 12.8607640266 15.15303 14.479 14.93875 15.227
637 12.8811240196 15.15303 14.466 14.93875 15.233
638 12.9012720585 15.15303 14.461 14.93875 15.232
639 12.9214160442 15.15303 14.479 14.93875 15.234
640 12.9415619373 15.15303 14.503 14.93875 15.241
641 12.9617071152 15.15303 14.473 14.93875 15.197
642 12.9820609093 15.15303 14.496 14.93875 15.2
643 13.002204895 15.15303 14.533 14.93875 15.208
644 13.0224618912 15.15303 14.578 14.93875 15.212
645 13.0426580906 15.15303 14.613 14.93875 15.217
646 13.0628299713 15.15303 14.621 14.93875 15.225
647 13.0831959248 15.15303 14.596 14.93875 15.227
648 13.103564024 15.15303 14.547 14.93875 15.226
649 13.1239249706 15.15303 14.472 14.93875 15.185
650 13.1440970898 15.15303 14.5 14.93875 15.232
651 13.1642410755 15.15303 14.488 14.93875 15.233
652 13.1845929623 15.15303 14.435 14.93875 15.192
653 13.2049489021 15.15303 14.473 14.93875 15.244
654 13.2252080441 15.15303 14.431 14.93875 15.197
655 13.2454059124 15.15303 14.445 14.93875 15.198
656 13.2657680511 15.15303 14.47 14.93875 15.206
657 13.2860159874 15.15303 14.484 14.93875 15.21
658 13.3061540127 15.15303 14.489 14.93875 15.221
659 13.3262960911 15.15303 14.469 14.93875 15.223
660 13.3464939594 15.15303 14.456 14.93875 15.224
661 13.3668460846 15.15303 14.456 14.93875 15.231
662 13.386991024 15.15303 14.462 14.93875 15.232
663 13.4073569775 15.15303 14.452 14.93875 15.233
664 13.4277100563 15.15303 14.393 14.93875 15.189
665 13.4480750561 15.15303 14.417 14.93875 15.237
666 13.4682190418 15.15303 14.375 14.93875 15.194
667 13.4885950089 15.15303 14.431 14.93875 15.239
668 13.5089480877 15.15303 14.443 14.93875 15.238
669 13.5292840004 15.15303 14.46 14.93875 15.238
670 13.5495429039 15.15303 14.487 14.93875 15.245
671 13.5697960854 15.15303 14.525 14.93875 15.248
672 13.5899980068 15.15303 14.52 14.93875 15.201
673 13.6103560925 15.15303 14.561 14.93875 15.204
674 13.6307799816 15.15303 14.581 14.93875 15.212
675 13.6511421204 15.15303 14.567 14.93875 15.215
676 13.6712839603 15.15303 14.539 14.93875 15.217
677 13.6914288998 15.15303 14.465 14.93875 15.175
678 13.7118599415 15.15303 14.44 14.93875 15.175
679 13.7321019173 15.15303 14.434 14.93875 15.178
680 13.7524580956 15.15303 14.439 14.93875 15.181
681 13.7726149559 15.15303 14.443 14.93875 15.19
682 13.7928199768 15.15303 14.447 14.93875 15.194
683 13.8131730556 15.15303 14.41 14.93875 15.155
684 13.8333199024 15.15303 14.471 14.93875 15.205
685 13.853468895 15.15303 14.471 14.93875 15.206
686 13.8736131191 15.15303 14.46 14.93875 15.213
687 13.8939740658 15.15303 14.425 14.93875 15.213
688 13.9143500328 15.15303 14.351 14.93875 15.165
689 13.9344930649 15.15303 14.328 14.93875 15.166
690 13.954843998 15.15303 14.327 14.93875 15.171
691 13.9752039909 15.15303 14.321 14.93875 15.174
692 13.9953451157 15.15303 14.322 14.93875 15.176
693 14.0157089233 15.15303 14.289 14.93875 15.138
694 14.0360651016 15.15303 14.352 14.93875 15.191
695 14.0564260483 15.15303 14.337 14.93875 15.151
696 14.0767979622 15.15303 14.378 14.93875 15.156
697 14.0971550941 15.15303 14.42 14.93875 15.166
698 14.1175041199 15.15303 14.457 14.93875 15.172
699 14.1379001141 15.15303 14.496 14.93875 15.179
700 14.158190012 15.15303 14.537 14.93875 15.187
701 14.1785891056 15.15303 14.579 14.93875 15.199
702 14.1989428997 15.15303 14.604 14.93875 15.207
703 14.2192969322 15.15303 14.568 14.93875 15.163
704 14.2396531105 15.15303 14.568 14.93875 15.168
705 14.2600059509 15.15303 14.562 14.93875 15.176
706 14.2801520824 15.15303 14.566 14.93875 15.178
707 14.3002920151 15.15303 14.579 14.93875 15.182
708 14.3204360008 15.15303 14.594 14.93875 15.19
709 14.3408510685 15.15303 14.55 14.93875 15.147
710 14.3609950542 15.15303 14.558 14.93875 15.151
711 14.3813610077 15.15303 14.568 14.93875 15.157
712 14.4015059471 15.15303 14.586 14.93875 15.168
713 14.4218649864 15.15303 14.591 14.93875 15.173
714 14.4421169758 15.15303 14.54 14.93875 15.137
715 14.4622631073 15.15303 14.566 14.93875 15.188
716 14.4824049473 15.15303 14.542 14.93875 15.192
717 14.5027880669 15.15303 14.529 14.93875 15.2
718 14.5231330395 15.15303 14.512 14.93875 15.202
719 14.5435070992 15.15303 14.506 14.93875 15.204
720 14.5636498928 15.15303 14.466 14.93875 15.164
721 14.5840060711 15.15303 14.527 14.93875 15.218
722 14.6043729782 15.15303 14.556 14.93875 15.222
723 14.6247279644 15.15303 14.553 14.93875 15.179
724 14.6448709965 15.15303 14.606 14.93875 15.188
725 14.6652379036 15.15303 14.654 14.93875 15.194
726 14.685379982 15.15303 14.689 14.93875 15.201
727 14.7057330608 15.15303 14.727 14.93875 15.215
728 14.7259879112 15.15303 14.767 14.93875 15.22
729 14.746186018 15.15303 14.803 14.93875 15.233
730 14.7665529251 15.15303 14.818 14.93875 15.234
731 14.7868049145 15.15303 14.81 14.93875 15.237
732 14.8069989681 15.15303 14.791 14.93875 15.243
733 14.8273589611 15.15303 14.772 14.93875 15.244
734 14.847618103 15.15303 14.77 14.93875 15.243
735 14.868033886 15.15303 14.782 14.93875 15.25
736 14.888406992 15.15303 14.777 14.93875 15.25
737 14.9087750912 15.15303 14.77 14.93875 15.252
738 14.9291288853 15.15303 14.76 14.93875 15.258
739 14.9494791031 15.15303 14.748 14.93875 15.257
740 14.9696719646 15.15303 14.742 14.93875 15.255
741 14.9898159504 15.15303 14.733 14.93875 15.26
742 15.0101718903 15.15303 14.703 14.93875 15.261
743 15.0304229259 15.15303 14.669 14.93875 15.26
744 15.0506179333 15.15303 14.601 14.93875 15.215
745 15.070761919 15.15303 14.633 14.93875 15.261
746 15.0909059048 15.15303 14.596 14.93875 15.219
747 15.1110510826 15.15303 14.657 14.93875 15.265
748 15.1314089298 15.15303 14.676 14.93875 15.266
749 15.1515629292 15.15303 14.696 14.93875 15.273
750 15.1718308926 15.15303 14.723 14.93875 15.276
751 15.1920330524 15.15303 14.71 14.93875 15.234
752 15.2121810913 15.15303 14.792 14.93875 15.282
753 15.2323260307 15.15303 14.816 14.93875 15.285
754 15.2527289391 15.15303 14.839 14.93875 15.291
755 15.2730851173 15.15303 14.863 14.93875 15.292
756 15.2932369709 15.15303 14.882 14.93875 15.296
757 15.3133769035 15.15303 14.835 14.93875 15.248
758 15.3337349892 15.15303 14.815 14.93875 15.251
759 15.3538770676 15.15303 14.765 14.93875 15.249
760 15.3742399216 15.15303 14.71 14.93875 15.248
761 15.3944330215 15.15303 14.688 14.93875 15.253
762 15.4147930145 15.15303 14.637 14.93875 15.206
763 15.4349880219 15.15303 14.652 14.93875 15.206
764 15.4552490711 15.15303 14.671 14.93875 15.211
765 15.4756081104 15.15303 14.687 14.93875 15.221
766 15.4959630966 15.15303 14.7 14.93875 15.227
767 15.5161020756 15.15303 14.671 14.93875 15.188
768 15.5364699364 15.15303 14.731 14.93875 15.239
769 15.5568270683 15.15303 14.735 14.93875 15.242
770 15.5771729946 15.15303 14.73 14.93875 15.243
771 15.5975320339 15.15303 14.723 14.93875 15.25
772 15.61789608 15.15303 14.711 14.93875 15.252
773 15.6381080151 15.15303 14.669 14.93875 15.205
774 15.658468008 15.15303 14.69 14.93875 15.207
775 15.6786689758 15.15303 14.722 14.93875 15.215
776 15.6990299225 15.15303 14.753 14.93875 15.22
777 15.719381094 15.15303 14.79 14.93875 15.228
778 15.7398459911 15.15303 14.784 14.93875 15.191
779 15.760078907 15.15303 14.877 14.93875 15.244
780 15.7802228928 15.15303 14.917 14.93875 15.25
781 15.8003869057 15.15303 14.951 14.93875 15.259
782 15.82062006 15.15303 14.935 14.93875 15.215
783 15.8407609463 15.15303 14.96 14.93875 15.219
784 15.8609030247 15.15303 14.985 14.93875 15.23
785 15.8810489178 15.15303 15.001 14.93875 15.234
786 15.9013769627 15.15303 15.0 14.93875 15.238
787 15.9215190411 15.15303 14.996 14.93875 15.245
788 15.9418900013 15.15303 14.983 14.93875 15.247
789 15.9620320797 15.15303 14.935 14.93875 15.207
790 15.9821820259 15.15303 14.983 14.93875 15.256
791 16.0024809837 15.15303 14.98 14.93875 15.259
792 16.0226519108 15.15303 14.977 14.93875 15.266
793 16.0428240299 15.15303 14.965 14.93875 15.267
794 16.0632259846 15.15303 14.951 14.93875 15.27
795 16.0833969116 15.15303 14.898 14.93875 15.224
796 16.1037080288 15.15303 14.895 14.93875 15.232
797 16.1240758896 15.15303 14.878 14.93875 15.234
798 16.1442201138 15.15303 14.855 14.93875 15.236
799 16.1644730568 15.15303 14.848 14.93875 15.243
800 16.1846768856 15.15303 14.851 14.93875 15.248
801 16.204818964 15.15303 14.818 14.93875 15.201
802 16.2252318859 15.15303 14.842 14.93875 15.206
803 16.2454171181 15.15303 14.867 14.93875 15.214
804 16.2655649185 15.15303 14.896 14.93875 15.222
805 16.285820961 15.15303 14.926 14.93875 15.232
806 16.3060190678 15.15303 14.958 14.93875 15.236
807 16.3263809681 15.15303 14.987 14.93875 15.242
808 16.346724987 15.15303 14.954 14.93875 15.205
809 16.3669691086 15.15303 15.012 14.93875 15.257
810 16.387321949 15.15303 15.023 14.93875 15.263
811 16.407515049 15.15303 14.986 14.93875 15.224
812 16.4278459549 15.15303 15.038 14.93875 15.276
813 16.4481959343 15.15303 14.981 14.93875 15.23
814 16.4684979916 15.15303 14.96 14.93875 15.233
815 16.4888501167 15.15303 14.943 14.93875 15.241
816 16.5090470314 15.15303 14.925 14.93875 15.242
817 16.5292999744 15.15303 14.923 14.93875 15.246
818 16.5494430065 15.15303 14.88 14.93875 15.208
819 16.5698111057 15.15303 14.915 14.93875 15.262
820 16.5902359486 15.15303 14.857 14.93875 15.22
821 16.610394001 15.15303 14.838 14.93875 15.224
822 16.6306600571 15.15303 14.831 14.93875 15.235
823 16.6508040428 15.15303 14.825 14.93875 15.239
824 16.6710019112 15.15303 14.822 14.93875 15.248
825 16.6911489964 15.15303 14.804 14.93875 15.249
826 16.7112920284 15.15303 14.785 14.93875 15.252
827 16.7314329147 15.15303 14.782 14.93875 15.258
828 16.7519059181 15.15303 14.746 14.93875 15.213
829 16.77227211 15.15303 14.775 14.93875 15.218
830 16.7924380302 15.15303 14.797 14.93875 15.222
831 16.8126029968 15.15303 14.803 14.93875 15.233
832 16.8327410221 15.15303 14.8 14.93875 15.238
833 16.8530919552 15.15303 14.764 14.93875 15.201
834 16.8732349873 15.15303 14.828 14.93875 15.252
835 16.8934710026 15.15303 14.847 14.93875 15.256
836 16.9136149883 15.15303 14.87 14.93875 15.264
837 16.9339420795 15.15303 14.89 14.93875 15.267
838 16.9542980194 15.15303 14.902 14.93875 15.27
839 16.9746088982 15.15303 14.863 14.93875 15.226
840 16.994959116 15.15303 14.873 14.93875 15.232
841 17.0150990486 15.15303 14.865 14.93875 15.238
842 17.035243988 15.15303 14.848 14.93875 15.241
843 17.0555949211 15.15303 14.836 14.93875 15.25
844 17.0759530067 15.15303 14.819 14.93875 15.256
845 17.0961010456 15.15303 14.766 14.93875 15.215
846 17.116245985 15.15303 14.799 14.93875 15.266
847 17.1366009712 15.15303 14.782 14.93875 15.267
848 17.1569519043 15.15303 14.76 14.93875 15.274
849 17.1771481037 15.15303 14.723 14.93875 15.273
850 17.1975250244 15.15303 14.698 14.93875 15.272
851 17.2178869247 15.15303 14.697 14.93875 15.277
852 17.2382509708 15.15303 14.697 14.93875 15.278
853 17.2586181164 15.15303 14.7 14.93875 15.279
854 17.2788710594 15.15303 14.709 14.93875 15.286
855 17.2990250587 15.15303 14.717 14.93875 15.286
856 17.3191740513 15.15303 14.739 14.93875 15.287
857 17.3394339085 15.15303 14.772 14.93875 15.294
858 17.3597970009 15.15303 14.801 14.93875 15.297
859 17.3801651001 15.15303 14.778 14.93875 15.254
860 17.4005320072 15.15303 14.805 14.93875 15.255
861 17.420897007 15.15303 14.843 14.93875 15.262
862 17.4410989285 15.15303 14.89 14.93875 15.266
863 17.4614539146 15.15303 14.931 14.93875 15.27
864 17.4815909863 15.15303 14.955 14.93875 15.278
865 17.5019569397 15.15303 14.96 14.93875 15.282
866 17.5223178864 15.15303 14.956 14.93875 15.282
867 17.542650938 15.15303 14.907 14.93875 15.237
868 17.5628170967 15.15303 14.906 14.93875 15.242
869 17.582957983 15.15303 14.893 14.93875 15.247
870 17.6033279896 15.15303 14.874 14.93875 15.251
871 17.6234750748 15.15303 14.868 14.93875 15.26
872 17.6438469887 15.15303 14.877 14.93875 15.263
873 17.6639900208 15.15303 14.842 14.93875 15.22
874 17.6841819286 15.15303 14.851 14.93875 15.224
875 17.7043709755 15.15303 14.851 14.93875 15.232
876 17.7245850563 15.15303 14.846 14.93875 15.236
877 17.7448310852 15.15303 14.835 14.93875 15.246
878 17.7652070522 15.15303 14.814 14.93875 15.247
879 17.7854959965 15.15303 14.789 14.93875 15.246
880 17.8056919575 15.15303 14.771 14.93875 15.253
881 17.8260550499 15.15303 14.746 14.93875 15.252
882 17.8464078903 15.15303 14.735 14.93875 15.254
883 17.8667368889 15.15303 14.698 14.93875 15.211
884 17.8868820667 15.15303 14.767 14.93875 15.261
885 17.9072380066 15.15303 14.794 14.93875 15.262
886 17.9275209904 15.15303 14.773 14.93875 15.221
887 17.9478800297 15.15303 14.85 14.93875 15.274
888 17.9680280685 15.15303 14.835 14.93875 15.232
889 17.9881711006 15.15303 14.92 14.93875 15.282
890 18.0085260868 15.15303 14.952 14.93875 15.282
891 18.0288920403 15.15303 14.973 14.93875 15.29
892 18.049241066 15.15303 14.972 14.93875 15.29
893 18.0695750713 15.15303 14.952 14.93875 15.291
894 18.0898330212 15.15303 14.939 14.93875 15.295
895 18.1101970673 15.15303 14.921 14.93875 15.291
896 18.1304531097 15.15303 14.907 14.93875 15.291
897 18.1505999565 15.15303 14.895 14.93875 15.296
898 18.1709570885 15.15303 14.881 14.93875 15.297
899 18.1911020279 15.15303 14.832 14.93875 15.249
900 18.2114639282 15.15303 14.843 14.93875 15.251
901 18.2316040993 15.15303 14.856 14.93875 15.257
902 18.2519729137 15.15303 14.845 14.93875 15.26
903 18.2721319199 15.15303 14.822 14.93875 15.261
904 18.2923419476 15.15303 14.751 14.93875 15.22
905 18.3125889301 15.15303 14.716 14.93875 15.219
906 18.3327898979 15.15303 14.688 14.93875 15.218
907 18.3529279232 15.15303 14.67 14.93875 15.223
908 18.3733069897 15.15303 14.641 14.93875 15.221
909 18.3934490681 15.15303 14.621 14.93875 15.219
910 18.4138050079 15.15303 14.62 14.93875 15.225
911 18.4340610504 15.15303 14.628 14.93875 15.228
912 18.4542601109 15.15303 14.656 14.93875 15.23
913 18.4746179581 15.15303 14.648 14.93875 15.191
914 18.4947679043 15.15303 14.727 14.93875 15.243
915 18.5149140358 15.15303 14.703 14.93875 15.203
916 18.5357549191 15.15303 14.768 14.93875 15.252
917 18.5559279919 15.15303 14.785 14.93875 15.251
918 18.5761599541 15.15303 14.798 14.93875 15.25
919 18.596421957 15.15303 14.754 14.93875 15.208
920 18.616754055 15.15303 14.778 14.93875 15.255
921 18.6370100975 15.15303 14.718 14.93875 15.21
922 18.6571481228 15.15303 14.754 14.93875 15.255
923 18.6773469448 15.15303 14.757 14.93875 15.253
924 18.6977050304 15.15303 14.765 14.93875 15.256
925 18.7180700302 15.15303 14.758 14.93875 15.257
926 18.7383270264 15.15303 14.741 14.93875 15.26
927 18.7585339546 15.15303 14.688 14.93875 15.219
928 18.7788050175 15.15303 14.723 14.93875 15.269
929 18.7991199493 15.15303 14.723 14.93875 15.27
930 18.8194320202 15.15303 14.665 14.93875 15.224
931 18.8395950794 15.15303 14.643 14.93875 15.23
932 18.8599479198 15.15303 14.609 14.93875 15.23
933 18.8801209927 15.15303 14.566 14.93875 15.23
934 18.9002621174 15.15303 14.539 14.93875 15.234
935 18.9207088947 15.15303 14.467 14.93875 15.186
936 18.9408609867 15.15303 14.432 14.93875 15.188
937 18.9610309601 15.15303 14.406 14.93875 15.192
938 18.9811758995 15.15303 14.384 14.93875 15.196
939 19.001347065 15.15303 14.385 14.93875 15.197
940 19.0215959549 15.15303 14.414 14.93875 15.206
941 19.041793108 15.15303 14.446 14.93875 15.21
942 19.0619370937 15.15303 14.42 14.93875 15.173
943 19.0820848942 15.15303 14.465 14.93875 15.221
944 19.1022338867 15.15303 14.457 14.93875 15.224
945 19.122494936 15.15303 14.453 14.93875 15.229
946 19.1428170204 15.15303 14.451 14.93875 15.23
947 19.1629669666 15.15303 14.403 14.93875 15.187
948 19.1831190586 15.15303 14.432 14.93875 15.235
949 19.203263998 15.15303 14.418 14.93875 15.237
950 19.2236170769 15.15303 14.417 14.93875 15.241
951 19.2438750267 15.15303 14.426 14.93875 15.243
952 19.2640419006 15.15303 14.449 14.93875 15.252
953 19.2843821049 15.15303 14.466 14.93875 15.252
954 19.3045520782 15.15303 14.469 14.93875 15.254
955 19.3248069286 15.15303 14.464 14.93875 15.262
956 19.3450911045 15.15303 14.441 14.93875 15.261
957 19.3652360439 15.15303 14.414 14.93875 15.262
958 19.385488987 15.15303 14.383 14.93875 15.266
959 19.4056930542 15.15303 14.332 14.93875 15.262
960 19.4258630276 15.15303 14.244 14.93875 15.217
961 19.4461209774 15.15303 14.237 14.93875 15.262
962 19.4662659168 15.15303 14.199 14.93875 15.256
963 19.4864690304 15.15303 14.2 14.93875 15.258
964 19.5068619251 15.15303 14.216 14.93875 15.255
965 19.5270280838 15.15303 14.194 14.93875 15.211
966 19.54728508 15.15303 14.259 14.93875 15.258
967 19.5674860477 15.15303 14.289 14.93875 15.255
968 19.587831974 15.15303 14.337 14.93875 15.258
969 19.6080830097 15.15303 14.397 14.93875 15.258
970 19.6282820702 15.15303 14.463 14.93875 15.259
971 19.6486520767 15.15303 14.519 14.93875 15.265
972 19.6689128876 15.15303 14.556 14.93875 15.265
973 19.6891469955 15.15303 14.578 14.93875 15.264
974 19.709291935 15.15303 14.548 14.93875 15.219
975 19.72965312 15.15303 14.554 14.93875 15.216
976 19.7499051094 15.15303 14.544 14.93875 15.214
977 19.7701120377 15.15303 14.53 14.93875 15.213
978 19.7903149128 15.15303 14.526 14.93875 15.218
979 19.8104610443 15.15303 14.539 14.93875 15.22
980 19.8306090832 15.15303 14.521 14.93875 15.18
981 19.8509759903 15.15303 14.599 14.93875 15.23
982 19.8712170124 15.15303 14.618 14.93875 15.235
983 19.8914299011 15.15303 14.586 14.93875 15.196
984 19.9118390083 15.15303 14.633 14.93875 15.247
985 19.9321000576 15.15303 14.59 14.93875 15.201
986 19.9523580074 15.15303 14.593 14.93875 15.203
987 19.9725089073 15.15303 14.592 14.93875 15.211
988 19.9928719997 15.15303 14.571 14.93875 15.214
989 20.0132319927 15.15303 14.54 14.93875 15.216
990 20.0333800316 15.15303 14.478 14.93875 15.176
991 20.0536379814 15.15303 14.52 14.93875 15.225
992 20.0738968849 15.15303 14.487 14.93875 15.177
993 20.0940430164 15.15303 14.495 14.93875 15.18
994 20.1144011021 15.15303 14.512 14.93875 15.189
995 20.1345479488 15.15303 14.533 14.93875 15.194
996 20.154804945 15.15303 14.568 14.93875 15.206
997 20.1750059128 15.15303 14.614 14.93875 15.209
998 20.1952590942 15.15303 14.652 14.93875 15.215
999 20.2154560089 15.15303 14.671 14.93875 15.224
1000 20.2358310223 15.15303 14.664 14.93875 15.225
