### Ensaio do Controlador Klancar com Laser (Quadrado) ###

# Parâmetros #

# Número do Ensaio: 2
# Frequência: 10.0 Hz
# Lado: 2.00 m
# Velocidade Linear da Base: 0.20 m/s
# Parâmetro ksi: 0.80
# Parâmetro w_n: 1.10
# Parâmetro g: 30.00

* 1 0.0 0.0 0.0 0.0 0.2 0.0 0.0 0.0 0.0 0.0                                0.0 0.2 0.0 0.0 0.0 0.0
* 2 0.100425958633 0.02 0.0 0 0.2 0.0 -0.00192832946777 -0.000181198120117 0.00125221058261 0.0                                0.0 0.238434260984 -0.00127233015101 0.0219283294678 0.000181198120117 -0.00125221058261
* 3 0.200835943222 0.04 0.0 0 0.2 0.0 -0.00191402435303 2.86102294922e-06 0.00103990244679 0.032                                0.005 0.273463068089 -0.00210133474884 0.041914024353 -2.86102294922e-06 -0.00103990244679
* 4 0.301399946213 0.06 0.0 0 0.2 0.0 -0.00236034393311 0.000885009765625 0.00191985489801 0.089                                -0.0 0.309296186582 -0.00939333830818 0.0623603439331 -0.000885009765625 -0.00191985489801
* 5 0.401957988739 0.08 0.0 0 0.2 0.0 0.0129842758179 0.0042405128479 0.00193504046183 0.139                                0.001 0.317444299968 -0.0296126667888 0.0670157241821 -0.0042405128479 -0.00193504046183
* 6 0.503403902054 0.1 0.0 0 0.2 0.0 0.0472364425659 0.00296640396118 0.00281423586421 0.179                                0.007 0.292463539877 -0.0236218321719 0.0527635574341 -0.00296640396118 -0.00281423586421
* 7 0.604163885117 0.12 0.0 0 0.2 0.0 0.0757646560669 0.00595712661743 0.00411489186808 0.207                                0.004 0.277486512655 -0.044046817074 0.0442353439331 -0.00595712661743 -0.00411489186808
* 8 0.704701900482 0.14 0.0 0 0.2 0.0 0.102728366852 0.0061731338501 0.00532942498103 0.224                                0.002 0.265265014893 -0.0475710377925 0.0372716331482 -0.0061731338501 -0.00532942498103
* 9 0.80529999733 0.16 0.0 0 0.2 0.0 0.131326198578 0.007399559021 0.00733281159773 0.239                                -0.004 0.250155092411 -0.0585100149322 0.0286738014221 -0.007399559021 -0.00733281159773
* 10 0.905719041824 0.18 0.0 0 0.2 0.0 0.158215522766 0.00811767578125 0.00739754876122 0.246                                -0.022 0.23807015061 -0.0626373974274 0.0217844772339 -0.00811767578125 -0.00739754876122
* 11 1.00611591339 0.2 0.0 0 0.2 0.0 0.182580471039 0.00935077667236 0.00613643834367 0.245                                -0.035 0.230426509424 -0.0675003731214 0.0174195289612 -0.00935077667236 -0.00613643834367
* 12 1.10676503181 0.22 0.0 0 0.2 0.0 0.206593990326 0.00937271118164 0.00899849552661 0.241                                -0.046 0.223340005682 -0.0727295567855 0.0134060096741 -0.00937271118164 -0.00899849552661
* 13 1.20747804642 0.24 0.0 0 0.2 0.0 0.228144168854 0.0109992027283 0.00729720760137 0.235                                -0.056 0.220633304042 -0.0793024461123 0.0118558311462 -0.0109992027283 -0.00729720760137
* 14 1.30808186531 0.26 0.0 0 0.2 0.0 0.248970031738 0.0114212036133 0.00487568881363 0.23                                -0.063 0.21923215119 -0.0773947572229 0.0110299682617 -0.0114212036133 -0.00487568881363
* 15 1.40949201584 0.28 0.0 0 0.2 0.0 0.269182682037 0.0111541748047 0.00494655966759 0.226                                -0.068 0.218860261061 -0.0759151751952 0.0108173179626 -0.0111541748047 -0.00494655966759
* 16 1.50992488861 0.3 0.0 0 0.2 0.0 0.289451599121 0.0118932723999 0.00552218453959 0.224                                -0.07 0.218369867381 -0.0813868460093 0.0105484008789 -0.0118932723999 -0.00552218453959
* 17 1.61050391197 0.32 0.0 0 0.2 0.0 0.310076236725 0.0135583877563 0.00282974704169 0.221                                -0.074 0.217325384537 -0.0864782231646 0.00992376327515 -0.0135583877563 -0.00282974704169
* 18 1.71107196808 0.34 0.0 0 0.2 0.0 0.332155704498 0.0163497924805 6.28177499772 0.219                                -0.076 0.213788994223 1.0 0.00784429550171 -0.0163497924805 6.28177499772
* 19 1.81246685982 0.36 0.0 0 0.2 0.0 0.353815555573 0.0161666870117 6.28221702577 0.207                                0.032 0.210866889043 1.0 0.00618444442749 -0.0161666870117 6.28221702577
* 20 1.91288805008 0.38 0.0 0 0.2 0.0 0.37228012085 0.0166831016541 0.00373298535123 0.177                                0.263 0.213420083693 -0.10681367016 0.00771987915039 -0.0166831016541 -0.00373298535123
* 21 2.01332497597 0.4 0.0 0 0.2 0.0 0.390899658203 0.019953250885 0.0224716365337 0.172                                0.281 0.215109938746 -0.160302484259 0.00910034179688 -0.019953250885 -0.0224716365337
* 22 2.11388492584 0.42 0.0 0 0.2 0.0 0.411554813385 0.022274017334 0.0405078828335 0.187                                0.134 0.213044779591 -0.206585149729 0.00844518661499 -0.022274017334 -0.0405078828335
* 23 2.21448993683 0.44 0.0 0 0.2 0.0 0.427814483643 0.0234289169312 0.0409976355731 0.197                                0.022 0.219488637946 -0.215309059648 0.0121855163574 -0.0234289169312 -0.0409976355731
* 24 2.31509995461 0.46 0.0 0 0.2 0.0 0.450078010559 0.0233359336853 0.0369576103985 0.203                                -0.062 0.215730680104 -0.206895703132 0.00992198944092 -0.0233359336853 -0.0369576103985
* 25 2.4161529541 0.48 0.0 0 0.2 0.0 0.47344493866 0.0219130516052 0.0250506121665 0.208                                -0.119 0.21046075606 -0.176328718203 0.00655506134033 -0.0219130516052 -0.0250506121665
* 26 2.51675391197 0.5 0.0 0 0.2 0.0 0.493555545807 0.0263948440552 0.0117615498602 0.21                                -0.147 0.210736551969 -0.179427492414 0.00644445419312 -0.0263948440552 -0.0117615498602
* 27 2.61742091179 0.52 0.0 0 0.2 0.0 0.511137485504 0.0267515182495 0.00610018707812 0.21                                -0.156 0.215243404864 -0.171522371234 0.00886251449585 -0.0267515182495 -0.00610018707812
* 28 2.71786403656 0.54 0.0 0 0.2 0.0 0.534470558167 0.0270676612854 0.00501458346844 0.211                                -0.164 0.209450983654 -0.171359413714 0.0055294418335 -0.0270676612854 -0.00501458346844
* 29 2.81840991974 0.56 0.0 0 0.2 0.0 0.556392669678 0.028621673584 6.27734947182 0.21                                -0.167 0.206611854719 1.0 0.00360733032227 -0.028621673584 6.27734947182
* 30 2.91897988319 0.58 0.0 0 0.2 0.0 0.577584266663 0.0253410339355 6.26791238809 0.2                                -0.04 0.204888594246 1.0 0.0024157333374 -0.0253410339355 6.26791238809
* 31 3.01958489418 0.6 0.0 0 0.2 0.0 0.594849586487 0.0302085876465 6.27190065408 0.171                                0.223 0.209611358933 1.0 0.00515041351318 -0.0302085876465 6.27190065408
* 32 3.1201710701 0.62 0.0 0 0.2 0.0 0.613913536072 0.0316390991211 0.0145693309605 0.156                                0.383 0.209837558622 -0.215882326733 0.00608646392822 -0.0316390991211 -0.0145693309605
* 33 3.22059488297 0.64 0.0 0 0.2 0.0 0.632281303406 0.0312585830688 0.0616418495774 0.157                                0.373 0.209748055563 -0.298088671523 0.00771869659424 -0.0312585830688 -0.0616418495774
* 34 3.32101798058 0.66 0.0 0 0.2 0.0 0.64889383316 0.0326027870178 0.098537825048 0.169                                0.171 0.212779632434 -0.373931890934 0.0111061668396 -0.0326027870178 -0.098537825048
* 35 3.42146205902 0.68 0.0 0 0.2 0.0 0.662004947662 0.0354981422424 0.0953328534961 0.178                                0.021 0.224566343214 -0.389390315139 0.0179950523376 -0.0354981422424 -0.0953328534961
* 36 3.52188396454 0.7 0.0 0 0.2 0.0 0.680097103119 0.0375633239746 0.0805338919163 0.184                                -0.089 0.228826330461 -0.375408952327 0.0199028968811 -0.0375633239746 -0.0805338919163
* 37 3.6230969429 0.72 0.0 0 0.2 0.0 0.700235843658 0.0365014076233 0.0552538670599 0.191                                -0.147 0.230749642136 -0.322067284424 0.0197641563416 -0.0365014076233 -0.0552538670599
* 38 3.72350406647 0.74 0.0 0 0.2 0.0 0.721398830414 0.0375452041626 0.0387926399708 0.199                                -0.192 0.229875354591 -0.29742252216 0.0186011695862 -0.0375452041626 -0.0387926399708
* 39 3.8239569664 0.76 0.0 0 0.2 0.0 0.741909980774 0.0397491455078 0.0222849808633 0.206                                -0.216 0.230096624748 -0.279913426464 0.0180900192261 -0.0397491455078 -0.0222849808633
* 40 3.9243888855 0.78 0.0 0 0.2 0.0 0.761500358582 0.0404977798462 0.00884572230279 0.213                                -0.231 0.231787584131 -0.25946302127 0.0184996414185 -0.0404977798462 -0.00884572230279
* 41 4.02480006218 0.8 0.0 0 0.2 0.0 0.786477565765 0.0428237915039 6.28046894075 0.217                                -0.238 0.223903994123 1.0 0.0135224342346 -0.0428237915039 6.28046894075
* 42 4.1252219677 0.82 0.0 0 0.2 0.0 0.807765960693 0.0428276062012 6.26578140283 0.209                                -0.108 0.222715562407 1.0 0.0122340393066 -0.0428276062012 6.26578140283
* 43 4.22564005852 0.84 0.0 0 0.2 0.0 0.828741550446 0.0393486022949 6.25836467767 0.181                                0.154 0.221376763485 1.0 0.0112584495544 -0.0393486022949 6.25836467767
* 44 4.32606291771 0.86 0.0 0 0.2 0.0 0.850281238556 0.0455145835876 6.28039455415 0.17                                0.262 0.217255975579 1.0 0.00971876144409 -0.0455145835876 6.28039455415
* 45 4.42650794983 0.88 0.0 0 0.2 0.0 0.864569187164 0.0456285476685 0.0446749925613 0.157                                0.417 0.223247599523 -0.355935384285 0.0154308128357 -0.0456285476685 -0.0446749925613
* 46 4.52689886093 0.9 0.0 0 0.2 0.0 0.882313251495 0.0422201156616 0.0973101109266 0.154                                0.422 0.222717383234 -0.432989184625 0.0176867485046 -0.0422201156616 -0.0973101109266
* 47 4.62731289864 0.92 0.0 0 0.2 0.0 0.896443843842 0.0475554466248 0.130186319351 0.167                                0.16 0.228424787658 -0.529445467661 0.0235561561584 -0.0475554466248 -0.130186319351
* 48 4.72772097588 0.94 0.0 0 0.2 0.0 0.910801410675 0.0488333702087 0.126889124513 0.172                                0.058 0.238325928973 -0.535215017913 0.029198589325 -0.0488333702087 -0.126889124513
* 49 4.8281390667 0.96 0.0 0 0.2 0.0 0.928668022156 0.0536651611328 0.102322898805 0.179                                -0.105 0.243974958176 -0.518851733474 0.0313319778442 -0.0536651611328 -0.102322898805
* 50 4.92852187157 0.98 0.0 0 0.2 0.0 0.947195529938 0.0555510520935 0.0659467428923 0.184                                -0.171 0.250520822011 -0.461138146315 0.0328044700623 -0.0555510520935 -0.0659467428923
* 51 5.02890896797 1.0 0.0 0 0.2 0.0 0.965821743011 0.0581617355347 0.0404366701841 0.193                                -0.228 0.25557116568 -0.427849061379 0.0341782569885 -0.0581617355347 -0.0404366701841
* 52 5.12935185432 1.02 0.0 0 0.2 0.0 0.985511779785 0.0548162460327 0.0169633831829 0.201                                -0.245 0.258780737361 -0.362092137569 0.0344882202148 -0.0548162460327 -0.0169633831829
* 53 5.22977900505 1.04 0.0 0 0.2 0.0 1.0046081543 0.0555968284607 6.28256368638 0.211                                -0.247 0.262092242536 1.0 0.0353918457031 -0.0555968284607 6.28256368638
* 54 5.33022904396 1.06 0.0 0 0.2 0.0 1.02617263794 0.0593881607056 6.26780843759 0.217                                -0.233 0.260859496674 1.0 0.0338273620605 -0.0593881607056 6.26780843759
* 55 5.43068695068 1.08 0.0 0 0.2 0.0 1.0476975441 0.0600233078003 6.26153945947 0.19                                0.065 0.258833835297 1.0 0.0323024559021 -0.0600233078003 6.26153945947
* 56 5.53114700317 1.1 0.0 0 0.2 0.0 1.07241487503 0.056321144104 6.2795610428 0.178                                0.197 0.248704921156 1.0 0.0275851249695 -0.056321144104 6.2795610428
* 57 5.63156986237 1.12 0.0 0 0.2 0.0 1.08686113358 0.0586042404175 0.0314075909555 0.168                                0.337 0.254730070927 -0.41274434109 0.0331388664246 -0.0586042404175 -0.0314075909555
* 58 5.73201704025 1.14 0.0 0 0.2 0.0 1.1029715538 0.0612020492554 0.0802836790681 0.168                                0.349 0.255444216276 -0.524561210324 0.0370284461975 -0.0612020492554 -0.0802836790681
* 59 5.83249497414 1.16 0.0 0 0.2 0.0 1.1184887886 0.0613570213318 0.11807320267 0.18                                0.126 0.25818987083 -0.601867148807 0.0415112113953 -0.0613570213318 -0.11807320267
* 60 5.93293499947 1.18 0.0 0 0.2 0.0 1.13117647171 0.0645117759705 0.117642447352 0.184                                0.036 0.270328500038 -0.624971494199 0.0488235282898 -0.0645117759705 -0.117642447352
* 61 6.0334649086 1.2 0.0 0 0.2 0.0 1.15237951279 0.0689506530762 0.0997395738959 0.189                                -0.107 0.270022606696 -0.614913287186 0.0476204872131 -0.0689506530762 -0.0997395738959
* 62 6.13391304016 1.22 0.0 0 0.2 0.0 1.17242717743 0.0705351829529 0.0736108794808 0.193                                -0.166 0.273521912076 -0.572075996867 0.0475728225708 -0.0705351829529 -0.0736108794808
* 63 6.234375 1.24 0.0 0 0.2 0.0 1.19447994232 0.0742363929749 0.0546672604978 0.199                                -0.219 0.272256106021 -0.555492234101 0.0455200576782 -0.0742363929749 -0.0546672604978
* 64 6.33480787277 1.26 0.0 0 0.2 0.0 1.21403169632 0.0753927230835 0.0407097265124 0.205                                -0.24 0.274958778405 -0.534559024279 0.0459683036804 -0.0753927230835 -0.0407097265124
* 65 6.43522405624 1.28 0.0 0 0.2 0.0 1.23507356644 0.0728149414062 0.0281183496118 0.21                                -0.261 0.275044828677 -0.493578866464 0.0449264335632 -0.0728149414062 -0.0281183496118
* 66 6.53561401367 1.3 0.0 0 0.2 0.0 1.25836610794 0.0746626853943 0.0144694615155 0.215                                -0.269 0.271050215449 -0.476904413217 0.0416338920593 -0.0746626853943 -0.0144694615155
* 67 6.63608407974 1.32 0.0 0 0.2 0.0 1.28227758408 0.0747900009155 0.00109837658238 0.22                                -0.268 0.26597239643 -0.450913473285 0.0377224159241 -0.0747900009155 -0.00109837658238
* 68 6.73650693893 1.34 0.0 0 0.2 0.0 1.30491018295 0.076048374176 6.27227640176 0.223                                -0.269 0.262940819199 1.0 0.0350898170471 -0.076048374176 6.27227640176
* 69 6.83720088005 1.36 0.0 0 0.2 0.0 1.32666826248 0.0737524032593 6.26354217554 0.217                                -0.153 0.260910128085 1.0 0.0333317375183 -0.0737524032593 6.26354217554
* 70 6.93767094612 1.38 0.0 0 0.2 0.0 1.34674453735 0.0745115280151 6.25971269632 0.196                                0.052 0.261281281662 1.0 0.0332554626465 -0.0745115280151 6.25971269632
* 71 7.03822994232 1.4 0.0 0 0.2 0.0 1.36837148666 0.075457572937 6.2780485151 0.182                                0.229 0.256111676192 1.0 0.0316285133362 -0.075457572937 6.2780485151
* 72 7.13905906677 1.42 0.0 0 0.2 0.0 1.38579559326 0.0780982971191 0.0313634239137 0.175                                0.321 0.255530196903 -0.529765937956 0.0342044067383 -0.0780982971191 -0.0313634239137
* 73 7.23962688446 1.44 0.0 0 0.2 0.0 1.39945983887 0.0793266296387 0.0688254907727 0.171                                0.353 0.260851780937 -0.612192165634 0.0405401611328 -0.0793266296387 -0.0688254907727
* 74 7.340061903 1.46 0.0 0 0.2 0.0 1.41935968399 0.0829148292542 0.102344013751 0.176                                0.182 0.254964262543 -0.69917764058 0.0406403160095 -0.0829148292542 -0.102344013751
* 75 7.44056892395 1.48 0.0 0 0.2 0.0 1.43233633041 0.0833115577698 0.10332069546 0.182                                -0.014 0.266968436554 -0.707790384547 0.0476636695862 -0.0833115577698 -0.10332069546
* 76 7.54141688347 1.5 0.0 0 0.2 0.0 1.44634914398 0.0861587524414 0.0919924750924 0.183                                -0.137 0.278918899851 -0.705574104412 0.0536508560181 -0.0861587524414 -0.0919924750924
* 77 7.64182400703 1.52 0.0 0 0.2 0.0 1.46556377411 0.0885262489319 0.0716830343008 0.187                                -0.201 0.283539491893 -0.678826017561 0.0544362258911 -0.0885262489319 -0.0716830343008
* 78 7.74225497246 1.54 0.0 0 0.2 0.0 1.4843878746 0.0880584716797 0.051478035748 0.194                                -0.253 0.289136317173 -0.635046335889 0.0556121253967 -0.0880584716797 -0.051478035748
* 79 7.84263086319 1.56 0.0 0 0.2 0.0 1.50455904007 0.0902814865112 0.0343500114977 0.2                                -0.271 0.291562353315 -0.612999197232 0.0554409599304 -0.0902814865112 -0.0343500114977
* 80 7.94302797318 1.58 0.0 0 0.2 0.0 1.52479028702 0.0914182662964 0.0179086700082 0.208                                -0.276 0.293849797123 -0.585742463211 0.0552097129822 -0.0914182662964 -0.0179086700082
* 81 8.04345989227 1.6 0.0 0 0.2 0.0 1.54692745209 0.0904898643494 0.00631027668715 0.213                                -0.276 0.292014247195 -0.555997876593 0.0530725479126 -0.0904898643494 -0.00631027668715
* 82 8.14386296272 1.62 0.0 0 0.2 0.0 1.56734466553 0.0931901931763 6.28068590165 0.22                                -0.272 0.292696974757 1.0 0.0526553344727 -0.0931901931763 6.28068590165
* 83 8.24431204796 1.64 0.0 0 0.2 0.0 1.58822870255 0.0946822166443 6.26893377328 0.221                                -0.217 0.293075630369 1.0 0.0517712974548 -0.0946822166443 6.26893377328
* 84 8.34471201897 1.66 0.0 0 0.2 0.0 1.60888767242 0.0922431945801 6.26194763208 0.198                                0.064 0.29295325405 1.0 0.0511123275757 -0.0922431945801 6.26194763208
* 85 8.44514203072 1.68 0.0 0 0.2 0.0 1.63533115387 0.0921125411987 6.27139854455 0.191                                0.176 0.280175190596 1.0 0.0446688461304 -0.0921125411987 6.27139854455
* 86 8.54557490349 1.7 0.0 0 0.2 0.0 1.65156459808 0.0949234962463 0.0114806490019 0.183                                0.289 0.282964509475 -0.592962062816 0.0484354019165 -0.0949234962463 -0.0114806490019
* 87 8.64600300789 1.72 0.0 0 0.2 0.0 1.67057991028 0.0979208946228 0.0389126390219 0.181                                0.294 0.279725442459 -0.666818751845 0.0494200897217 -0.0979208946228 -0.0389126390219
* 88 8.74643707275 1.74 0.0 0 0.2 0.0 1.68871974945 0.101049900055 0.0634252950549 0.188                                0.081 0.278070844108 -0.735748304426 0.0512802505493 -0.101049900055 -0.0634252950549
* 89 8.84688591957 1.76 0.0 0 0.2 0.0 1.70369338989 0.102348327637 0.0631851032376 0.19                                -0.027 0.286766186929 -0.744942073525 0.0563066101074 -0.102348327637 -0.0631851032376
* 90 8.9472990036 1.78 0.0 0 0.2 0.0 1.71990680695 0.103376865387 0.0485198050737 0.191                                -0.123 0.296178897925 -0.722059885261 0.0600931930542 -0.103376865387 -0.0485198050737
* 91 9.04771399498 1.8 0.0 0 0.2 0.0 1.73938941956 0.105024814606 0.0274190288037 0.195                                -0.196 0.30107118156 -0.68793974452 0.0606105804443 -0.105024814606 -0.0274190288037
* 92 9.14815807343 1.82 0.0 0 0.2 0.0 1.75761795044 0.106362819672 0.00479912338778 0.2                                -0.229 0.308439550553 -0.648377318988 0.0623820495605 -0.106362819672 -0.00479912338778
* 93 9.24855709076 1.84 0.0 0 0.2 0.0 1.77867889404 0.106988430023 6.27238130594 0.208                                -0.251 0.309486230389 1.0 0.061321105957 -0.106988430023 6.27238130594
* 94 9.34907197952 1.86 0.0 0 0.2 0.0 1.80005836487 0.107038974762 6.26205205942 0.214                                -0.242 0.308956796726 1.0 0.0599416351318 -0.107038974762 6.26205205942
* 95 9.45087885857 1.88 0.0 0 0.2 0.0 1.81757450104 0.105229854584 6.253813267 0.198                                0.006 0.314697005045 1.0 0.0624254989624 -0.105229854584 6.253813267
* 96 9.55131793022 1.9 0.0 0 0.2 0.0 1.84188079834 0.105896949768 6.26705026651 0.192                                0.123 0.304821584391 1.0 0.0581192016602 -0.105896949768 6.26705026651
* 97 9.65175390244 1.92 0.0 0 0.2 0.0 1.86389160156 0.10809469223 0.000140598844155 0.187                                0.23 0.298315232918 -0.648861908934 0.0561083984375 -0.10809469223 -0.000140598844155
* 98 9.75215601921 1.94 0.0 0 0.2 0.0 1.88499355316 0.109248161316 0.0223357286304 0.188                                0.235 0.292060032564 -0.701844613168 0.0550064468384 -0.109248161316 -0.0223357286304
* 99 9.852602005 1.96 0.0 0 0.2 0.0 1.90512371063 0.114126682281 0.0450789406896 0.194                                0.043 0.286867312148 -0.777912429376 0.0548762893677 -0.114126682281 -0.0450789406896
* 100 9.95301198959 1.98 0.0 0 0.2 0.0 1.92008686066 0.113935947418 0.0440439209342 0.196                                -0.03 0.295922105132 -0.775976785789 0.0599131393433 -0.113935947418 -0.0440439209342
* 101 10.0534589291 2.0 0.0 0 0.2 0.0 1.93353557587 0.115163326263 0.0341267883778 0.196                                -0.155 0.309421631422 -0.763998726297 0.0664644241333 -0.115163326263 -0.0341267883778
* 102 10.1538739204 2.0 0.02 1.57079632679 0.2 0.0 1.95529174805 0.115258216858 0.0132332220674 0.198                                -0.206 0.0787910465894 1.0 0.0447082519531 -0.0952582168579 1.55756310473
* 103 10.2543230057 2.0 0.04 1.57079632679 0.2 0.0 1.97260856628 0.115591526031 6.27409696603 0.182                                -0.099 0.0473937731406 1.0 0.0273914337158 -0.0755915260315 4.70330063924
* 104 10.3547379971 2.0 0.06 1.57079632679 0.2 0.0 1.98845767975 0.113698482513 6.25950050378 0.143                                0.181 0.0177171310295 1.0 0.0115423202515 -0.0536984825134 4.68870417699
* 105 10.4552359581 2.0 0.08 1.57079632679 0.2 0.0 2.00368022919 0.112196922302 6.27752447106 0.103                                0.486 -0.00726299011517 1.0 -0.00368022918701 -0.0321969223022 4.70672814427
* 106 10.5556740761 2.0 0.1 1.57079632679 0.2 0.0 2.00873088837 0.114210605621 0.0491859652102 0.076                                0.646 -0.00667558636926 1.0 -0.0087308883667 -0.0142106056213 1.52161036158
* 107 10.6561250687 2.0 0.12 1.57079632679 0.2 0.0 2.01533222198 0.117018699646 0.12466698885 0.04                                0.799 -0.00114580794259 1.0 -0.0153322219849 0.002981300354 1.44612933795
* 108 10.7565748692 2.0 0.14 1.57079632679 0.2 0.0 2.01865196228 0.115458011627 0.202197387815 0.025                                0.864 0.0167773539704 1.0 -0.0186519622803 0.0245419883728 1.36859893898
* 109 10.8570330143 2.0 0.16 1.57079632679 0.2 0.0 2.01692485809 0.115777015686 0.26303383708 0.016                                0.917 0.0435116447222 1.0 -0.0169248580933 0.044222984314 1.30776248971
* 110 10.9581558704 2.0 0.18 1.57079632679 0.2 0.0 2.01438999176 0.116779327393 0.316704779863 0.016                                0.944 0.072829806698 1.0 -0.0143899917603 0.0632206726074 1.25409154693
* 111 11.0593650341 2.0 0.2 1.57079632679 0.2 0.0 2.01613426208 0.117677211761 0.377609372139 0.029                                0.967 0.100652362569 1.0 -0.016134262085 0.0823227882385 1.19318695466
* 112 11.1604809761 2.0 0.22 1.57079632679 0.2 0.0 2.02198505402 0.122561454773 0.439317077398 0.048                                0.957 0.12282701253 1.0 -0.0219850540161 0.0974385452271 1.1314792494
* 113 11.2610349655 2.0 0.24 1.57079632679 0.2 0.0 2.02529239655 0.122442722321 0.50196236372 0.059                                0.935 0.15650507655 1.0 -0.0252923965454 0.117557277679 1.06883396307
* 114 11.3616130352 2.0 0.26 1.57079632679 0.2 0.0 2.03413963318 0.131614685059 0.565475046635 0.079                                0.887 0.177211891502 1.0 -0.0341396331787 0.128385314941 1.00532128016
* 115 11.462045908 2.0 0.28 1.57079632679 0.2 0.0 2.04449176788 0.137934684753 0.611233830452 0.088                                0.856 0.193809125247 1.0 -0.0444917678833 0.142065315247 0.959562496343
* 116 11.5625050068 2.0 0.3 1.57079632679 0.2 0.0 2.05168628693 0.142496585846 0.653820633888 0.106                                0.803 0.217641584288 1.0 -0.0516862869263 0.157503414154 0.916975692907
* 117 11.6631369591 2.0 0.32 1.57079632679 0.2 0.0 2.06376361847 0.154831886292 0.697099030018 0.115                                0.769 0.228565400489 1.0 -0.0637636184692 0.165168113708 0.873697296777
* 118 11.7636919022 2.0 0.34 1.57079632679 0.2 0.0 2.07365036011 0.163641929626 0.734766542912 0.13                                0.712 0.245529485376 1.0 -0.0736503601074 0.176358070374 0.836029783883
* 119 11.8642618656 2.0 0.36 1.57079632679 0.2 0.0 2.08193397522 0.17417383194 0.77553665638 0.138                                0.681 0.265500402331 1.0 -0.0819339752197 0.18582616806 0.795259670415
* 120 11.9651210308 2.0 0.38 1.57079632679 0.2 0.0 2.09653949738 0.188426017761 0.808634161949 0.15                                0.632 0.270714832165 1.0 -0.0965394973755 0.191573982239 0.762162164846
* 121 12.0655648708 2.0 0.4 1.57079632679 0.2 0.0 2.10519313812 0.20104598999 0.842956364155 0.156                                0.608 0.287017532339 1.0 -0.105193138123 0.19895401001 0.72783996264
* 122 12.166107893 2.0 0.42 1.57079632679 0.2 0.0 2.11638641357 0.215815544128 0.87954390049 0.166                                0.568 0.299769647036 1.0 -0.116386413574 0.204184455872 0.691252426305
* 123 12.2667319775 2.0 0.44 1.57079632679 0.2 0.0 2.13052558899 0.233248710632 0.90752530098 0.171                                0.538 0.302286563125 1.0 -0.130525588989 0.206751289368 0.663271025815
* 124 12.3678538799 2.0 0.46 1.57079632679 0.2 0.0 2.13903427124 0.24957036972 0.930224657059 0.179                                0.499 0.310415389092 1.0 -0.13903427124 0.21042963028 0.640571669736
* 125 12.4696369171 2.0 0.48 1.57079632679 0.2 0.0 2.15005207062 0.267912864685 0.951331198215 0.182                                0.483 0.312797848983 1.0 -0.150052070618 0.212087135315 0.619465128579
* 126 12.5711488724 2.0 0.5 1.57079632679 0.2 0.0 2.16055011749 0.284239768982 0.970832526684 0.186                                0.458 0.318311528288 1.0 -0.160550117493 0.215760231018 0.599963800111
* 127 12.6715869904 2.0 0.52 1.57079632679 0.2 0.0 2.16943073273 0.300689697266 0.995218813419 0.188                                0.444 0.328587281046 1.0 -0.169430732727 0.219310302734 0.575577513376
* 128 12.7721800804 2.0 0.54 1.57079632679 0.2 0.0 2.17949104309 0.317939758301 1.01885950565 0.192                                0.425 0.336762046014 1.0 -0.179491043091 0.222060241699 0.551936821142
* 129 12.8744289875 2.0 0.56 1.57079632679 0.2 0.0 2.19092273712 0.338453769684 1.04230546951 0.196                                0.409 0.339311478047 1.0 -0.190922737122 0.221546230316 0.528490857282
* 130 12.9765729904 2.0 0.58 1.57079632679 0.2 0.0 2.20810413361 0.377310276031 1.07499063015 0.2                                0.386 0.31487114372 1.0 -0.208104133606 0.202689723969 0.495805696645
* 131 13.0773739815 2.0 0.6 1.57079632679 0.2 0.0 2.21731758118 0.39591217041 1.0930365324 0.202                                0.379 0.320127013015 1.0 -0.217317581177 0.20408782959 0.477759794393
* 132 13.1782388687 2.0 0.62 1.57079632679 0.2 0.0 2.22263717651 0.414930820465 1.11835765839 0.199                                0.391 0.332551601831 1.0 -0.222637176514 0.205069179535 0.452438668409
* 133 13.2789759636 2.0 0.64 1.57079632679 0.2 0.0 2.22263717651 0.414930820465 1.11835765839 0.199                                0.395 0.364078816834 1.0 -0.222637176514 0.225069179535 0.452438668409
* 134 13.3844048977 2.0 0.66 1.57079632679 0.2 0.0 2.23937416077 0.45458984375 1.16236329079 0.202                                0.38 0.34732464943 1.0 -0.239374160767 0.20541015625 0.408433036008
* 135 13.485049963 2.0 0.68 1.57079632679 0.2 0.0 2.24638366699 0.478227138519 1.17596578598 0.208                                0.344 0.344945026393 1.0 -0.246383666992 0.201772861481 0.394830540815
* 136 13.5855998993 2.0 0.7 1.57079632679 0.2 0.0 2.2512216568 0.495920658112 1.18867528439 0.208                                0.344 0.353278868341 1.0 -0.251221656799 0.204079341888 0.382121042409
* 137 13.6864829063 2.0 0.72 1.57079632679 0.2 0.0 2.25772762299 0.516889095306 1.20906066895 0.21                                0.342 0.360149501396 1.0 -0.257727622986 0.203110904694 0.36173565785
* 138 13.787307024 2.0 0.74 1.57079632679 0.2 0.0 2.26558208466 0.538620948792 1.22786295414 0.212                                0.334 0.364240818642 1.0 -0.265582084656 0.201379051208 0.342933372655
* 139 13.8879170418 2.0 0.76 1.57079632679 0.2 0.0 2.27132892609 0.562201499939 1.24170076847 0.215                                0.321 0.363650650705 1.0 -0.271328926086 0.197798500061 0.329095558324
* 140 13.9885299206 2.0 0.78 1.57079632679 0.2 0.0 2.27685070038 0.585257053375 1.25647711754 0.217                                0.313 0.364785986745 1.0 -0.276850700378 0.194742946625 0.314319209256
* 141 14.0891509056 2.0 0.8 1.57079632679 0.2 0.0 2.28133487701 0.606734275818 1.27113521099 0.219                                0.31 0.369170039817 1.0 -0.281334877014 0.193265724182 0.299661115804
* 142 14.1904499531 2.0 0.82 1.57079632679 0.2 0.0 2.28678131104 0.629302024841 1.28925263882 0.22                                0.31 0.373550097045 1.0 -0.286781311035 0.190697975159 0.281543687978
* 143 14.2910430431 2.0 0.84 1.57079632679 0.2 0.0 2.29188728333 0.655772209167 1.30418717861 0.222                                0.302 0.369638557965 1.0 -0.291887283325 0.184227790833 0.266609148183
* 144 14.3922569752 2.0 0.86 1.57079632679 0.2 0.0 2.29675769806 0.678301334381 1.31389033794 0.223                                0.295 0.369290141457 1.0 -0.296757698059 0.181698665619 0.256905988851
* 145 14.4928269386 2.0 0.88 1.57079632679 0.2 0.0 2.29859828949 0.698574066162 1.32654559612 0.224                                0.295 0.376049896073 1.0 -0.29859828949 0.181425933838 0.244250730672
* 146 14.5939838886 2.0 0.9 1.57079632679 0.2 0.0 2.30262851715 0.72004699707 1.34401392937 0.225                                0.295 0.382947168229 1.0 -0.302628517151 0.17995300293 0.226782397428
* 147 14.6946680546 2.0 0.92 1.57079632679 0.2 0.0 2.30804157257 0.747585296631 1.35892188549 0.226                                0.283 0.377424722433 1.0 -0.308041572571 0.172414703369 0.211874441304
* 148 14.7950630188 2.0 0.94 1.57079632679 0.2 0.0 2.31035995483 0.770146846771 1.3699464798 0.227                                0.275 0.379175018636 1.0 -0.310359954834 0.169853153229 0.200849846998
* 149 14.8961510658 2.0 0.96 1.57079632679 0.2 0.0 2.3126001358 0.79677438736 1.380240798 0.229                                0.278 0.373514627823 1.0 -0.312600135803 0.16322561264 0.190555528798
* 150 14.9973120689 2.0 0.98 1.57079632679 0.2 0.0 2.31419754028 0.816740989685 1.39325630665 0.229                                0.277 0.381246300381 1.0 -0.314197540283 0.163259010315 0.177540020147
* 151 15.0978388786 2.0 1.0 1.57079632679 0.2 0.0 2.31499195099 0.839421749115 1.41298663616 0.229                                0.278 0.388700916348 1.0 -0.314991950989 0.160578250885 0.157809690633
* 152 15.1992108822 2.0 1.02 1.57079632679 0.2 0.0 2.31782531738 0.866318225861 1.42576825619 0.229                                0.27 0.383926614989 1.0 -0.317825317383 0.153681774139 0.145028070607
* 153 15.2998740673 2.0 1.04 1.57079632679 0.2 0.0 2.32009983063 0.88794708252 1.4350771904 0.23                                0.256 0.386304444024 1.0 -0.320099830627 0.15205291748 0.135719136396
* 154 15.4006800652 2.0 1.06 1.57079632679 0.2 0.0 2.32131099701 0.914356231689 1.45040988922 0.23                                0.255 0.384342620891 1.0 -0.321310997009 0.145643768311 0.120386437574
* 155 15.5012490749 2.0 1.08 1.57079632679 0.2 0.0 2.32239151001 0.936102867126 1.46110141277 0.23                                0.247 0.387632345847 1.0 -0.32239151001 0.143897132874 0.109694914022
* 156 15.6020798683 2.0 1.1 1.57079632679 0.2 0.0 2.32239341736 0.960454463959 1.47092974186 0.229                                0.243 0.386030869621 1.0 -0.322393417358 0.139545536041 0.0998665849355
* 157 15.7027349472 2.0 1.12 1.57079632679 0.2 0.0 2.32163524628 0.985159397125 1.48157119751 0.23                                0.241 0.384368526864 1.0 -0.321635246277 0.134840602875 0.0892251292851
* 158 15.803237915 2.0 1.14 1.57079632679 0.2 0.0 2.32311534882 1.00586557388 1.49694490433 0.23                                0.243 0.392126924159 1.0 -0.323115348816 0.134134426117 0.0738514224675
* 159 15.9043309689 2.0 1.16 1.57079632679 0.2 0.0 2.32130813599 1.03084802628 1.5155377388 0.23                                0.242 0.394611817048 1.0 -0.321308135986 0.129151973724 0.0552585879948
* 160 16.0054080486 2.0 1.18 1.57079632679 0.2 0.0 2.3185300827 1.05616235733 1.52858245373 0.232                                0.235 0.393119555004 1.0 -0.318530082703 0.12383764267 0.0422138730672
* 161 16.1062848568 2.0 1.2 1.57079632679 0.2 0.0 2.3190279007 1.07696056366 1.53868567944 0.233                                0.231 0.3974864137 1.0 -0.319027900696 0.12303943634 0.0321106473592
* 162 16.2069859505 2.0 1.22 1.57079632679 0.2 0.0 2.31897735596 1.0985326767 1.5585039854 0.234                                0.228 0.405993889359 1.0 -0.318977355957 0.121467323303 0.0122923413899
* 163 16.3074119091 2.0 1.24 1.57079632679 0.2 0.0 2.31684684753 1.12508440018 1.57789671421 0.236                                0.226 0.405346958702 1.0 -0.316846847534 0.114915599823 -0.00710038741561
* 164 16.408205986 2.0 1.26 1.57079632679 0.2 0.0 2.31399154663 1.15045213699 1.58540213108 0.239                                0.215 0.400001887695 1.0 -0.313991546631 0.109547863007 -0.0146058042857
* 165 16.5089969635 2.0 1.28 1.57079632679 0.2 0.0 2.3108291626 1.17641878128 1.59680628777 0.24                                0.215 0.395587483866 1.0 -0.310829162598 0.103581218719 -0.0260099609706
* 166 16.6098499298 2.0 1.3 1.57079632679 0.2 0.0 2.31064319611 1.20144796371 1.61146748066 0.239                                0.217 0.394563162202 1.0 -0.310643196106 0.0985520362854 -0.0406711538646
* 167 16.7107689381 2.0 1.32 1.57079632679 0.2 0.0 2.30625629425 1.22683191299 1.62552011013 0.238                                0.219 0.392112921995 1.0 -0.30625629425 0.0931680870056 -0.0547237833354
* 168 16.811480999 2.0 1.34 1.57079632679 0.2 0.0 2.30285263062 1.25032424927 1.63453030586 0.238                                0.225 0.390258556115 1.0 -0.302852630615 0.0896757507324 -0.0637339790675
* 169 16.9122080803 2.0 1.36 1.57079632679 0.2 0.0 2.29998493195 1.27164506912 1.64791500568 0.237                                0.23 0.394313894567 1.0 -0.299984931946 0.0883549308777 -0.077118678889
* 170 17.0130429268 2.0 1.38 1.57079632679 0.2 0.0 2.29662132263 1.29717683792 1.66628503799 0.236                                0.236 0.393161126553 1.0 -0.296621322632 0.0828231620789 -0.0954887111995
* 171 17.1136550903 2.0 1.4 1.57079632679 0.2 0.0 2.29132652283 1.3237991333 1.6775611639 0.237                                0.235 0.3860707726 1.0 -0.291326522827 0.0762008666992 -0.106764837107
* 172 17.21428895 2.0 1.42 1.57079632679 0.2 0.0 2.2874622345 1.34671163559 1.68660056591 0.236                                0.237 0.384469805003 1.0 -0.287462234497 0.0732883644104 -0.115804239115
* 173 17.3148028851 2.0 1.44 1.57079632679 0.2 0.0 2.28364372253 1.37096309662 1.70107030869 0.235                                0.243 0.382863888927 1.0 -0.283643722534 0.0690369033813 -0.13027398189
* 174 17.4152190685 2.0 1.46 1.57079632679 0.2 0.0 2.27794456482 1.39570999146 1.71455407143 0.234                                0.248 0.37924805148 1.0 -0.277944564819 0.0642900085449 -0.143757744631
* 175 17.5157439709 2.0 1.48 1.57079632679 0.2 0.0 2.27194976807 1.41564321518 1.72604036331 0.233                                0.251 0.382737293849 1.0 -0.271949768066 0.0643567848206 -0.155244036517
* 176 17.6162588596 2.0 1.5 1.57079632679 0.2 0.0 2.26664543152 1.43954706192 1.73573589325 0.231                                0.258 0.378540153271 1.0 -0.266645431519 0.0604529380798 -0.164939566455
* 177 17.7168400288 2.0 1.52 1.57079632679 0.2 0.0 2.26017189026 1.4615149498 1.74863624573 0.231                                0.258 0.378405699719 1.0 -0.260171890259 0.0584850502014 -0.177839918933
* 178 17.8173649311 2.0 1.54 1.57079632679 0.2 0.0 2.25581550598 1.48336076736 1.76497888565 0.23                                0.262 0.380167357243 1.0 -0.255815505981 0.0566392326355 -0.194182558856
* 179 17.9177858829 2.0 1.56 1.57079632679 0.2 0.0 2.24752902985 1.50819301605 1.77457654476 0.229                                0.264 0.372584453592 1.0 -0.247529029846 0.0518069839478 -0.203780217967
* 180 18.018173933 2.0 1.58 1.57079632679 0.2 0.0 2.24139690399 1.53042984009 1.78604567051 0.229                                0.263 0.370632101966 0.974160772907 -0.241396903992 0.0495701599121 -0.215249343714
* 181 18.1186869144 2.0 1.6 1.57079632679 0.2 0.0 2.23359680176 1.55153656006 1.80097186565 0.227                                0.267 0.37083784106 0.89484340468 -0.233596801758 0.0484634399414 -0.230175538859
* 182 18.2195439339 2.0 1.62 1.57079632679 0.2 0.0 2.22689723969 1.57428884506 1.81700718403 0.227                                0.266 0.368599176748 0.821943999329 -0.226897239685 0.0457111549377 -0.246210857234
* 183 18.3200569153 2.0 1.64 1.57079632679 0.2 0.0 2.22152519226 1.59717702866 1.82998216152 0.23                                0.253 0.365380293587 0.76462641963 -0.221525192261 0.042822971344 -0.259185834727
* 184 18.4206478596 2.0 1.66 1.57079632679 0.2 0.0 2.20948886871 1.6195640564 1.83634209633 0.235                                0.23 0.357737904774 0.683780591315 -0.209488868713 0.0404359436035 -0.265545769534
* 185 18.521697998 2.0 1.68 1.57079632679 0.2 0.0 2.20078372955 1.64327049255 1.84596419334 0.241                                0.203 0.350048904789 0.617212605652 -0.200783729553 0.0367295074463 -0.275167866549
* 186 18.6222589016 2.0 1.7 1.57079632679 0.2 0.0 2.1937379837 1.66526126862 1.85261547565 0.242                                0.188 0.345030044827 0.564657787927 -0.193737983704 0.0347387313843 -0.28181914886
* 187 18.722853899 2.0 1.72 1.57079632679 0.2 0.0 2.18314266205 1.69151496887 1.85839128494 0.248                                0.169 0.330710894918 0.501175360489 -0.183142662048 0.0284850311279 -0.287594958148
* 188 18.8233220577 2.0 1.74 1.57079632679 0.2 0.0 2.17580223083 1.71515369415 1.86103236675 0.25                                0.157 0.321542694077 0.459334142054 -0.175802230835 0.0248463058472 -0.290236039958
* 189 18.9237320423 2.0 1.76 1.57079632679 0.2 0.0 2.16475009918 1.73931407928 1.87077498436 0.252                                0.144 0.311034293453 0.38190455957 -0.164750099182 0.0206859207153 -0.299978657565
* 190 19.0242938995 2.0 1.78 1.57079632679 0.2 0.0 2.15675735474 1.76443195343 1.87289512157 0.254                                0.144 0.298738494062 0.340667287112 -0.156757354736 0.0155680465698 -0.30209879478
* 191 19.1248819828 2.0 1.8 1.57079632679 0.2 0.0 2.14800739288 1.78642559052 1.87852215767 0.255                                0.135 0.291853926982 0.282304050673 -0.148007392883 0.0135744094849 -0.307725830874
* 192 19.2257559299 2.0 1.82 1.57079632679 0.2 0.0 2.13618183136 1.81145381927 1.88887882233 0.254                                0.131 0.278843507868 0.202559375532 -0.13618183136 0.0085461807251 -0.318082495532
* 193 19.3266470432 2.0 1.84 1.57079632679 0.2 0.0 2.12484455109 1.83516693115 1.8919724226 0.256                                0.124 0.266887385597 0.138680046259 -0.124844551086 0.00483306884766 -0.321176095805
* 194 19.4270598888 2.0 1.86 1.57079632679 0.2 0.0 2.1153087616 1.85875797272 1.89656221867 0.258                                0.121 0.256223555277 0.0821064039287 -0.115308761597 0.00124202728272 -0.325765891871
* 195 19.52760005 2.0 1.88 1.57079632679 0.2 0.0 2.10569572449 1.8836107254 1.90292561054 0.258                                0.109 0.243490701245 0.0244536229494 -0.105695724487 -0.00361072540283 -0.332129283747
* 196 19.6290400028 2.0 1.9 1.57079632679 0.2 0.0 2.09533405304 1.90722942352 1.90449929237 0.256                                0.096 0.231725432841 -0.0302272917776 -0.0953340530395 -0.00722942352295 -0.333702965579
* 197 19.7297029495 2.0 1.92 1.57079632679 0.2 0.0 2.0872297287 1.92791557312 1.90716052055 0.249                                0.058 0.226157923639 -0.0798253352761 -0.0872297286987 -0.00791557312012 -0.336364193759
* 198 19.8304190636 2.0 1.94 1.57079632679 0.2 0.0 2.07862186432 1.94904518127 1.90638828278 0.243                                0.026 0.219255805217 -0.124907202133 -0.0786218643188 -0.00904518127441 -0.335591955981
* 199 19.9310939312 2.0 1.96 1.57079632679 0.2 0.0 2.06923961639 1.9698972702 1.90873134136 0.235                                -0.015 0.212557013348 -0.180673712319 -0.069239616394 -0.00989727020264 -0.337935014567
* 200 20.0319619179 2.0 1.98 1.57079632679 0.2 0.0 2.06141757965 1.98558139801 1.90881729126 0.231                                -0.05 0.215151630879 -0.233695234978 -0.0614175796509 -0.00558139801025 -0.338020964465
* 201 20.1332769394 2.0 2.0 1.57079632679 0.2 0.0 2.05498886108 2.00042438507 1.9067786932 0.223                                -0.113 0.219891199182 -0.276555302395 -0.054988861084 -0.000424385070799 -0.335982366404
* 202 20.2338290215 1.98 2.0 3.14159265359 0.2 0.0 2.04720306396 2.02007961273 1.89580667019 0.221                                -0.153 0.0681242001744 1.0 -0.0672030639648 -0.0200796127319 1.2457859834
* 203 20.3343820572 1.96 2.0 3.14159265359 0.2 0.0 2.03865146637 2.04219150543 1.88170945644 0.199                                -0.068 0.0329548228838 1.0 -0.0786514663696 -0.0421915054321 1.25988319715
* 204 20.4349179268 1.94 2.0 3.14159265359 0.2 0.0 2.03662967682 2.05623722076 1.87999367714 0.157                                0.209 0.0185019092994 1.0 -0.0966296768188 -0.0562372207642 1.26159897645
* 205 20.5353388786 1.92 2.0 3.14159265359 0.2 0.0 2.0363483429 2.06729984283 1.91182219982 0.112                                0.496 0.0239300718048 1.0 -0.116348342896 -0.0672998428345 1.22977045377
* 206 20.6357760429 1.9 2.0 3.14159265359 0.2 0.0 2.03400611877 2.07619285583 1.98069596291 0.083                                0.655 0.0508234066008 1.0 -0.134006118774 -0.076192855835 1.16089669068
* 207 20.7365689278 1.88 2.0 3.14159265359 0.2 0.0 2.0397233963 2.0799369812 2.06515407562 0.058                                0.804 0.104387664249 1.0 -0.159723396301 -0.0799369812012 1.07643857797
* 208 20.8369619846 1.86 2.0 3.14159265359 0.2 0.0 2.03600025177 2.0803194046 2.12985944748 0.056                                0.862 0.150348777093 1.0 -0.17600025177 -0.080319404602 1.01173320611
* 209 20.9373669624 1.84 2.0 3.14159265359 0.2 0.0 2.02841663361 2.08220767975 2.18646287918 0.07                                0.861 0.188584658821 1.0 -0.188416633606 -0.0822076797485 0.955129774409
* 210 21.0384280682 1.82 2.0 3.14159265359 0.2 0.0 2.01708698273 2.0889787674 2.23641991615 0.084                                0.831 0.214171398815 1.0 -0.197086982727 -0.088978767395 0.905172737437
* 211 21.139236927 1.8 2.0 3.14159265359 0.2 0.0 2.0051317215 2.09810829163 2.27264237404 0.101                                0.778 0.229938789195 1.0 -0.205131721497 -0.098108291626 0.868950279551
* 212 21.2399640083 1.78 2.0 3.14159265359 0.2 0.0 1.99427223206 2.10644340515 2.30757832527 0.115                                0.738 0.24854550611 1.0 -0.214272232056 -0.106443405151 0.834014328318
* 213 21.3419258595 1.76 2.0 3.14159265359 0.2 0.0 1.97856140137 2.11877155304 2.33837080002 0.13                                0.679 0.255082498759 1.0 -0.218561401367 -0.11877155304 0.803221853571
* 214 21.4424350262 1.74 2.0 3.14159265359 0.2 0.0 1.96434020996 2.12603569031 2.36118268967 0.144                                0.627 0.266123748465 1.0 -0.224340209961 -0.126035690308 0.780409963923
* 215 21.5434958935 1.72 2.0 3.14159265359 0.2 0.0 1.95108032227 2.13887882233 2.39033913612 0.151                                0.6 0.276023164277 1.0 -0.231080322266 -0.138878822327 0.751253517466
* 216 21.644785881 1.7 2.0 3.14159265359 0.2 0.0 1.93469333649 2.14857578278 2.41421914101 0.16                                0.564 0.283481856235 1.0 -0.234693336487 -0.148575782776 0.727373512583
* 217 21.7454199791 1.68 2.0 3.14159265359 0.2 0.0 1.92374897003 2.16018390656 2.44531822205 0.165                                0.543 0.301160829495 1.0 -0.243748970032 -0.160183906555 0.696274431544
* 218 21.8459739685 1.66 2.0 3.14159265359 0.2 0.0 1.9030380249 2.1704082489 2.47316336632 0.171                                0.515 0.306157242037 1.0 -0.243038024902 -0.170408248901 0.668429287272
* 219 21.9465019703 1.64 2.0 3.14159265359 0.2 0.0 1.88706684113 2.18240833282 2.49648118019 0.176                                0.487 0.313580127106 1.0 -0.247066841125 -0.182408332825 0.645111473399
* 220 22.0470449924 1.62 2.0 3.14159265359 0.2 0.0 1.86802768707 2.19263553619 2.51456284523 0.182                                0.462 0.315876079239 1.0 -0.248027687073 -0.192635536194 0.62702980836
* 221 22.1477239132 1.6 2.0 3.14159265359 0.2 0.0 1.84847259521 2.2029838562 2.5357708931 0.186                                0.444 0.319813482001 1.0 -0.248472595215 -0.202983856201 0.605821760493
* 222 22.248871088 1.58 2.0 3.14159265359 0.2 0.0 1.83218479156 2.21166706085 2.55334639549 0.19                                0.428 0.328231395018 1.0 -0.252184791565 -0.211667060852 0.588246258097
* 223 22.3500750065 1.56 2.0 3.14159265359 0.2 0.0 1.81641101837 2.22129535675 2.57768440247 0.193                                0.418 0.341555152667 1.0 -0.256411018372 -0.22129535675 0.563908251124
* 224 22.4508509636 1.54 2.0 3.14159265359 0.2 0.0 1.7959318161 2.23175430298 2.59989118576 0.197                                0.398 0.346286273998 1.0 -0.255931816101 -0.231754302979 0.541701467829
* 225 22.551609993 1.52 2.0 3.14159265359 0.2 0.0 1.77704524994 2.24076080322 2.62047386169 0.202                                0.382 0.354092010926 1.0 -0.257045249939 -0.240760803223 0.521118791895
* 226 22.6524989605 1.5 2.0 3.14159265359 0.2 0.0 1.7525434494 2.25055027008 2.63785672188 0.205                                0.365 0.350836741455 1.0 -0.252543449402 -0.250550270081 0.503735931712
* 227 22.7532670498 1.48 2.0 3.14159265359 0.2 0.0 1.7371673584 2.26033115387 2.65126729012 0.208                                0.351 0.359199142087 1.0 -0.257167358398 -0.26033115387 0.490325363474
* 228 22.8540999889 1.46 2.0 3.14159265359 0.2 0.0 1.71514987946 2.26779842377 2.66343832016 0.211                                0.34 0.358639401288 1.0 -0.255149879456 -0.267798423767 0.47815433343
* 229 22.9549469948 1.44 2.0 3.14159265359 0.2 0.0 1.69552326202 2.27711296082 2.68004155159 0.214                                0.332 0.363768550981 1.0 -0.255523262024 -0.277112960815 0.461551102
* 230 23.0557069778 1.42 2.0 3.14159265359 0.2 0.0 1.67449951172 2.28579425812 2.69529795647 0.216                                0.324 0.366576029987 1.0 -0.254499511719 -0.285794258118 0.446294697123
* 231 23.1563880444 1.4 2.0 3.14159265359 0.2 0.0 1.64743804932 2.29397773743 2.70823979378 0.218                                0.319 0.358746177519 1.0 -0.247438049316 -0.293977737427 0.433352859812
* 232 23.2570300102 1.38 2.0 3.14159265359 0.2 0.0 1.62818908691 2.3010597229 2.72092103958 0.22                                0.313 0.36415420505 1.0 -0.248189086914 -0.3010597229 0.420671614008
* 233 23.3578090668 1.36 2.0 3.14159265359 0.2 0.0 1.60845756531 2.30755329132 2.73531508446 0.22                                0.316 0.370716314559 1.0 -0.248457565308 -0.307553291321 0.406277569132
* 234 23.4583408833 1.34 2.0 3.14159265359 0.2 0.0 1.58531808853 2.3150844574 2.75532841682 0.221                                0.315 0.375507163752 1.0 -0.245318088531 -0.315084457397 0.386264236765
* 235 23.559194088 1.32 2.0 3.14159265359 0.2 0.0 1.55988311768 2.32518386841 2.76793956757 0.223                                0.307 0.369591482756 1.0 -0.239883117676 -0.325183868408 0.373653086024
* 236 23.6599910259 1.3 2.0 3.14159265359 0.2 0.0 1.53859996796 2.33036899567 2.78111696243 0.225                                0.295 0.374225757576 1.0 -0.238599967957 -0.330368995667 0.360475691157
* 237 23.7616200447 1.28 2.0 3.14159265359 0.2 0.0 1.5157790184 2.33742618561 2.79055786133 0.225                                0.293 0.372486693234 1.0 -0.235779018402 -0.337426185608 0.351034792262
* 238 23.8625590801 1.26 2.0 3.14159265359 0.2 0.0 1.49543809891 2.34282779694 2.80512428284 0.226                                0.289 0.379918161236 1.0 -0.235438098907 -0.342827796936 0.336468370753
* 239 23.963162899 1.24 2.0 3.14159265359 0.2 0.0 1.47249221802 2.34942436218 2.81871294975 0.227                                0.285 0.381773611427 1.0 -0.232492218018 -0.349424362183 0.322879703837
* 240 24.0637629032 1.22 2.0 3.14159265359 0.2 0.0 1.44743204117 2.35524272919 2.82726693153 0.227                                0.276 0.376789048518 1.0 -0.227432041168 -0.355242729187 0.314325722056
* 241 24.164345026 1.2 2.0 3.14159265359 0.2 0.0 1.43004465103 2.35974216461 2.83689856529 0.227                                0.27 0.386259629265 1.0 -0.230044651031 -0.359742164612 0.304694088297
* 242 24.2650699615 1.18 2.0 3.14159265359 0.2 0.0 1.40594863892 2.36446475983 2.85173869133 0.228                                0.269 0.388582800759 1.0 -0.225948638916 -0.364464759827 0.28985396226
* 243 24.3659200668 1.16 2.0 3.14159265359 0.2 0.0 1.37626504898 2.37191486359 2.86577010155 0.229                                0.256 0.379636666663 1.0 -0.216265048981 -0.371914863586 0.275822552043
* 244 24.4665288925 1.14 2.0 3.14159265359 0.2 0.0 1.3591094017 2.37624454498 2.87589597702 0.23                                0.249 0.390382797858 1.0 -0.219109401703 -0.376244544983 0.26569667657
* 245 24.5672159195 1.12 2.0 3.14159265359 0.2 0.0 1.33276224136 2.37984085083 2.88384890556 0.23                                0.252 0.384286564372 1.0 -0.212762241364 -0.37984085083 0.257743748026
* 246 24.6684420109 1.1 2.0 3.14159265359 0.2 0.0 1.31335496902 2.38514232635 2.89734268188 0.23                                0.246 0.393669556447 1.0 -0.213354969025 -0.385142326355 0.244249971705
* 247 24.7697370052 1.08 2.0 3.14159265359 0.2 0.0 1.28718852997 2.39004611969 2.91110897064 0.23                                0.244 0.392073974009 1.0 -0.207188529968 -0.39004611969 0.230483682948
* 248 24.8704919815 1.06 2.0 3.14159265359 0.2 0.0 1.26081895828 2.3941783905 2.9204044342 0.232                                0.236 0.386958466255 1.0 -0.200818958282 -0.394178390503 0.221188219386
* 249 24.9711959362 1.04 2.0 3.14159265359 0.2 0.0 1.23992967606 2.39693546295 2.92874383926 0.232                                0.231 0.391031697397 1.0 -0.199929676056 -0.396935462952 0.212848814326
* 250 25.0724279881 1.02 2.0 3.14159265359 0.2 0.0 1.22062206268 2.40048122406 2.94309687614 0.232                                0.235 0.402384382485 1.0 -0.200622062683 -0.40048122406 0.198495777445
* 251 25.1737730503 1.0 2.0 3.14159265359 0.2 0.0 1.19352483749 2.40318202972 2.95792388916 0.234                                0.23 0.401061007073 1.0 -0.193524837494 -0.403182029724 0.18366876443
* 252 25.2743349075 0.98 2.0 3.14159265359 0.2 0.0 1.17215013504 2.40589141846 2.96478772163 0.235                                0.221 0.403289138744 1.0 -0.19215013504 -0.405891418457 0.176804931956
* 253 25.3752570152 0.96 2.0 3.14159265359 0.2 0.0 1.15003252029 2.40608119965 2.97528409958 0.237                                0.215 0.407893161425 1.0 -0.190032520294 -0.406081199646 0.166308554011
* 254 25.4760529995 0.94 2.0 3.14159265359 0.2 0.0 1.12389135361 2.40825939178 2.98771476746 0.238                                0.212 0.406462064738 1.0 -0.183891353607 -0.408259391785 0.153877886134
* 255 25.5778040886 0.92 2.0 3.14159265359 0.2 0.0 1.10060405731 2.41107654572 2.99625682831 0.24                                0.206 0.406755096701 1.0 -0.180604057312 -0.411076545715 0.145335825282
* 256 25.6789209843 0.9 2.0 3.14159265359 0.2 0.0 1.07337999344 2.41156101227 3.00172305107 0.241                                0.204 0.398398372245 1.0 -0.173379993439 -0.411561012268 0.139869602519
* 257 25.7795569897 0.88 2.0 3.14159265359 0.2 0.0 1.05251073837 2.41391277313 3.01406550407 0.241                                0.203 0.40601565901 1.0 -0.172510738373 -0.413912773132 0.127527149516
* 258 25.8801259995 0.86 2.0 3.14159265359 0.2 0.0 1.02789354324 2.41478443146 3.02353739738 0.24                                0.21 0.405202050739 1.0 -0.167893543243 -0.414784431458 0.118055256205
* 259 25.9806308746 0.84 2.0 3.14159265359 0.2 0.0 1.00582265854 2.41561603546 3.03821873665 0.242                                0.208 0.412850969526 1.0 -0.165822658539 -0.415616035461 0.103373916941
* 260 26.0816280842 0.82 2.0 3.14159265359 0.2 0.0 0.979577541351 2.41711521149 3.0448038578 0.242                                0.202 0.40679814842 1.0 -0.159577541351 -0.417115211487 0.0967887957864
* 261 26.1821899414 0.8 2.0 3.14159265359 0.2 0.0 0.960995197296 2.41683769226 3.05919122696 0.244                                0.202 0.420408087552 1.0 -0.160995197296 -0.416837692261 0.0824014266306
* 262 26.2828540802 0.78 2.0 3.14159265359 0.2 0.0 0.93633556366 2.41653156281 3.07379293442 0.244                                0.198 0.423462250591 1.0 -0.15633556366 -0.416531562805 0.0677997191721
* 263 26.3838160038 0.76 2.0 3.14159265359 0.2 0.0 0.907585144043 2.41635608673 3.0797419548 0.247                                0.191 0.412690305824 1.0 -0.147585144043 -0.416356086731 0.0618506987863
* 264 26.4843418598 0.74 2.0 3.14159265359 0.2 0.0 0.883296012878 2.41481304169 3.08785390854 0.249                                0.185 0.411453549525 1.0 -0.143296012878 -0.414813041687 0.053738745051
* 265 26.5848639011 0.72 2.0 3.14159265359 0.2 0.0 0.85773229599 2.41608047485 3.10231399536 0.248                                0.187 0.412427259064 1.0 -0.13773229599 -0.416080474854 0.0392786582285
* 266 26.6854250431 0.7 2.0 3.14159265359 0.2 0.0 0.836400508881 2.41464138031 3.10802769661 0.247                                0.19 0.414434875286 1.0 -0.136400508881 -0.41464138031 0.0335649569803
* 267 26.7860479355 0.68 2.0 3.14159265359 0.2 0.0 0.805614471436 2.41265678406 3.11502027512 0.247                                0.191 0.400800980897 1.0 -0.125614471436 -0.412656784058 0.0265723784738
* 268 26.8866589069 0.66 2.0 3.14159265359 0.2 0.0 0.779867649078 2.4127664566 3.1273226738 0.246                                0.194 0.399728314982 1.0 -0.119867649078 -0.412766456604 0.0142699797922
* 269 26.9878270626 0.64 2.0 3.14159265359 0.2 0.0 0.753241062164 2.4102563858 3.13796687126 0.245                                0.204 0.395869215846 1.0 -0.113241062164 -0.410256385803 0.0036257823282
* 270 27.0884048939 0.62 2.0 3.14159265359 0.2 0.0 0.728028774261 2.40876865387 3.14862615267 0.242                                0.21 0.394372854078 1.0 -0.108028774261 -0.40876865387 -0.0070334990793
* 271 27.189248085 0.6 2.0 3.14159265359 0.2 0.0 0.710539340973 2.40960693359 3.16334802309 0.241                                0.214 0.409267924243 1.0 -0.110539340973 -0.409606933594 -0.0217553695017
* 272 27.2897000313 0.58 2.0 3.14159265359 0.2 0.0 0.685965538025 2.40523910522 3.17739373842 0.24                                0.216 0.410902835361 1.0 -0.105965538025 -0.405239105225 -0.0358010848337
* 273 27.3904879093 0.56 2.0 3.14159265359 0.2 0.0 0.651067256927 2.40253734589 3.18865496317 0.241                                0.206 0.392408230946 1.0 -0.0910672569275 -0.402537345886 -0.0470623095804
* 274 27.491091013 0.54 2.0 3.14159265359 0.2 0.0 0.637060642242 2.40212631226 3.19663912455 0.241                                0.202 0.408336565497 1.0 -0.0970606422424 -0.402126312256 -0.0550464709573
* 275 27.5919129848 0.52 2.0 3.14159265359 0.2 0.0 0.609652519226 2.39877796173 3.20340830484 0.239                                0.211 0.399631047763 1.0 -0.0896525192261 -0.398777961731 -0.0618156512552
* 276 27.6926510334 0.5 2.0 3.14159265359 0.2 0.0 0.588939666748 2.39720916748 3.21910363833 0.24                                0.202 0.40872571464 1.0 -0.088939666748 -0.39720916748 -0.077510984736
* 277 27.7933330536 0.48 2.0 3.14159265359 0.2 0.0 0.55961227417 2.39272785187 3.22549444834 0.24                                0.204 0.396028148705 1.0 -0.0796122741699 -0.392727851868 -0.0839017947489
* 278 27.8940570354 0.46 2.0 3.14159265359 0.2 0.0 0.541262149811 2.38976955414 3.23783475557 0.241                                0.2 0.406491211506 1.0 -0.0812621498108 -0.389769554138 -0.0962421019846
* 279 27.9958300591 0.44 2.0 3.14159265359 0.2 0.0 0.488582611084 2.38232898712 3.25769621531 0.239                                0.206 0.360859356392 1.0 -0.048582611084 -0.382328987122 -0.116103561717
* 280 28.0966789722 0.42 2.0 3.14159265359 0.2 0.0 0.460939884186 2.37870502472 3.26230794588 0.238                                0.208 0.349709831528 1.0 -0.0409398841858 -0.378705024719 -0.120715292292
* 281 28.1974079609 0.4 2.0 3.14159265359 0.2 0.0 0.460939884186 2.37870502472 3.26230794588 0.232                                0.244 0.384508976807 1.0 -0.0609398841858 -0.378705024719 -0.120715292292
* 282 28.2980470657 0.38 2.0 3.14159265359 0.2 0.0 0.417514801025 2.37037944794 3.30241948763 0.226                                0.272 0.366277404347 1.0 -0.0375148010254 -0.370379447937 -0.16082683404
* 283 28.3987169266 0.36 2.0 3.14159265359 0.2 0.0 0.399994850159 2.36492729187 3.3195186297 0.228                                0.266 0.379039541232 1.0 -0.0399948501587 -0.36492729187 -0.177925976115
* 284 28.5004489422 0.34 2.0 3.14159265359 0.2 0.0 0.370230197906 2.36037540436 3.33016473452 0.225                                0.276 0.366904105381 1.0 -0.0302301979065 -0.360375404358 -0.188572080927
* 285 28.6016540527 0.32 2.0 3.14159265359 0.2 0.0 0.35493183136 2.35257434845 3.34001881281 0.225                                0.272 0.377916321979 1.0 -0.0349318313599 -0.35257434845 -0.19842615922
* 286 28.7021710873 0.3 2.0 3.14159265359 0.2 0.0 0.335273742676 2.34684085846 3.35536104838 0.225                                0.279 0.384830108579 1.0 -0.0352737426758 -0.346840858459 -0.213768394785
* 287 28.8029310703 0.28 2.0 3.14159265359 0.2 0.0 0.319949150085 2.34033870697 3.37039286295 0.227                                0.272 0.398277696244 1.0 -0.0399491500854 -0.34033870697 -0.228800209361
* 288 28.9034719467 0.26 2.0 3.14159265359 0.2 0.0 0.286828041077 2.33431434631 3.38263827959 0.23                                0.265 0.379758691952 1.0 -0.0268280410767 -0.334314346313 -0.241045626002
* 289 29.0041120052 0.24 2.0 3.14159265359 0.2 0.0 0.266499519348 2.32705593109 3.38872963587 0.232                                0.252 0.379188051609 1.0 -0.0264995193481 -0.327055931091 -0.247136982279
* 290 29.1047480106 0.22 2.0 3.14159265359 0.2 0.0 0.245344638824 2.31910896301 3.40476400057 0.232                                0.259 0.381506521021 1.0 -0.0253446388245 -0.319108963013 -0.26317134698
* 291 29.2053349018 0.2 2.0 3.14159265359 0.2 0.0 0.218736171722 2.31327152252 3.41604334513 0.231                                0.263 0.372934212939 1.0 -0.0187361717224 -0.313271522522 -0.274450691538
* 292 29.3059589863 0.18 2.0 3.14159265359 0.2 0.0 0.198642730713 2.30510616302 3.42736798922 0.23                                0.262 0.373989348351 1.0 -0.0186427307129 -0.305106163025 -0.285775335627
* 293 29.406471014 0.16 2.0 3.14159265359 0.2 0.0 0.181893348694 2.29700660706 3.43833262125 0.229                                0.272 0.380170628029 1.0 -0.0218933486938 -0.297006607056 -0.296739967661
* 294 29.506923914 0.14 2.0 3.14159265359 0.2 0.0 0.16366481781 2.28908443451 3.44893914858 0.228                                0.275 0.383448622387 1.0 -0.0236648178101 -0.289084434509 -0.30734649499
* 295 29.6075239182 0.12 2.0 3.14159265359 0.2 0.0 0.139692783356 2.28163051605 3.46486765543 0.229                                0.269 0.379177065243 0.998109239569 -0.0196927833557 -0.281630516052 -0.323275001841
* 296 29.70794487 0.1 2.0 3.14159265359 0.2 0.0 0.116862297058 2.2696685791 3.47721511522 0.23                                0.268 0.372417888489 0.906163434163 -0.0168622970581 -0.269668579102 -0.335622461634
* 297 29.8086218834 0.08 2.0 3.14159265359 0.2 0.0 0.0952043533325 2.26222324371 3.48176843325 0.23                                0.265 0.367008430375 0.856512781606 -0.0152043533325 -0.262223243713 -0.340175779658
* 298 29.9090790749 0.06 2.0 3.14159265359 0.2 0.0 0.0751519203186 2.25319480896 3.49273568789 0.231                                0.254 0.365379260444 0.779745775663 -0.0151519203186 -0.25319480896 -0.351143034297
* 299 30.0095469952 0.04 2.0 3.14159265359 0.2 0.0 0.0559668540955 2.24301052094 3.50739127794 0.234                                0.236 0.365253646641 0.686188021193 -0.0159668540955 -0.243010520935 -0.365798624354
* 300 30.1099979877 0.02 2.0 3.14159265359 0.2 0.0 0.0341758728027 2.23396968842 3.51319224039 0.238                                0.216 0.358403144669 0.625813123005 -0.0141758728027 -0.233969688416 -0.371599586802
* 301 30.2104198933 -3.46944695195e-16 2.0 3.14159265359 0.2 0.0 0.0164694786072 2.22355175018 3.5163696448 0.244                                0.177 0.356412762913 0.555159576761 -0.0164694786072 -0.223551750183 -0.374776991206
* 302 30.3108360767 -3.46944695195e-16 1.98 4.71238898038 0.2 0.0 -0.00881147384644 2.21441459656 3.5223818461 0.248                                0.159 0.212690843628 1.0 0.00881147384644 -0.234414596558 1.19000713428
* 303 30.4112939835 -3.46944695195e-16 1.96 4.71238898038 0.2 0.0 -0.0346646308899 2.20198726654 3.5238896052 0.247                                0.172 0.176463738038 1.0 0.0346646308899 -0.241987266541 1.18849937519
* 304 30.5116698742 -3.46944695195e-16 1.94 4.71238898038 0.2 0.0 -0.0539898872375 2.19240856171 3.54614478747 0.214                                0.338 0.165862833767 1.0 0.0539898872375 -0.252408561707 1.16624419292
* 305 30.6121799946 -3.46944695195e-16 1.92 4.71238898038 0.2 0.0 -0.0667114257812 2.18698501587 3.59386831919 0.177                                0.525 0.186732656682 1.0 0.0667114257812 -0.266985015869 1.1185206612
* 306 30.7126820087 -3.46944695195e-16 1.9 4.71238898038 0.2 0.0 -0.0767970085144 2.17957782745 3.63580853144 0.159                                0.602 0.208808294093 1.0 0.0767970085144 -0.279577827454 1.07658044895
* 307 30.8131308556 -3.46944695195e-16 1.88 4.71238898038 0.2 0.0 -0.0872368812561 2.17357730865 3.68483025232 0.149                                0.65 0.238472124691 1.0 0.0872368812561 -0.293577308655 1.02755872806
* 308 30.9135239124 -3.46944695195e-16 1.86 4.71238898038 0.2 0.0 -0.105441093445 2.16223621368 3.73142272631 0.147                                0.653 0.2523101443 1.0 0.105441093445 -0.302236213684 0.980966254077
* 309 31.0141940117 -3.46944695195e-16 1.84 4.71238898038 0.2 0.0 -0.11342048645 2.15159225464 3.76720410982 0.152                                0.626 0.275786410833 1.0 0.11342048645 -0.311592254639 0.945184870562
* 310 31.11460495 -3.46944695195e-16 1.82 4.71238898038 0.2 0.0 -0.128698348999 2.13803863525 3.8044016997 0.157                                0.605 0.288261942156 1.0 0.128698348999 -0.318038635254 0.907987280688
* 311 31.2150290012 -3.46944695195e-16 1.8 4.71238898038 0.2 0.0 -0.141434669495 2.12477970123 3.83000475565 0.165                                0.569 0.297272793749 1.0 0.141434669495 -0.324779701233 0.882384224734
* 312 31.3154489994 -3.46944695195e-16 1.78 4.71238898038 0.2 0.0 -0.15359210968 2.11429786682 3.85259420076 0.17                                0.541 0.308913796247 1.0 0.15359210968 -0.334297866821 0.85979477962
* 313 31.4158818722 -3.46944695195e-16 1.76 4.71238898038 0.2 0.0 -0.171033382416 2.10061645508 3.87664753595 0.179                                0.509 0.312122888614 1.0 0.171033382416 -0.340616455078 0.83574144443
* 314 31.5163738728 -3.46944695195e-16 1.74 4.71238898038 0.2 0.0 -0.183167934418 2.09010028839 3.8984392325 0.184                                0.485 0.325263113294 1.0 0.183167934418 -0.350100288391 0.813949747882
* 315 31.6169469357 -3.46944695195e-16 1.72 4.71238898038 0.2 0.0 -0.191417217255 2.0745973587 3.93376642862 0.189                                0.462 0.349194807127 1.0 0.191417217255 -0.354597358704 0.77862255176
* 316 31.7174780369 -3.46944695195e-16 1.7 4.71238898038 0.2 0.0 -0.20923614502 2.05578899384 3.96239644686 0.195                                0.442 0.352644117155 1.0 0.20923614502 -0.355788993835 0.749992533526
* 317 31.8179419041 -3.46944695195e-16 1.68 4.71238898038 0.2 0.0 -0.222430706024 2.03838539124 3.97938591639 0.204                                0.398 0.354597208456 1.0 0.222430706024 -0.358385391235 0.733003063998
* 318 31.9185910225 -3.46944695195e-16 1.66 4.71238898038 0.2 0.0 -0.23527765274 2.02017116547 3.99244481722 0.207                                0.375 0.353093168322 1.0 0.23527765274 -0.360171165466 0.719944163165
* 319 32.0190210342 -3.46944695195e-16 1.64 4.71238898038 0.2 0.0 -0.251373767853 2.00305366516 4.00524956385 0.212                                0.357 0.349564770361 1.0 0.251373767853 -0.363053665161 0.707139416537
* 320 32.1203448772 -3.46944695195e-16 1.62 4.71238898038 0.2 0.0 -0.260991096497 1.98460388184 4.02421623865 0.213                                0.349 0.357551581285 1.0 0.260991096497 -0.364603881836 0.688172741732
* 321 32.2207570076 -3.46944695195e-16 1.6 4.71238898038 0.2 0.0 -0.275008201599 1.96717262268 4.04528576532 0.214                                0.343 0.364479887127 1.0 0.275008201599 -0.367172622681 0.66710321506
* 322 32.3215959072 -3.46944695195e-16 1.58 4.71238898038 0.2 0.0 -0.284882068634 1.94921779633 4.06328636805 0.216                                0.331 0.373025688058 1.0 0.284882068634 -0.369217796326 0.649102612338
* 323 32.4219739437 -3.46944695195e-16 1.56 4.71238898038 0.2 0.0 -0.295310020447 1.93230342865 4.07229763666 0.218                                0.318 0.374630432223 1.0 0.295310020447 -0.37230342865 0.640091343722
* 324 32.5226180553 -3.46944695195e-16 1.54 4.71238898038 0.2 0.0 -0.305172920227 1.90987014771 4.08144671122 0.221                                0.3 0.369430034226 1.0 0.305172920227 -0.369870147705 0.630942269168
* 325 32.6231579781 -3.46944695195e-16 1.52 4.71238898038 0.2 0.0 -0.32018995285 1.8946428299 4.09892231623 0.223                                0.295 0.377352307201 1.0 0.32018995285 -0.374642829895 0.613466664157
* 326 32.7239329815 -3.46944695195e-16 1.5 4.71238898038 0.2 0.0 -0.332402229309 1.87176799774 4.1079612414 0.224                                0.292 0.369632142854 1.0 0.332402229309 -0.371767997742 0.604427738986
* 327 32.8247840405 -3.46944695195e-16 1.48 4.71238898038 0.2 0.0 -0.343060493469 1.85051631927 4.11944395701 0.226                                0.288 0.368410993754 1.0 0.343060493469 -0.370516319275 0.592945023379
* 328 32.9255590439 -3.46944695195e-16 1.46 4.71238898038 0.2 0.0 -0.355070114136 1.83795452118 4.13341719309 0.224                                0.288 0.381369595901 1.0 0.355070114136 -0.377954521179 0.578971787295
* 329 33.0263578892 -3.46944695195e-16 1.44 4.71238898038 0.2 0.0 -0.363219738007 1.81337738037 4.14650351206 0.224                                0.286 0.379898435707 1.0 0.363219738007 -0.373377380371 0.565885468325
* 330 33.127161026 -3.46944695195e-16 1.42 4.71238898038 0.2 0.0 -0.373125076294 1.79310321808 4.16016585032 0.226                                0.274 0.383946814881 1.0 0.373125076294 -0.373103218079 0.552223130069
* 331 33.2279858589 -3.46944695195e-16 1.4 4.71238898038 0.2 0.0 -0.387368202209 1.77725028992 4.17294365564 0.226                                0.267 0.39016680783 1.0 0.387368202209 -0.377250289917 0.53944532474
* 332 33.3289210796 -3.46944695195e-16 1.38 4.71238898038 0.2 0.0 -0.39704990387 1.74741077423 4.18257147471 0.228                                0.254 0.3765588625 1.0 0.39704990387 -0.367410774231 0.529817505679
* 333 33.4296629429 -3.46944695195e-16 1.36 4.71238898038 0.2 0.0 -0.408172607422 1.73015499115 4.19601303736 0.23                                0.25 0.384886669733 1.0 0.408172607422 -0.37015499115 0.516375943026
* 334 33.5303990841 -3.46944695195e-16 1.34 4.71238898038 0.2 0.0 -0.416237831116 1.70672893524 4.20908075968 0.229                                0.258 0.386381092953 1.0 0.416237831116 -0.366728935242 0.503308220706
* 335 33.6313240528 -3.46944695195e-16 1.32 4.71238898038 0.2 0.0 -0.428365707397 1.68577194214 4.21955544153 0.23                                0.253 0.385776893338 1.0 0.428365707397 -0.365771942139 0.492833538851
* 336 33.7317280769 -3.46944695195e-16 1.3 4.71238898038 0.2 0.0 -0.435314178467 1.66596508026 4.2336517016 0.23                                0.248 0.395361820482 1.0 0.435314178467 -0.365965080261 0.478737278781
* 337 33.8321158886 -3.46944695195e-16 1.28 4.71238898038 0.2 0.0 -0.445869445801 1.6420249939 4.25137335459 0.231                                0.247 0.399754166202 1.0 0.445869445801 -0.362024993896 0.461015625796
* 338 33.9326140881 -3.46944695195e-16 1.26 4.71238898038 0.2 0.0 -0.457107067108 1.61978054047 4.26278883616 0.233                                0.235 0.399852376651 1.0 0.457107067108 -0.359780540466 0.449600144229
* 339 34.0330140591 -3.46944695195e-16 1.24 4.71238898038 0.2 0.0 -0.465071201324 1.59450292587 4.27293783823 0.235                                0.227 0.396508335189 1.0 0.465071201324 -0.354502925873 0.439451142153
* 340 34.1336739063 -3.46944695195e-16 1.22 4.71238898038 0.2 0.0 -0.472718238831 1.57086801529 4.28348631064 0.237                                0.224 0.396585659094 1.0 0.472718238831 -0.350868015289 0.428902669749
* 341 34.2344429493 -3.46944695195e-16 1.2 4.71238898038 0.2 0.0 -0.480820655823 1.54906082153 4.29511446158 0.236                                0.22 0.40061030838 1.0 0.480820655823 -0.349060821533 0.417274518809
* 342 34.3348989487 -3.46944695195e-16 1.18 4.71238898038 0.2 0.0 -0.48947429657 1.52417135239 4.30670494238 0.237                                0.219 0.39946604637 1.0 0.48947429657 -0.344171352386 0.405684038005
* 343 34.4356529713 -3.46944695195e-16 1.16 4.71238898038 0.2 0.0 -0.496644496918 1.50394868851 4.31320041815 0.238                                0.216 0.401392682914 1.0 0.496644496918 -0.343948688507 0.399188562236
* 344 34.5361690521 -3.46944695195e-16 1.14 4.71238898038 0.2 0.0 -0.503575325012 1.48038911819 4.32574218908 0.238                                0.217 0.404974175778 1.0 0.503575325012 -0.340389118195 0.386646791301
* 345 34.6367199421 -3.46944695195e-16 1.12 4.71238898038 0.2 0.0 -0.509864807129 1.45406341553 4.34089655081 0.239                                0.217 0.407534882591 1.0 0.509864807129 -0.334063415527 0.371492429576
* 346 34.737653017 -3.46944695195e-16 1.1 4.71238898038 0.2 0.0 -0.517849445343 1.43169641495 4.34720796744 0.241                                0.212 0.405708949412 1.0 0.517849445343 -0.331696414948 0.36518101295
* 347 34.8381550312 -3.46944695195e-16 1.08 4.71238898038 0.2 0.0 -0.523614406586 1.40653848648 4.35710567633 0.241                                0.208 0.404851321477 1.0 0.523614406586 -0.326538486481 0.355283304057
* 348 34.9387209415 -3.46944695195e-16 1.06 4.71238898038 0.2 0.0 -0.531197547913 1.37973022461 4.36527866522 0.243                                0.209 0.398323111641 1.0 0.531197547913 -0.319730224609 0.347110315165
* 349 35.0393090248 -3.46944695195e-16 1.04 4.71238898038 0.2 0.0 -0.537758350372 1.35539150238 4.37521070639 0.242                                0.207 0.398587456 1.0 0.537758350372 -0.31539150238 0.337178273997
* 350 35.1398119926 -3.46944695195e-16 1.02 4.71238898038 0.2 0.0 -0.542244911194 1.3330655098 4.38162035147 0.241                                0.213 0.399466952276 1.0 0.542244911194 -0.313065509796 0.330768628916
* 351 35.2404370308 -3.46944695195e-16 1.0 4.71238898038 0.2 0.0 -0.547347545624 1.30804729462 4.39047712484 0.241                                0.218 0.398392730678 1.0 0.547347545624 -0.308047294617 0.32191185554
* 352 35.3409519196 -3.46944695195e-16 0.98 4.71238898038 0.2 0.0 -0.553113460541 1.28388357162 4.40479845205 0.24                                0.219 0.404722184359 1.0 0.553113460541 -0.303883571625 0.307590528331
* 353 35.441617012 -3.46944695195e-16 0.96 4.71238898038 0.2 0.0 -0.559595584869 1.25955438614 4.41824859778 0.24                                0.219 0.409539967037 1.0 0.559595584869 -0.299554386139 0.294140382609
* 354 35.5421299934 -3.46944695195e-16 0.94 4.71238898038 0.2 0.0 -0.565716266632 1.23498678207 4.42501587072 0.241                                0.215 0.406587333458 1.0 0.565716266632 -0.294986782074 0.28737310966
* 355 35.6426398754 -3.46944695195e-16 0.92 4.71238898038 0.2 0.0 -0.570538520813 1.21360397339 4.43683475653 0.242                                0.207 0.415567009676 1.0 0.570538520813 -0.293603973389 0.275554223857
* 356 35.7431910038 -3.46944695195e-16 0.9 4.71238898038 0.2 0.0 -0.571596622467 1.187084198 4.44993871847 0.243                                0.205 0.419171029085 1.0 0.571596622467 -0.287084197998 0.262450261912
* 357 35.8437759876 -3.46944695195e-16 0.88 4.71238898038 0.2 0.0 -0.581861972809 1.16206645966 4.4561089913 0.245                                0.191 0.413190521831 1.0 0.581861972809 -0.282066459656 0.256279989085
* 358 35.9443340302 -3.46944695195e-16 0.86 4.71238898038 0.2 0.0 -0.584629058838 1.13809347153 4.4654344956 0.246                                0.183 0.416075884967 1.0 0.584629058838 -0.278093471527 0.246954484782
* 359 36.0448908806 -3.46944695195e-16 0.84 4.71238898038 0.2 0.0 -0.588675498962 1.11159038544 4.47626680533 0.246                                0.184 0.415893578862 1.0 0.588675498962 -0.271590385437 0.236122175059
* 360 36.1454639435 -3.46944695195e-16 0.82 4.71238898038 0.2 0.0 -0.592823982239 1.08531999588 4.48565954367 0.246                                0.178 0.414439401155 1.0 0.592823982239 -0.26531999588 0.226729436717
* 361 36.2460479736 -3.46944695195e-16 0.8 4.71238898038 0.2 0.0 -0.596632480621 1.06241369247 4.49228328863 0.245                                0.173 0.415698282049 1.0 0.596632480621 -0.262413692474 0.220105691752
* 362 36.3468909264 -3.46944695195e-16 0.78 4.71238898038 0.2 0.0 -0.599983215332 1.0382809639 4.50354713598 0.246                                0.176 0.420485605657 1.0 0.599983215332 -0.258280963898 0.208841844401
* 363 36.4475769997 -3.46944695195e-16 0.76 4.71238898038 0.2 0.0 -0.603996753693 1.01337718964 4.51474613348 0.246                                0.173 0.423686492775 1.0 0.603996753693 -0.253377189636 0.197642846904
* 364 36.5481519699 -3.46944695195e-16 0.74 4.71238898038 0.2 0.0 -0.60577917099 0.986590385437 4.52284998098 0.247                                0.171 0.420838508638 1.0 0.60577917099 -0.246590385437 0.1895389994
* 365 36.6485579014 -3.46944695195e-16 0.72 4.71238898038 0.2 0.0 -0.61011838913 0.962294101715 4.53264135519 0.249                                0.168 0.423425753891 1.0 0.61011838913 -0.242294101715 0.179747625193
* 366 36.7491059303 -3.46944695195e-16 0.7 4.71238898038 0.2 0.0 -0.613945007324 0.936630725861 4.54268640677 0.249                                0.166 0.424178344962 1.0 0.613945007324 -0.236630725861 0.169702573619
* 367 36.8495819569 -3.46944695195e-16 0.68 4.71238898038 0.2 0.0 -0.615144729614 0.9051861763 4.55482668081 0.25                                0.162 0.418142827506 1.0 0.615144729614 -0.2251861763 0.157562299571
* 368 36.9501469135 -3.46944695195e-16 0.66 4.71238898038 0.2 0.0 -0.619778633118 0.87849855423 4.56157869497 0.25                                0.162 0.413144277908 1.0 0.619778633118 -0.21849855423 0.150810285411
* 369 37.0507080555 -3.46944695195e-16 0.64 4.71238898038 0.2 0.0 -0.621105194092 0.856677055359 4.56933015982 0.248                                0.165 0.418644035019 1.0 0.621105194092 -0.216677055359 0.143058820567
* 370 37.1512539387 -3.46944695195e-16 0.62 4.71238898038 0.2 0.0 -0.62423324585 0.82616186142 4.58026498953 0.249                                0.173 0.412313119747 1.0 0.62423324585 -0.20616186142 0.132123990855
* 371 37.2524430752 -3.46944695195e-16 0.6 4.71238898038 0.2 0.0 -0.625608444214 0.80314540863 4.58542341391 0.248                                0.174 0.41273410365 1.0 0.625608444214 -0.20314540863 0.126965566478
* 372 37.3529820442 -3.46944695195e-16 0.58 4.71238898038 0.2 0.0 -0.626827716827 0.77903842926 4.59755319754 0.247                                0.179 0.419355036704 1.0 0.626827716827 -0.19903842926 0.114835782847
* 373 37.4535479546 -3.46944695195e-16 0.56 4.71238898038 0.2 0.0 -0.626970291138 0.749489784241 4.60737461249 0.248                                0.183 0.414001489732 1.0 0.626970291138 -0.189489784241 0.1050143679
* 374 37.554751873 -3.46944695195e-16 0.54 4.71238898038 0.2 0.0 -0.627196311951 0.725810050964 4.61194843451 0.248                                0.179 0.412794004479 1.0 0.627196311951 -0.185810050964 0.100440545878
* 375 37.6552698612 -3.46944695195e-16 0.52 4.71238898038 0.2 0.0 -0.628437519073 0.702083587646 4.61981290976 0.248                                0.184 0.415092926693 1.0 0.628437519073 -0.182083587646 0.0925760706279
* 376 37.7558488846 -3.46944695195e-16 0.5 4.71238898038 0.2 0.0 -0.627162456512 0.675511837006 4.62701028982 0.248                                0.187 0.412035410699 1.0 0.627162456512 -0.175511837006 0.085378690562
* 377 37.856345892 -3.46944695195e-16 0.48 4.71238898038 0.2 0.0 -0.62956905365 0.65433216095 4.63571685949 0.248                                0.185 0.419547611032 1.0 0.62956905365 -0.17433216095 0.0766721208903
* 378 37.9568049908 -3.46944695195e-16 0.46 4.71238898038 0.2 0.0 -0.626856803894 0.62756729126 4.64011186758 0.247                                0.184 0.413066551998 1.0 0.626856803894 -0.16756729126 0.0722771128032
* 379 38.0573239326 -3.46944695195e-16 0.44 4.71238898038 0.2 0.0 -0.627482891083 0.601484775543 4.6508736054 0.248                                0.181 0.414510924596 1.0 0.627482891083 -0.161484775543 0.0615153749797
* 380 38.1585280895 -3.46944695195e-16 0.42 4.71238898038 0.2 0.0 -0.627024173737 0.578221797943 4.66010708014 0.247                                0.182 0.419233807236 1.0 0.627024173737 -0.158221797943 0.0522819002483
* 381 38.259180069 -3.46944695195e-16 0.4 4.71238898038 0.2 0.0 -0.627586364746 0.550099372864 4.66645092169 0.248                                0.181 0.412079368902 1.0 0.627586364746 -0.150099372864 0.0459380586955
* 382 38.3597910404 -3.46944695195e-16 0.38 4.71238898038 0.2 0.0 -0.627886295319 0.528306007385 4.67140669027 0.248                                0.178 0.414463007695 1.0 0.627886295319 -0.148306007385 0.0409822901103
* 383 38.4603369236 -3.46944695195e-16 0.36 4.71238898038 0.2 0.0 -0.625775814056 0.502780914307 4.68695539633 0.247                                0.182 0.422215556689 1.0 0.625775814056 -0.142780914307 0.0254335840556
* 384 38.5616340637 -3.46944695195e-16 0.34 4.71238898038 0.2 0.0 -0.623453140259 0.476269721985 4.69216102759 0.247                                0.179 0.41664956195 1.0 0.623453140259 -0.136269721985 0.0202279527995
* 385 38.6620819569 -3.46944695195e-16 0.32 4.71238898038 0.2 0.0 -0.624777317047 0.453514099121 4.69921726385 0.248                                0.173 0.419550805013 1.0 0.624777317047 -0.133514099121 0.0131717165324
* 386 38.7627799511 -3.46944695195e-16 0.3 4.71238898038 0.2 0.0 -0.622239112854 0.428572654724 4.70996374289 0.248                                0.172 0.422704631403 1.0 0.622239112854 -0.128572654724 0.00242523749801
* 387 38.8633499146 -3.46944695195e-16 0.28 4.71238898038 0.2 0.0 -0.620461463928 0.402096748352 4.71873516241 0.248                                0.168 0.420893487261 1.0 0.620461463928 -0.122096748352 -0.00634618202714
* 388 38.9637448788 -3.46944695195e-16 0.26 4.71238898038 0.2 0.0 -0.619349479675 0.379062652588 4.72556156317 0.248                                0.163 0.422946075847 1.0 0.619349479675 -0.119062652588 -0.013172582784
* 389 39.0644638538 -3.46944695195e-16 0.24 4.71238898038 0.2 0.0 -0.618427753448 0.354887962341 4.73545831839 0.248                                0.161 0.42626196799 1.0 0.618427753448 -0.114887962341 -0.0230693380025
* 390 39.1649770737 -3.46944695195e-16 0.22 4.71238898038 0.2 0.0 -0.616218566895 0.328173160553 4.74240011374 0.249                                0.156 0.421829754005 1.0 0.616218566895 -0.108173160553 -0.0300111333516
* 391 39.2654850483 -3.46944695195e-16 0.2 4.71238898038 0.2 0.0 -0.61300945282 0.303817749023 4.75016254583 0.25                                0.155 0.422265534427 1.0 0.61300945282 -0.103817749023 -0.03777356545
* 392 39.3659758568 -3.46944695195e-16 0.18 4.71238898038 0.2 0.0 -0.611163139343 0.279168605804 4.75629371801 0.25                                0.157 0.420469137821 1.0 0.611163139343 -0.0991686058044 -0.0439047376302
* 393 39.4664669037 -3.46944695195e-16 0.16 4.71238898038 0.2 0.0 -0.610003471375 0.256629943848 4.76494831244 0.249                                0.156 0.425022909254 1.0 0.610003471375 -0.0966299438477 -0.0525593320515
* 394 39.5668759346 -3.46944695195e-16 0.14 4.71238898038 0.2 0.0 -0.604416370392 0.229113578796 4.77349132696 0.25                                0.16 0.420215340419 1.0 0.604416370392 -0.0891135787964 -0.0611023465779
* 395 39.6672968864 -3.46944695195e-16 0.12 4.71238898038 0.2 0.0 -0.603643894196 0.205518245697 4.77848476568 0.25                                0.158 0.419004238885 1.0 0.603643894196 -0.085518245697 -0.0660957852986
* 396 39.7678060532 -3.46944695195e-16 0.1 4.71238898038 0.2 0.0 -0.599359989166 0.182469844818 4.78616327444 0.249                                0.161 0.421038730014 1.0 0.599359989166 -0.0824698448181 -0.0737742940572
* 397 39.868229866 -3.46944695195e-16 0.08 4.71238898038 0.2 0.0 -0.594891548157 0.15504360199 4.7988695542 0.249                                0.164 0.420349532799 1.0 0.594891548157 -0.0750436019897 -0.0864805738118
* 398 39.9689610004 -3.46944695195e-16 0.06 4.71238898038 0.2 0.0 -0.591238975525 0.130599975586 4.80384058157 0.249                                0.164 0.417025260394 1.0 0.591238975525 -0.0705999755859 -0.0914516011861
* 399 40.0695030689 -3.46944695195e-16 0.04 4.71238898038 0.2 0.0 -0.586966514587 0.10777759552 4.80920309225 0.249                                0.164 0.416746985374 1.0 0.586966514587 -0.06777759552 -0.0968141118672
* 400 40.1699230671 -3.46944695195e-16 0.02 4.71238898038 0.2 0.0 -0.583806037903 0.0814352035522 4.81626314322 0.248                                0.167 0.412117394885 1.0 0.583806037903 -0.0614352035522 -0.103874162832
* 401 40.2703490257 -3.46944695195e-16 -3.46944695195e-16 4.71238898038 0.2 0.0 -0.577706336975 0.0552206039429 4.8232502381 0.248                                0.169 0.406987008917 1.0 0.577706336975 -0.0552206039429 -0.110861257711
