### Ensaio do Controlador Klancar com Laser (Quadrado) ###

# Parâmetros #

# Número do Ensaio: 1
# Frequência: 10.0 Hz
# Lado: 1.00 m
# Velocidade Linear da Base: 0.10 m/s
# Parâmetro ksi: 0.80
# Parâmetro w_n: 0.55
# Parâmetro g: 30.00

* 1 0.0 0.0 0.0 0.0 0.1 0.0 0.0 0.0 0.0 0.0                                0.0 0.1 0.0 0.0 0.0 0.0
* 2 0.100624084473 0.01 0.0 0 0.1 0.0 -0.000598430633545 9.05990600586e-06 6.28254127503 0.0                                0.0 0.1092879817 1.0 0.0105984306335 -9.05990600586e-06 6.28254127503
* 3 0.201059103012 0.02 0.0 0 0.1 0.0 -0.000893115997314 0.00135135650635 6.28257274629 0.008                                0.096 0.118310512726 1.0 0.0208931159973 -0.00135135650635 6.28257274629
* 4 0.301483154297 0.03 0.0 0 0.1 0.0 -0.00310516357422 -0.000218391418457 0.00255725602619 0.022                                0.331 0.129011979364 -0.00183986964461 0.0331051635742 0.000218391418457 -0.00255725602619
* 5 0.401878118515 0.04 0.0 0 0.1 0.0 0.00199222564697 0.0036416053772 0.0302073229104 0.048                                0.385 0.133151141196 -0.0408360191618 0.038007774353 -0.0036416053772 -0.0302073229104
* 6 0.502281188965 0.05 0.0 0 0.1 0.0 0.01300573349 0.0042405128479 0.0898937508464 0.08                                0.22 0.131551861573 -0.101412337529 0.03699426651 -0.0042405128479 -0.0898937508464
* 7 0.602852106094 0.06 0.0 0 0.1 0.0 0.0296845436096 0.00491714477539 0.101919516921 0.097                                0.127 0.125471911561 -0.113245845151 0.0303154563904 -0.00491714477539 -0.101919516921
* 8 0.703261137009 0.07 0.0 0 0.1 0.0 0.0415472984314 0.00574731826782 0.100426442921 0.11                                0.038 0.123800247275 -0.113722215258 0.0284527015686 -0.00574731826782 -0.100426442921
* 9 0.803673028946 0.08 0.0 0 0.1 0.0 0.0583944320679 0.00901317596436 0.098030872643 0.115                                -0.018 0.11759006491 -0.119163524538 0.0216055679321 -0.00901317596436 -0.098030872643
* 10 0.905083179474 0.09 0.0 0 0.1 0.0 0.0728950500488 0.0105199813843 0.0932712107897 0.117                                -0.054 0.11363156629 -0.117940820858 0.0171049499512 -0.0105199813843 -0.0932712107897
* 11 1.00562906265 0.1 0.0 0 0.1 0.0 0.0840787887573 0.0121564865112 0.0865020677447 0.117                                -0.078 0.112606191492 -0.116266217719 0.0159212112427 -0.0121564865112 -0.0865020677447
* 12 1.10727214813 0.11 0.0 0 0.1 0.0 0.0949487686157 0.0121674537659 0.0819322913885 0.115                                -0.092 0.111937864678 -0.111877182055 0.0150512313843 -0.0121674537659 -0.0819322913885
* 13 1.20794820786 0.12 0.0 0 0.1 0.0 0.103888034821 0.0130987167358 0.0766329541802 0.114                                -0.101 0.112906072544 -0.110039075488 0.0161119651794 -0.0130987167358 -0.0766329541802
* 14 1.30928015709 0.13 0.0 0 0.1 0.0 0.113118171692 0.0145559310913 0.0735542401671 0.113                                -0.103 0.11354667574 -0.111731258714 0.0168818283081 -0.0145559310913 -0.0735542401671
* 15 1.41028308868 0.14 0.0 0 0.1 0.0 0.121543884277 0.0142202377319 0.0720538049936 0.113                                -0.106 0.114975529169 -0.109680859066 0.0184561157227 -0.0142202377319 -0.0720538049936
* 16 1.51087403297 0.15 0.0 0 0.1 0.0 0.131300926208 0.014829158783 0.0694381147623 0.113                                -0.108 0.115204904438 -0.109124938531 0.0186990737915 -0.014829158783 -0.0694381147623
* 17 1.61143112183 0.16 0.0 0 0.1 0.0 0.139456272125 0.0179777145386 0.065690048039 0.114                                -0.108 0.116714914405 -0.115430337893 0.0205437278748 -0.0179777145386 -0.065690048039
* 18 1.71193599701 0.17 0.0 0 0.1 0.0 0.150399208069 0.0198845863342 0.0601471103728 0.114                                -0.109 0.11591789227 -0.115790835046 0.0196007919312 -0.0198845863342 -0.0601471103728
* 19 1.81246209145 0.18 0.0 0 0.1 0.0 0.161406517029 0.0190763473511 0.0561429336667 0.115                                -0.112 0.115173192149 -0.109470106996 0.0185934829712 -0.0190763473511 -0.0561429336667
* 20 1.91297316551 0.19 0.0 0 0.1 0.0 0.172833442688 0.0181818008423 0.0515917539597 0.115                                -0.112 0.114069259634 -0.102341354396 0.017166557312 -0.0181818008423 -0.0515917539597
* 21 2.01343798637 0.2 0.0 0 0.1 0.0 0.18292760849 0.0188117027283 0.049680557102 0.114                                -0.109 0.114000967543 -0.102446787193 0.01707239151 -0.0188117027283 -0.049680557102
* 22 2.11417412758 0.21 0.0 0 0.1 0.0 0.190135002136 0.0199689865112 0.0474317483604 0.114                                -0.106 0.11644702351 -0.104232320291 0.0198649978638 -0.0199689865112 -0.0474317483604
* 23 2.21477007866 0.22 0.0 0 0.1 0.0 0.199861049652 0.0221033096313 0.0460696555674 0.114                                -0.104 0.116631993485 -0.10939539516 0.0201389503479 -0.0221033096313 -0.0460696555674
* 24 2.31577801704 0.23 0.0 0 0.1 0.0 0.208307743073 0.0217041969299 0.045023303479 0.115                                -0.105 0.118033458096 -0.107432034838 0.0216922569275 -0.0217041969299 -0.045023303479
* 25 2.41639113426 0.24 0.0 0 0.1 0.0 0.217891693115 0.0210509300232 0.0417714528739 0.115                                -0.106 0.118500238484 -0.102474051755 0.0221083068848 -0.0210509300232 -0.0417714528739
* 26 2.51681303978 0.25 0.0 0 0.1 0.0 0.228137016296 0.0216012001038 0.0370219238102 0.116                                -0.106 0.1183774291 -0.0996312576962 0.0218629837036 -0.0216012001038 -0.0370219238102
* 27 2.61734604836 0.26 0.0 0 0.1 0.0 0.239984989166 0.022894859314 0.0332702323794 0.117                                -0.103 0.116807817075 -0.0998004821672 0.0200150108337 -0.022894859314 -0.0332702323794
* 28 2.71842598915 0.27 0.0 0 0.1 0.0 0.253420352936 0.02263879776 0.0307573769242 0.117                                -0.102 0.113865386179 -0.0963682836135 0.0165796470642 -0.02263879776 -0.0307573769242
* 29 2.8190331459 0.28 0.0 0 0.1 0.0 0.26300573349 0.0262422561646 0.0282907318324 0.116                                -0.1 0.114196522796 -0.104930169006 0.01699426651 -0.0262422561646 -0.0282907318324
* 30 2.91972208023 0.29 0.0 0 0.1 0.0 0.27293920517 0.0271019935608 0.0278782565147 0.115                                -0.099 0.114244613825 -0.107132358094 0.0170607948303 -0.0271019935608 -0.0278782565147
* 31 3.02042603493 0.3 0.0 0 0.1 0.0 0.282751560211 0.0294466018677 0.0275798402727 0.115                                -0.102 0.114360369687 -0.113902917768 0.0172484397888 -0.0294466018677 -0.0275798402727
* 32 3.12099909782 0.31 0.0 0 0.1 0.0 0.291253089905 0.0289239883423 0.0261660479009 0.114                                -0.106 0.115725940092 -0.111144467191 0.0187469100952 -0.0289239883423 -0.0261660479009
* 33 3.22147798538 0.32 0.0 0 0.1 0.0 0.300030708313 0.0288152694702 0.0231670886278 0.114                                -0.107 0.116883706715 -0.108112997268 0.019969291687 -0.0288152694702 -0.0231670886278
* 34 3.32188820839 0.33 0.0 0 0.1 0.0 0.310409545898 0.0279884338379 0.0216182377189 0.115                                -0.108 0.11661062843 -0.104161390405 0.0195904541016 -0.0279884338379 -0.0216182377189
* 35 3.42226314545 0.34 0.0 0 0.1 0.0 0.325356960297 0.0300092697144 0.0198971312493 0.115                                -0.106 0.11228694655 -0.108320966874 0.0146430397034 -0.0300092697144 -0.0198971312493
* 36 3.52269411087 0.35 0.0 0 0.1 0.0 0.337131500244 0.0293145179749 0.0184326339513 0.115                                -0.106 0.110784978029 -0.104793726205 0.0128684997559 -0.0293145179749 -0.0184326339513
* 37 3.62345004082 0.36 0.0 0 0.1 0.0 0.346967220306 0.0304260253906 0.0154847456142 0.113                                -0.106 0.110995128725 -0.105442687976 0.0130327796936 -0.0304260253906 -0.0154847456142
* 38 3.72409105301 0.37 0.0 0 0.1 0.0 0.355837345123 0.0328760147095 0.0130408769473 0.112                                -0.105 0.112026259107 -0.110602174256 0.0141626548767 -0.0328760147095 -0.0130408769473
* 39 3.8246819973 0.38 0.0 0 0.1 0.0 0.364967346191 0.0350890159607 0.0121570881456 0.112                                -0.106 0.112791767585 -0.116461453662 0.0150326538086 -0.0350890159607 -0.0121570881456
* 40 3.9251871109 0.39 0.0 0 0.1 0.0 0.3748254776 0.0334815979004 0.0105032613501 0.112                                -0.108 0.112983856806 -0.110121987495 0.0151745223999 -0.0334815979004 -0.0105032613501
* 41 4.02583098412 0.4 0.0 0 0.1 0.0 0.385652065277 0.0330972671509 0.0112167308107 0.112                                -0.11 0.112241483969 -0.109598206335 0.0143479347229 -0.0330972671509 -0.0112167308107
* 42 4.12629914284 0.41 0.0 0 0.1 0.0 0.396883964539 0.031325340271 0.00901913549751 0.112                                -0.11 0.11124219154 -0.102231054038 0.0131160354614 -0.031325340271 -0.00901913549751
* 43 4.22730302811 0.42 0.0 0 0.1 0.0 0.406526088715 0.0310516357422 0.0063494364731 0.111                                -0.108 0.111632908911 -0.0989740502876 0.0134739112854 -0.0310516357422 -0.0063494364731
* 44 4.32774019241 0.43 0.0 0 0.1 0.0 0.417292118073 0.034113407135 0.00200710585341 0.111                                -0.106 0.111076402511 -0.104175472851 0.0127078819275 -0.034113407135 -0.00200710585341
* 45 4.42849206924 0.44 0.0 0 0.1 0.0 0.427987098694 0.0345854759216 6.2815270424 0.111                                -0.104 0.110577687919 1.0 0.0120129013062 -0.0345854759216 6.2815270424
* 46 4.52932620049 0.45 0.0 0 0.1 0.0 0.438436985016 0.0351705551147 6.27999830247 0.111                                -0.055 0.110230988782 1.0 0.0115630149841 -0.0351705551147 6.27999830247
* 47 4.62988305092 0.46 0.0 0 0.1 0.0 0.447329044342 0.0350942611694 6.28086900712 0.087                                0.305 0.111175209037 1.0 0.012670955658 -0.0350942611694 6.28086900712
* 48 4.73042011261 0.47 0.0 0 0.1 0.0 0.45237493515 0.0368757247925 0.0136661231518 0.083                                0.428 0.114993428295 -0.123315810717 0.0176250648499 -0.0368757247925 -0.0136661231518
* 49 4.83090019226 0.48 0.0 0 0.1 0.0 0.461235046387 0.0395903587341 0.0559759289026 0.082                                0.546 0.114321315635 -0.170789409898 0.0187649536133 -0.0395903587341 -0.0559759289026
* 50 4.93142604828 0.49 0.0 0 0.1 0.0 0.469819545746 0.0427742004395 0.1038659513 0.094                                0.325 0.113164568996 -0.224931487752 0.0201804542542 -0.0427742004395 -0.1038659513
* 51 5.03194403648 0.5 0.0 0 0.1 0.0 0.481559753418 0.0422296524048 0.110641561449 0.098                                0.122 0.111363659094 -0.228984012118 0.018440246582 -0.0422296524048 -0.110641561449
* 52 5.13264608383 0.51 0.0 0 0.1 0.0 0.490557670593 0.0441741943359 0.106169626117 0.085                                0.069 0.112277039466 -0.230999713731 0.0194423294067 -0.0441741943359 -0.106169626117
* 53 5.23322606087 0.52 0.0 0 0.1 0.0 0.497735023499 0.0433640480042 0.104774706066 0.062                                0.049 0.114882257825 -0.22818431181 0.0222649765015 -0.0433640480042 -0.104774706066
* 54 5.33377814293 0.53 0.0 0 0.1 0.0 0.49756860733 0.0422258377075 0.105507254601 0.049                                0.038 0.12381028897 -0.228681226246 0.0324313926697 -0.0422258377075 -0.105507254601
* 55 5.43435907364 0.54 0.0 0 0.1 0.0 0.496458530426 0.0423078536987 0.105063989758 0.034                                0.026 0.133507741512 -0.231995840561 0.043541469574 -0.0423078536987 -0.105063989758
* 56 5.53503513336 0.55 0.0 0 0.1 0.0 0.497420310974 0.0413918495178 0.105271071196 0.026                                0.021 0.141458303262 -0.23231777913 0.0525796890259 -0.0413918495178 -0.105271071196
* 57 5.63551807404 0.56 0.0 0 0.1 0.0 0.496564388275 0.0424971580505 0.104743912816 0.02                                0.015 0.150845630532 -0.238482759854 0.0634356117249 -0.0424971580505 -0.104743912816
* 58 5.73621201515 0.57 0.0 0 0.1 0.0 0.496819496155 0.0417757034302 0.105590589345 0.02                                0.014 0.159359511244 -0.240302521126 0.0731805038452 -0.0417757034302 -0.105590589345
* 59 5.83716320992 0.58 0.0 0 0.1 0.0 0.496252536774 0.0416359901428 0.104694806039 0.043                                0.013 0.168630064557 -0.242229715243 0.0837474632263 -0.0416359901428 -0.104694806039
* 60 5.93780517578 0.59 0.0 0 0.1 0.0 0.500102043152 0.0410356521606 0.105468966067 0.071                                0.011 0.174003350556 -0.243242887899 0.0898979568481 -0.0410356521606 -0.105468966067
* 61 6.03846597672 0.6 0.0 0 0.1 0.0 0.515602111816 0.0447187423706 0.103534899652 0.11                                -0.06 0.168980801939 -0.250338838728 0.0843978881836 -0.0447187423706 -0.103534899652
* 62 6.13950920105 0.61 0.0 0 0.1 0.0 0.538557529449 0.0502624511719 0.101735532284 0.126                                -0.107 0.157294757705 -0.260931365535 0.0714424705505 -0.0502624511719 -0.101735532284
* 63 6.24013805389 0.62 0.0 0 0.1 0.0 0.560662746429 0.0536332130432 0.0917074084282 0.144                                -0.171 0.147057456995 -0.256893980244 0.0593372535706 -0.0536332130432 -0.0917074084282
* 64 6.34082198143 0.63 0.0 0 0.1 0.0 0.579106330872 0.0538086891174 0.0828783661127 0.147                                -0.2 0.140200937644 -0.24614241318 0.0508936691284 -0.0538086891174 -0.0828783661127
* 65 6.44167613983 0.64 0.0 0 0.1 0.0 0.596845149994 0.0549621582031 0.0721126645803 0.147                                -0.223 0.133990425831 -0.236982253136 0.0431548500061 -0.0549621582031 -0.0721126645803
* 66 6.54259419441 0.65 0.0 0 0.1 0.0 0.609115600586 0.0575852394104 0.0604359693825 0.144                                -0.23 0.132533253813 -0.232811901801 0.0408843994141 -0.0575852394104 -0.0604359693825
* 67 6.64347314835 0.66 0.0 0 0.1 0.0 0.621962070465 0.058470249176 0.043989226222 0.139                                -0.232 0.130952472752 -0.218809445312 0.0380379295349 -0.058470249176 -0.043989226222
* 68 6.74407720566 0.67 0.0 0 0.1 0.0 0.637966156006 0.0594115257263 0.0335397869349 0.137                                -0.231 0.126255081781 -0.210749754232 0.0320338439941 -0.0594115257263 -0.0335397869349
* 69 6.84458899498 0.68 0.0 0 0.1 0.0 0.648428916931 0.0601363182068 0.0226672515273 0.134                                -0.225 0.126440233677 -0.202373898323 0.0315710830688 -0.0601363182068 -0.0226672515273
* 70 6.94546914101 0.69 0.0 0 0.1 0.0 0.660283565521 0.0608034133911 0.0147980479524 0.13                                -0.217 0.125239886398 -0.19667781523 0.0297164344788 -0.0608034133911 -0.0147980479524
* 71 7.046200037 0.7 0.0 0 0.1 0.0 0.670046806335 0.0604963302612 0.00789579655975 0.129                                -0.212 0.125827126547 -0.189112368489 0.0299531936646 -0.0604963302612 -0.00789579655975
* 72 7.14678120613 0.71 0.0 0 0.1 0.0 0.68118429184 0.0601034164429 0.00218511209823 0.127                                -0.204 0.125137428247 -0.18241365167 0.0288157081604 -0.0601034164429 -0.00218511209823
* 73 7.2473950386 0.72 0.0 0 0.1 0.0 0.690923213959 0.0589609146118 6.28096532823 0.126                                -0.198 0.125596017276 1.0 0.0290767860413 -0.0589609146118 6.28096532823
* 74 7.3481771946 0.73 0.0 0 0.1 0.0 0.704068183899 0.0602750778198 6.27583169915 0.12                                -0.06 0.123110618764 1.0 0.0259318161011 -0.0602750778198 6.27583169915
* 75 7.44879603386 0.74 0.0 0 0.1 0.0 0.716133117676 0.0617361068726 6.26913976694 0.105                                0.155 0.121663839201 1.0 0.0238668823242 -0.0617361068726 6.26913976694
* 76 7.54943108559 0.75 0.0 0 0.1 0.0 0.722264766693 0.0634298324585 6.2743377688 0.092                                0.442 0.124792878197 1.0 0.0277352333069 -0.0634298324585 6.2743377688
* 77 7.6500890255 0.76 0.0 0 0.1 0.0 0.728547096252 0.0629539489746 0.040397413075 0.089                                0.556 0.125231746682 -0.22792109142 0.0314529037476 -0.0629539489746 -0.040397413075
* 78 7.75072598457 0.77 0.0 0 0.1 0.0 0.736562252045 0.0637831687927 0.0929955765605 0.093                                0.526 0.123553994671 -0.281335178069 0.0334377479553 -0.0637831687927 -0.0929955765605
* 79 7.85145902634 0.78 0.0 0 0.1 0.0 0.746331691742 0.0661058425903 0.153568148613 0.103                                0.276 0.119119728494 -0.346014268016 0.0336683082581 -0.0661058425903 -0.153568148613
* 80 7.95238900185 0.79 0.0 0 0.1 0.0 0.766928672791 0.0672121047974 0.176905542612 0.111                                0.063 0.107976664011 -0.365702193794 0.0230713272095 -0.0672121047974 -0.176905542612
* 81 8.05298113823 0.8 0.0 0 0.1 0.0 0.77494430542 0.0705528259277 0.15362945199 0.113                                -0.066 0.111059820076 -0.35530221615 0.0250556945801 -0.0705528259277 -0.15362945199
* 82 8.15461421013 0.81 0.0 0 0.1 0.0 0.783783912659 0.0708365440369 0.129619821906 0.112                                -0.191 0.113918975803 -0.334485883166 0.0262160873413 -0.0708365440369 -0.129619821906
* 83 8.25555515289 0.82 0.0 0 0.1 0.0 0.795437812805 0.0699372291565 0.10420999676 0.111                                -0.241 0.114490486082 -0.307663520626 0.0245621871948 -0.0699372291565 -0.10420999676
* 84 8.35675811768 0.83 0.0 0 0.1 0.0 0.805766105652 0.0714950561523 0.0805302709341 0.112                                -0.276 0.115804430534 -0.290211616466 0.0242338943481 -0.0714950561523 -0.0805302709341
* 85 8.45885920525 0.84 0.0 0 0.1 0.0 0.823369503021 0.0738587379456 0.0503417849541 0.113                                -0.285 0.111172011351 -0.26792339925 0.0166304969788 -0.0738587379456 -0.0503417849541
* 86 8.55967712402 0.85 0.0 0 0.1 0.0 0.834526538849 0.0736451148987 0.0348894707859 0.113                                -0.285 0.111239865121 -0.252995743104 0.0154734611511 -0.0736451148987 -0.0348894707859
* 87 8.66012215614 0.86 0.0 0 0.1 0.0 0.842889308929 0.0746207237244 0.0207075867802 0.112                                -0.279 0.113616342159 -0.243024283595 0.0171106910706 -0.0746207237244 -0.0207075867802
* 88 8.76097297668 0.87 0.0 0 0.1 0.0 0.854375362396 0.0758485794067 0.010660928674 0.111                                -0.266 0.11297766312 -0.237375287207 0.0156246376038 -0.0758485794067 -0.010660928674
* 89 8.86144018173 0.88 0.0 0 0.1 0.0 0.866032123566 0.0765519142151 6.28083086015 0.112                                -0.258 0.112398474528 1.0 0.0139678764343 -0.0765519142151 6.28083086015
* 90 8.96206712723 0.89 0.0 0 0.1 0.0 0.866032123566 0.0765519142151 6.28083086015 0.106                                -0.11 0.121162011158 1.0 0.0239678764343 -0.0765519142151 6.28083086015
* 91 9.06291508675 0.9 0.0 0 0.1 0.0 0.876361846924 0.0790429115295 6.27780008294 0.09                                0.102 0.121086720308 1.0 0.0236381530762 -0.0790429115295 6.27780008294
* 92 9.16348218918 0.91 0.0 0 0.1 0.0 0.885432243347 0.0800399780273 0.0513253062963 0.081                                0.391 0.117771508412 -0.288564158209 0.0245677566528 -0.0800399780273 -0.0513253062963
* 93 9.26405501366 0.92 0.0 0 0.1 0.0 0.894601345062 0.0805535316467 0.104098334908 0.081                                0.508 0.114261031492 -0.339497169053 0.0253986549377 -0.0805535316467 -0.104098334908
* 94 9.36471605301 0.93 0.0 0 0.1 0.0 0.908092498779 0.0835900306702 0.134983018041 0.096                                0.185 0.108256363336 -0.375626687568 0.0219075012207 -0.0835900306702 -0.134983018041
* 95 9.46528720856 0.94 0.0 0 0.1 0.0 0.918295860291 0.0856757164001 0.108849443495 0.101                                0.014 0.110159608864 -0.357970333496 0.0217041397095 -0.0856757164001 -0.108849443495
* 96 9.56606316566 0.95 0.0 0 0.1 0.0 0.926391601562 0.0845212936401 0.0690518692136 0.104                                -0.154 0.115291084854 -0.318360357189 0.0236083984375 -0.0845212936401 -0.0690518692136
* 97 9.66669201851 0.96 0.0 0 0.1 0.0 0.933666706085 0.0848212242126 0.0304442439228 0.106                                -0.214 0.120757629131 -0.283430475453 0.0263332939148 -0.0848212242126 -0.0304442439228
* 98 9.76731920242 0.97 0.0 0 0.1 0.0 0.946174621582 0.0876531600952 0.00471421889961 0.111                                -0.254 0.12051604914 -0.267424845655 0.023825378418 -0.0876531600952 -0.00471421889961
* 99 9.86789917946 0.98 0.0 0 0.1 0.0 0.955318927765 0.0879583358765 6.27072429681 0.114                                -0.261 0.122580470026 1.0 0.0246810722351 -0.0879583358765 6.27072429681
* 100 9.96848416328 0.99 0.0 0 0.1 0.0 0.966106891632 0.0875310897827 6.25845527673 0.115                                -0.192 0.122798699208 1.0 0.0238931083679 -0.0875310897827 6.25845527673
* 101 10.0690531731 1.0 0.0 0 0.1 0.0 0.969417572021 0.0875120162964 6.2632298472 0.094                                0.098 0.128306166865 1.0 0.0305824279785 -0.0875120162964 6.2632298472
* 102 10.1698892117 1.0 0.01 1.57079632679 0.1 0.0 0.969417572021 0.0875120162964 6.2632298472 0.084                                0.379 0.026155794385 1.0 0.0305824279785 -0.0775120162964 4.6924335204
* 103 10.2705030441 1.0 0.02 1.57079632679 0.1 0.0 0.988293170929 0.0922327041626 0.0896413549781 0.08                                0.516 0.0135034516539 1.0 0.011706829071 -0.0722327041626 1.48115497182
* 104 10.3709690571 1.0 0.03 1.57079632679 0.1 0.0 0.997123718262 0.0910387039185 0.155547618866 0.054                                0.726 0.0096953425272 1.0 0.00287628173828 -0.0610387039185 1.41524870793
* 105 10.4717981815 1.0 0.04 1.57079632679 0.1 0.0 0.996767520905 0.0882325172424 0.228410258889 0.04                                0.816 0.0158312529624 1.0 0.00323247909546 -0.0482325172424 1.34238606791
* 106 10.572247982 1.0 0.05 1.57079632679 0.1 0.0 0.996176719666 0.0916318893433 0.309691458941 0.028                                0.897 0.0225484918295 0.982727242639 0.00382328033447 -0.0416318893433 1.26110486785
* 107 10.6727721691 1.0 0.06 1.57079632679 0.1 0.0 1.00006771088 0.0920586585999 0.371857106686 0.025                                0.921 0.0260712004101 0.961168747114 -6.77108764642e-05 -0.0320586585999 1.19893922011
* 108 10.7733390331 1.0 0.07 1.57079632679 0.1 0.0 0.999575614929 0.0927934646606 0.42785847187 0.024                                0.945 0.0335425422771 0.938875950767 0.000424385070801 -0.0227934646606 1.14293785492
* 109 10.8740320206 1.0 0.08 1.57079632679 0.1 0.0 1.00021743774 0.0929894447327 0.490551650524 0.026                                0.95 0.0415803212248 0.912613396385 -0.00021743774414 -0.0129894447327 1.08024467627
* 110 10.9745340347 1.0 0.09 1.57079632679 0.1 0.0 1.00376176834 0.0969862937927 0.54995059967 0.029                                0.942 0.0462540675951 0.882654080003 -0.00376176834106 -0.00698629379272 1.02084572712
* 111 11.0752060413 1.0 0.1 1.57079632679 0.1 0.0 1.00561523438 0.0997748374939 0.597611904144 0.035                                0.922 0.0523099609498 0.862893080428 -0.005615234375 0.000225162506104 0.973184422651
* 112 11.1758110523 1.0 0.11 1.57079632679 0.1 0.0 1.01157236099 0.10547542572 0.641691625118 0.039                                0.91 0.0541042778319 0.845880222488 -0.0115723609924 0.00452457427979 0.929104701677
* 113 11.2764041424 1.0 0.12 1.57079632679 0.1 0.0 1.01499843597 0.111756324768 0.688983619213 0.044                                0.888 0.0580224945147 0.820477534372 -0.0149984359741 0.00824367523193 0.881812707582
* 114 11.3769090176 1.0 0.13 1.57079632679 0.1 0.0 1.01959371567 0.118618965149 0.736736774445 0.047                                0.871 0.0611706105288 0.795715327419 -0.0195937156677 0.0113810348511 0.83405955235
* 115 11.4774150848 1.0 0.14 1.57079632679 0.1 0.0 1.0238494873 0.127499580383 0.772169053555 0.052                                0.843 0.0624389541859 0.77666644418 -0.0238494873047 0.0125004196167 0.79862727324
* 116 11.5779700279 1.0 0.15 1.57079632679 0.1 0.0 1.02739477158 0.137842655182 0.816734671593 0.055                                0.831 0.0642216916389 0.745700781248 -0.0273947715759 0.0121573448181 0.754061655202
* 117 11.6787011623 1.0 0.16 1.57079632679 0.1 0.0 1.03489208221 0.141374111176 0.858401894569 0.058                                0.801 0.0680458867633 0.740054383019 -0.0348920822144 0.0186258888245 0.712394432225
* 118 11.7791922092 1.0 0.17 1.57079632679 0.1 0.0 1.03763866425 0.146208763123 0.89471155405 0.06                                0.781 0.0736260622886 0.725230374998 -0.0376386642456 0.0237912368774 0.676084772744
* 119 11.8797421455 1.0 0.18 1.57079632679 0.1 0.0 1.03908967972 0.154722690582 0.925991535187 0.064                                0.759 0.0770363102806 0.704380236819 -0.039089679718 0.0252773094177 0.644804791608
* 120 11.9802341461 1.0 0.19 1.57079632679 0.1 0.0 1.04258966446 0.161937713623 0.968366384506 0.067                                0.746 0.0815100789563 0.680924008337 -0.0425896644592 0.028062286377 0.602429942289
* 121 12.080766201 1.0 0.2 1.57079632679 0.1 0.0 1.04692983627 0.168553352356 1.00373768806 0.072                                0.726 0.0855019552314 0.666374092327 -0.0469298362732 0.031446647644 0.56705863873
* 122 12.1814000607 1.0 0.21 1.57079632679 0.1 0.0 1.05131435394 0.17657995224 1.03173434734 0.075                                0.709 0.0878693014262 0.655989395656 -0.0513143539429 0.03342004776 0.539061979451
* 123 12.2818360329 1.0 0.22 1.57079632679 0.1 0.0 1.0539855957 0.185273170471 1.06437551975 0.08                                0.69 0.0911138893075 0.635966722017 -0.0539855957031 0.0347268295288 0.506420807042
* 124 12.3823180199 1.0 0.23 1.57079632679 0.1 0.0 1.05970668793 0.195744514465 1.09257984161 0.082                                0.676 0.091354515204 0.625406546862 -0.0597066879272 0.0342554855347 0.478216485181
* 125 12.4830532074 1.0 0.24 1.57079632679 0.1 0.0 1.06503534317 0.204991340637 1.1205252409 0.086                                0.655 0.0928506721103 0.615965771769 -0.0650353431702 0.0350086593628 0.450271085897
* 126 12.583573103 1.0 0.25 1.57079632679 0.1 0.0 1.06827831268 0.214685916901 1.14977252483 0.087                                0.645 0.0950574537842 0.59921175472 -0.0682783126831 0.0353140830994 0.421023801961
* 127 12.684484005 1.0 0.26 1.57079632679 0.1 0.0 1.0703420639 0.226758480072 1.17796123028 0.09                                0.629 0.0956969927673 0.577390691481 -0.0703420639038 0.033241519928 0.392835096517
* 128 12.7858450413 1.0 0.27 1.57079632679 0.1 0.0 1.07449626923 0.239144325256 1.20483112335 0.091                                0.621 0.0952654011023 0.562530124386 -0.0744962692261 0.0308556747437 0.365965203443
* 129 12.8862500191 1.0 0.28 1.57079632679 0.1 0.0 1.07694625854 0.249502658844 1.22988379002 0.093                                0.6 0.0968876013496 0.54690487846 -0.0769462585449 0.030497341156 0.340912536779
* 130 12.986754179 1.0 0.29 1.57079632679 0.1 0.0 1.0777220726 0.258711338043 1.25782895088 0.093                                0.588 0.100259867699 0.52501060024 -0.0777220726013 0.0312886619568 0.312967375913
* 131 13.0872859955 1.0 0.3 1.57079632679 0.1 0.0 1.0803937912 0.268845558167 1.28427600861 0.095                                0.566 0.102201341007 0.508857223895 -0.0803937911987 0.0311544418335 0.286520318189
* 132 13.187923193 1.0 0.31 1.57079632679 0.1 0.0 1.08249664307 0.279877662659 1.30998647213 0.097                                0.552 0.103480718785 0.490984805076 -0.0824966430664 0.0301223373413 0.260809854665
* 133 13.2885081768 1.0 0.32 1.57079632679 0.1 0.0 1.08349609375 0.292211055756 1.33335638046 0.099                                0.53 0.103652840641 0.471151499791 -0.08349609375 0.0277889442444 0.237439946332
* 134 13.3891570568 1.0 0.33 1.57079632679 0.1 0.0 1.08348321915 0.301553249359 1.35928678513 0.1                                0.516 0.106786308434 0.448142087199 -0.0834832191467 0.0284467506409 0.211509541669
* 135 13.4898030758 1.0 0.34 1.57079632679 0.1 0.0 1.08482408524 0.315269470215 1.38406801224 0.102                                0.493 0.105757564603 0.427462529827 -0.0848240852356 0.0247305297852 0.186728314557
* 136 13.5905091763 1.0 0.35 1.57079632679 0.1 0.0 1.08723497391 0.324052333832 1.40618145466 0.103                                0.477 0.108552281248 0.415184640999 -0.0872349739075 0.0259476661682 0.164614872136
* 137 13.6912550926 1.0 0.36 1.57079632679 0.1 0.0 1.08742380142 0.333912849426 1.42870497704 0.104                                0.457 0.110773787828 0.395233745809 -0.0874238014221 0.0260871505737 0.142091349759
* 138 13.7916941643 1.0 0.37 1.57079632679 0.1 0.0 1.08781433105 0.345083713531 1.45469975471 0.106                                0.442 0.112101042824 0.372070132734 -0.0878143310547 0.0249162864685 0.11609657208
* 139 13.892165184 1.0 0.38 1.57079632679 0.1 0.0 1.08648347855 0.357145786285 1.47957634926 0.108                                0.42 0.112625384786 0.344558524961 -0.0864834785461 0.0228542137146 0.0912199775365
* 140 13.9927861691 1.0 0.39 1.57079632679 0.1 0.0 1.08852291107 0.371045589447 1.50266230106 0.109                                0.404 0.111058664782 0.328533546535 -0.0885229110718 0.018954410553 0.0681340257314
* 141 14.0935611725 1.0 0.4 1.57079632679 0.1 0.0 1.08972072601 0.382008552551 1.52277565002 0.11                                0.377 0.111859176391 0.313525996697 -0.0897207260132 0.0179914474487 0.0480206767705
* 142 14.1941931248 1.0 0.41 1.57079632679 0.1 0.0 1.08816385269 0.393864631653 1.54172253609 0.11                                0.361 0.111846081387 0.291265924847 -0.0881638526916 0.0161353683472 0.0290737907079
* 143 14.2954461575 1.0 0.42 1.57079632679 0.1 0.0 1.08524227142 0.408017158508 1.55845916271 0.111                                0.339 0.109571232138 0.266962593485 -0.0852422714233 0.0119828414917 0.0123371640828
* 144 14.3962500095 1.0 0.43 1.57079632679 0.1 0.0 1.08335351944 0.423723697662 1.57242119312 0.111                                0.315 0.105618828669 0.248605672267 -0.0833535194397 0.00627630233765 -0.00162486632797
* 145 14.4969851971 1.0 0.44 1.57079632679 0.1 0.0 1.08358669281 0.433145046234 1.58540797234 0.11                                0.3 0.107066354296 0.237627829889 -0.0835866928101 0.00685495376587 -0.0146116455409
* 146 14.5973751545 1.0 0.45 1.57079632679 0.1 0.0 1.08377361298 0.443974971771 1.59537899494 0.108                                0.275 0.107052828526 0.229257445163 -0.0837736129761 0.00602502822876 -0.0245826681468
* 147 14.6978821754 1.0 0.46 1.57079632679 0.1 0.0 1.08068847656 0.452952384949 1.60726213455 0.108                                0.263 0.108683626871 0.209176650803 -0.0806884765625 0.00704761505127 -0.0364658077571
* 148 14.7982811928 1.0 0.47 1.57079632679 0.1 0.0 1.07988500595 0.464430809021 1.61770272255 0.107                                0.245 0.108047841312 0.197501310158 -0.0798850059509 0.005569190979 -0.0469063957545
* 149 14.8986680508 1.0 0.48 1.57079632679 0.1 0.0 1.07740259171 0.478090763092 1.62741065025 0.108                                0.232 0.105348499254 0.181897335927 -0.0774025917053 0.00190923690796 -0.0566143234584
* 150 14.9991750717 1.0 0.49 1.57079632679 0.1 0.0 1.07585191727 0.490168571472 1.63715612888 0.107                                0.214 0.104040413693 0.168933618388 -0.0758519172668 -0.000168571472168 -0.0663598020885
* 151 15.0996901989 1.0 0.5 1.57079632679 0.1 0.0 1.07436227798 0.50066280365 1.64877188206 0.107                                0.206 0.104193407878 0.154229510155 -0.0743622779846 -0.000662803649902 -0.0779755552623
* 152 15.2001841068 1.0 0.51 1.57079632679 0.1 0.0 1.07309103012 0.510409355164 1.65812420845 0.105                                0.186 0.104848133465 0.142014302876 -0.0730910301208 -0.000409355163574 -0.0873278816554
* 153 15.3007071018 1.0 0.52 1.57079632679 0.1 0.0 1.07011651993 0.525479793549 1.66599202156 0.105                                0.175 0.100607386412 0.127534430946 -0.070116519928 -0.00547979354858 -0.0951956947658
* 154 15.4013180733 1.0 0.53 1.57079632679 0.1 0.0 1.06712245941 0.53600025177 1.67197668552 0.104                                0.158 0.100198699398 0.113485704629 -0.0671224594116 -0.00600025177002 -0.101180358729
* 155 15.5021162033 1.0 0.54 1.57079632679 0.1 0.0 1.06527709961 0.54613494873 1.67605113983 0.103                                0.147 0.100110030238 0.104440461107 -0.0652770996094 -0.00613494873047 -0.105254813037
* 156 15.6026470661 1.0 0.55 1.57079632679 0.1 0.0 1.0639424324 0.556363582611 1.67890155315 0.101                                0.131 0.0999180516165 0.0980285889701 -0.0639424324036 -0.00636358261108 -0.108105226359
* 157 15.7032721043 1.0 0.56 1.57079632679 0.1 0.0 1.06072616577 0.564600944519 1.6828507185 0.101                                0.124 0.101316879313 0.0843798445806 -0.0607261657715 -0.00460094451904 -0.112054391703
* 158 15.8041601181 1.0 0.57 1.57079632679 0.1 0.0 1.06038713455 0.573457241058 1.68712246418 0.1                                0.112 0.102457054362 0.0791977321236 -0.060387134552 -0.00345724105835 -0.116326137385
* 159 15.9047760963 1.0 0.58 1.57079632679 0.1 0.0 1.05716466904 0.585829734802 1.6917746067 0.1                                0.102 0.100243350605 0.0663311697299 -0.0571646690369 -0.00582973480225 -0.12097827991
* 160 16.0055720806 1.0 0.59 1.57079632679 0.1 0.0 1.05504131317 0.599149227142 1.69310712814 0.101                                0.091 0.097179913123 0.0600513248989 -0.0550413131714 -0.00914922714233 -0.122310801348
* 161 16.1062660217 1.0 0.6 1.57079632679 0.1 0.0 1.05260372162 0.609809875488 1.69543969631 0.1                                0.082 0.0964250987846 0.0510136171861 -0.0526037216187 -0.00980987548828 -0.124643369517
* 162 16.207100153 1.0 0.61 1.57079632679 0.1 0.0 1.0513625145 0.617981910706 1.69716072083 0.098                                0.07 0.0979362115866 0.0451365827272 -0.0513625144958 -0.00798191070557 -0.12636439403
* 163 16.3079931736 1.0 0.62 1.57079632679 0.1 0.0 1.04916143417 0.628186702728 1.69967937469 0.098                                0.065 0.0975929434607 0.0364702594983 -0.0491614341736 -0.00818670272827 -0.1288830479
* 164 16.4095010757 1.0 0.63 1.57079632679 0.1 0.0 1.04785203934 0.636091709137 1.7008882761 0.097                                0.056 0.099301687496 0.0307069388465 -0.0478520393372 -0.00609170913696 -0.130091949305
* 165 16.5099639893 1.0 0.64 1.57079632679 0.1 0.0 1.0461935997 0.646367073059 1.70197784901 0.098                                0.05 0.0989042000116 0.0249269382366 -0.0461935997009 -0.00636707305908 -0.131181522212
* 166 16.6104140282 1.0 0.65 1.57079632679 0.1 0.0 1.04493713379 0.65615940094 1.70257687569 0.098                                0.04 0.098956556621 0.02058385845 -0.0449371337891 -0.00615940093994 -0.131780548892
* 167 16.7108340263 1.0 0.66 1.57079632679 0.1 0.0 1.04219055176 0.66551733017 1.70328474045 0.098                                0.035 0.0992151533257 0.011541920389 -0.0421905517578 -0.00551733016968 -0.132488413653
* 168 16.8117301464 1.0 0.67 1.57079632679 0.1 0.0 1.03985834122 0.677044868469 1.70331561565 0.098                                0.028 0.0976189093448 0.00518507566174 -0.039858341217 -0.00704486846924 -0.132519288859
* 169 16.9121820927 1.0 0.68 1.57079632679 0.1 0.0 1.03781509399 0.687222480774 1.70451247692 0.098                                0.021 0.0972524583017 -0.00186171107418 -0.0378150939941 -0.00722248077393 -0.133716150126
* 170 17.0137012005 1.0 0.69 1.57079632679 0.1 0.0 1.0374121666 0.695722103119 1.70613276958 0.098                                0.015 0.0985405121491 -0.00507656592612 -0.0374121665955 -0.0057221031189 -0.13533644279
* 171 17.1141240597 1.0 0.7 1.57079632679 0.1 0.0 1.03506612778 0.706282615662 1.70603859425 0.097                                0.008 0.0977747294241 -0.011741337955 -0.0350661277771 -0.00628261566162 -0.135242267451
* 172 17.2146589756 1.0 0.71 1.57079632679 0.1 0.0 1.03436422348 0.714645385742 1.70664322376 0.098                                0.003 0.0991236915209 -0.0150200127582 -0.0343642234802 -0.00464538574219 -0.135846896968
* 173 17.3153030872 1.0 0.72 1.57079632679 0.1 0.0 1.03226089478 0.725411891937 1.70720136166 0.098                                -0.004 0.0982169341425 -0.0214479225735 -0.0322608947754 -0.00541189193726 -0.136405034861
* 174 17.4158420563 1.0 0.73 1.57079632679 0.1 0.0 1.02917718887 0.732604980469 1.70720458031 0.097                                -0.009 0.100286495662 -0.0317610149427 -0.0291771888733 -0.00260498046875 -0.136408253512
* 175 17.5163710117 1.0 0.74 1.57079632679 0.1 0.0 1.0269203186 0.740552425385 1.70798933506 0.098                                -0.014 0.10180729093 -0.0400011654567 -0.0269203186035 -0.000552425384521 -0.137193008265
* 176 17.6169500351 1.0 0.75 1.57079632679 0.1 0.0 1.02497625351 0.753237247467 1.70727860928 0.099                                -0.019 0.0992375454534 -0.0440537315088 -0.0249762535095 -0.00323724746704 -0.136482282481
* 177 17.7175660133 1.0 0.76 1.57079632679 0.1 0.0 1.02360773087 0.764078617096 1.7072224617 0.099                                -0.028 0.0983434711192 -0.0477286275019 -0.0236077308655 -0.00407861709595 -0.136426134906
* 178 17.8182241917 1.0 0.77 1.57079632679 0.1 0.0 1.02297258377 0.772333621979 1.70827436447 0.099                                -0.034 0.0997897090811 -0.0512527830316 -0.0229725837708 -0.00233362197876 -0.137478037677
* 179 17.9186990261 1.0 0.78 1.57079632679 0.1 0.0 1.02097845078 0.779894828796 1.70840167999 0.099                                -0.04 0.101667869724 -0.0582941248882 -0.0209784507751 0.000105171203614 -0.137605353198
* 180 18.0193500519 1.0 0.79 1.57079632679 0.1 0.0 1.01829528809 0.789319515228 1.7082310915 0.099                                -0.043 0.101844380778 -0.066353148783 -0.0182952880859 0.000680484771729 -0.137434764704
* 181 18.1198852062 1.0 0.8 1.57079632679 0.1 0.0 1.01616048813 0.797972679138 1.70778000355 0.1                                -0.05 0.102757199975 -0.0728496967918 -0.0161604881287 0.00202732086182 -0.136983676753
* 182 18.2204360962 1.0 0.81 1.57079632679 0.1 0.0 1.01531887054 0.808213710785 1.70804429054 0.101                                -0.054 0.102447077283 -0.0754868276763 -0.0153188705444 0.00178628921509 -0.137247963748
* 183 18.3210091591 1.0 0.82 1.57079632679 0.1 0.0 1.0130982399 0.817988395691 1.70626926422 0.101                                -0.062 0.102380790125 -0.0806029049112 -0.0130982398987 0.00201160430908 -0.135472937426
* 184 18.4216160774 1.0 0.83 1.57079632679 0.1 0.0 1.01151704788 0.828791618347 1.70549249649 0.102                                -0.067 0.101498984444 -0.0842904413004 -0.0115170478821 0.00120838165283 -0.134696169696
* 185 18.5221121311 1.0 0.84 1.57079632679 0.1 0.0 1.00998926163 0.83954000473 1.70521426201 0.101                                -0.073 0.100670608169 -0.0882854525683 -0.0099892616272 0.000459995269776 -0.134417935214
* 186 18.6225640774 1.0 0.85 1.57079632679 0.1 0.0 1.0096373558 0.847720146179 1.70510113239 0.101                                -0.076 0.102210335817 -0.0899629571283 -0.00963735580444 0.0022798538208 -0.134304805598
* 187 18.7230601311 1.0 0.86 1.57079632679 0.1 0.0 1.00712823868 0.856029987335 1.70385968685 0.101                                -0.081 0.10339318162 -0.0969953255102 -0.00712823867798 0.0039700126648 -0.133063360057
* 188 18.8235590458 1.0 0.87 1.57079632679 0.1 0.0 1.00544404984 0.865866184235 1.70131671429 0.101                                -0.084 0.10336224765 -0.0998031534486 -0.0054440498352 0.00413381576538 -0.130520387492
* 189 18.9240310192 1.0 0.88 1.57079632679 0.1 0.0 1.00327348709 0.874519824982 1.69723963737 0.101                                -0.09 0.104327680428 -0.103140563618 -0.00327348709106 0.00548017501831 -0.12644331058
* 190 19.0246050358 1.0 0.89 1.57079632679 0.1 0.0 1.00139760971 0.882118701935 1.69076550007 0.102                                -0.093 0.106284998625 -0.103802762549 -0.00139760971069 0.00788129806519 -0.119969173274
* 191 19.1256861687 1.0 0.9 1.57079632679 0.1 0.0 0.999635219574 0.889355182648 1.68321466446 0.103                                -0.097 0.108602674495 -0.103188389632 0.000364780426026 0.0106448173523 -0.112418337664
* 192 19.2262210846 1.0 0.91 1.57079632679 0.1 0.0 0.99850320816 0.901738643646 1.67741727829 0.104                                -0.099 0.106491321919 -0.100540293911 0.0014967918396 0.00826135635376 -0.106620951495
* 193 19.3268361092 1.0 0.92 1.57079632679 0.1 0.0 0.997676849365 0.914588928223 1.67412018776 0.105                                -0.1 0.103973435724 -0.0991550733772 0.00232315063477 0.00541107177734 -0.103323860965
* 194 19.4272890091 1.0 0.93 1.57079632679 0.1 0.0 0.995052814484 0.925899505615 1.66929900646 0.105                                -0.1 0.10266495942 -0.102302806473 0.00494718551636 0.00410049438477 -0.0985026796672
* 195 19.528124094 1.0 0.94 1.57079632679 0.1 0.0 0.994937896729 0.93364238739 1.66685318947 0.104                                -0.1 0.104659383903 -0.101125579871 0.00506210327149 0.00635761260986 -0.0960568626735
* 196 19.6287090778 1.0 0.95 1.57079632679 0.1 0.0 0.992321491241 0.943200588226 1.66389143467 0.104                                -0.1 0.104874338788 -0.106416476413 0.00767850875855 0.00679941177368 -0.0930951078746
* 197 19.7292540073 1.0 0.96 1.57079632679 0.1 0.0 0.991067409515 0.95167016983 1.66014802456 0.104                                -0.101 0.106173329451 -0.107224657749 0.00893259048462 0.00832983016968 -0.0893516977641
* 198 19.8299491405 1.0 0.97 1.57079632679 0.1 0.0 0.98995256424 0.961077213287 1.65561747551 0.104                                -0.102 0.106685944156 -0.106635272791 0.0100474357605 0.00892278671265 -0.0848211487147
* 199 19.9305651188 1.0 0.98 1.57079632679 0.1 0.0 0.989234924316 0.969546318054 1.64699864388 0.105                                -0.105 0.108126162955 -0.101369343562 0.0107650756836 0.0104536819458 -0.0762023170802
* 200 20.0310091972 1.0 0.99 1.57079632679 0.1 0.0 0.98711681366 0.977056026459 1.64021217823 0.105                                -0.104 0.110292286326 -0.102082869651 0.0128831863403 0.0129439735413 -0.0694158514354
* 201 20.1317551136 1.0 1.0 1.57079632679 0.1 0.0 0.984987735748 0.989683628082 1.63578748703 0.106                                -0.102 0.107956182639 -0.10390711433 0.0150122642517 0.0103163719177 -0.0649911602351
* 202 20.2322120667 0.99 1.0 3.14159265359 0.1 0.0 0.983731746674 1.00191879272 1.63187515736 0.107                                -0.102 0.00409036500307 1.0 0.00626825332642 -0.00191879272461 1.50971749623
* 203 20.3327610493 0.98 1.0 3.14159265359 0.1 0.0 0.983093261719 1.00972223282 1.62883281708 0.101                                -0.043 -0.0025481645646 1.0 -0.00309326171875 -0.0097222328186 1.51275983651
* 204 20.43334198 0.97 1.0 3.14159265359 0.1 0.0 0.981967926025 1.01726579666 1.62952291965 0.077                                0.204 -0.00862003715638 1.0 -0.0119679260254 -0.0172657966614 1.51206973393
* 205 20.5342140198 0.96 1.0 3.14159265359 0.1 0.0 0.975775718689 1.02115535736 1.65732944012 0.05                                0.511 -0.00863290079305 1.0 -0.015775718689 -0.0211553573608 1.48426321347
* 206 20.6353111267 0.95 1.0 3.14159265359 0.1 0.0 0.972227573395 1.02570772171 1.72276210785 0.025                                0.717 -0.00418252258581 1.0 -0.0222275733948 -0.0257077217102 1.41883054574
* 207 20.7358520031 0.94 1.0 3.14159265359 0.1 0.0 0.972445487976 1.02658081055 1.8112975359 0.014                                0.803 0.00796775851237 1.0 -0.0324454879761 -0.0265808105469 1.33029511769
* 208 20.836359024 0.93 1.0 3.14159265359 0.1 0.0 0.974493980408 1.02437973022 1.88322532177 0.009                                0.878 0.0223912532909 1.0 -0.0444939804077 -0.0243797302246 1.25836733182
* 209 20.9369261265 0.92 1.0 3.14159265359 0.1 0.0 0.974231719971 1.02073526382 1.94073224068 0.009                                0.918 0.036396787427 1.0 -0.0542317199707 -0.0207352638245 1.20086041291
* 210 21.037332058 0.91 1.0 3.14159265359 0.1 0.0 0.971359729767 1.01832723618 2.00955700874 0.017                                0.954 0.0507856547636 1.0 -0.0613597297668 -0.0183272361755 1.13203564485
* 211 21.1377801895 0.9 1.0 3.14159265359 0.1 0.0 0.968533992767 1.02178478241 2.08332967758 0.024                                0.965 0.0618532765493 1.0 -0.0685339927673 -0.0217847824097 1.05826297601
* 212 21.238214016 0.89 1.0 3.14159265359 0.1 0.0 0.971820831299 1.02115154266 2.15479183197 0.036                                0.976 0.0792069038989 1.0 -0.0818208312988 -0.0211515426636 0.98680082162
* 213 21.3387131691 0.88 1.0 3.14159265359 0.1 0.0 0.973406791687 1.02560472488 2.22443294525 0.044                                0.979 0.0927698043668 1.0 -0.093406791687 -0.025604724884 0.917159708338
* 214 21.439136982 0.87 1.0 3.14159265359 0.1 0.0 0.967752933502 1.0319609642 2.27963399887 0.055                                0.966 0.0995975704159 1.0 -0.0977529335022 -0.0319609642029 0.861958654719
* 215 21.5395710468 0.86 1.0 3.14159265359 0.1 0.0 0.960117816925 1.0368642807 2.32880997658 0.063                                0.952 0.105605881782 1.0 -0.100117816925 -0.0368642807007 0.812782677012
* 216 21.6400129795 0.85 1.0 3.14159265359 0.1 0.0 0.952101230621 1.04041147232 2.383061409 0.073                                0.94 0.113171040446 0.963433986963 -0.102101230621 -0.0404114723206 0.758531244593
* 217 21.7404420376 0.84 1.0 3.14159265359 0.1 0.0 0.945793151855 1.0461602211 2.43940901756 0.078                                0.928 0.120995279553 0.926074740442 -0.105793151855 -0.0461602210999 0.702183636027
* 218 21.8408620358 0.83 1.0 3.14159265359 0.1 0.0 0.936752796173 1.0481801033 2.50071668625 0.088                                0.906 0.129902103745 0.86897686361 -0.106752796173 -0.048180103302 0.640875967341
* 219 21.9412879944 0.82 1.0 3.14159265359 0.1 0.0 0.92950963974 1.05741357803 2.56918787956 0.095                                0.887 0.137478844256 0.824365472219 -0.10950963974 -0.0574135780334 0.572404774027
* 220 22.0418992043 0.81 1.0 3.14159265359 0.1 0.0 0.919525146484 1.06181097031 2.62687683105 0.104                                0.853 0.143923591591 0.774234793059 -0.109525146484 -0.0618109703064 0.514715822535
* 221 22.1423270702 0.8 1.0 3.14159265359 0.1 0.0 0.906052112579 1.06881761551 2.68339347839 0.112                                0.824 0.146361224134 0.727434268028 -0.106052112579 -0.068817615509 0.458199175196
* 222 22.2428400517 0.79 1.0 3.14159265359 0.1 0.0 0.891172885895 1.07765960693 2.73610568047 0.123                                0.778 0.146518453705 0.689165522643 -0.101172885895 -0.0776596069336 0.405486973124
* 223 22.3432211876 0.78 1.0 3.14159265359 0.1 0.0 0.879382133484 1.08126735687 2.78574252129 0.128                                0.75 0.150560962862 0.644249899466 -0.0993821334839 -0.0812673568726 0.355850132304
* 224 22.4436101913 0.77 1.0 3.14159265359 0.1 0.0 0.86687707901 1.08586502075 2.83210420609 0.136                                0.713 0.153195690287 0.605096648978 -0.09687707901 -0.085865020752 0.309488447505
* 225 22.5440139771 0.76 1.0 3.14159265359 0.1 0.0 0.851023197174 1.09107589722 2.87652206421 0.14                                0.684 0.152580428502 0.567519229601 -0.0910231971741 -0.0910758972168 0.265070589381
* 226 22.6443982124 0.75 1.0 3.14159265359 0.1 0.0 0.833720207214 1.09285402298 2.91741681099 0.146                                0.645 0.150941125066 0.523883392135 -0.0837202072144 -0.0928540229797 0.2241758426
* 227 22.7447772026 0.74 1.0 3.14159265359 0.1 0.0 0.814469814301 1.09617853165 2.95588564873 0.147                                0.622 0.146857745705 0.487570604266 -0.0744698143005 -0.0961785316467 0.185707004862
* 228 22.8451690674 0.73 1.0 3.14159265359 0.1 0.0 0.799478054047 1.09797716141 2.98914122581 0.148                                0.577 0.145982232463 0.455777278465 -0.0694780540466 -0.0979771614075 0.152451427775
* 229 22.9455740452 0.72 1.0 3.14159265359 0.1 0.0 0.783076286316 1.09750413895 3.01569318771 0.147                                0.543 0.143318783827 0.424290906466 -0.0630762863159 -0.0975041389465 0.125899465876
* 230 23.0459501743 0.71 1.0 3.14159265359 0.1 0.0 0.764779567719 1.098777771 3.04119682312 0.147                                0.502 0.138585009074 0.399294863266 -0.0547795677185 -0.0987777709961 0.10039583047
* 231 23.1463479996 0.7 1.0 3.14159265359 0.1 0.0 0.750726222992 1.09881877899 3.06262612343 0.144                                0.472 0.137172649769 0.376739844888 -0.0507262229919 -0.0988187789917 0.0789665301614
* 232 23.2468960285 0.69 1.0 3.14159265359 0.1 0.0 0.73822259903 1.09893417358 3.08078289032 0.142                                0.443 0.136728169762 0.358336727828 -0.0482225990295 -0.098934173584 0.06080976327
* 233 23.3474731445 0.68 1.0 3.14159265359 0.1 0.0 0.725670814514 1.09817171097 3.10477733612 0.14                                0.421 0.136762384669 0.331621912291 -0.0456708145142 -0.098171710968 0.0368153174692
* 234 23.4479210377 0.67 1.0 3.14159265359 0.1 0.0 0.710125923157 1.09921550751 3.12869381905 0.139                                0.388 0.134031854781 0.310478423768 -0.0401259231567 -0.0992155075073 0.0128988345438
* 235 23.5484831333 0.66 1.0 3.14159265359 0.1 0.0 0.697019100189 1.09969949722 3.15197593371 0.138                                0.373 0.133341968955 0.28882979941 -0.0370191001892 -0.0996994972229 -0.0103832801157
* 236 23.6489951611 0.65 1.0 3.14159265359 0.1 0.0 0.685494422913 1.0979475975 3.16971618334 0.136                                0.341 0.133467629715 0.26608607795 -0.0354944229126 -0.0979475975037 -0.0281235297495
* 237 23.7495779991 0.64 1.0 3.14159265359 0.1 0.0 0.670083045959 1.09584665298 3.18799788157 0.135                                0.325 0.130123871966 0.242376380637 -0.0300830459595 -0.0958466529846 -0.0464052279764
* 238 23.8501091003 0.63 1.0 3.14159265359 0.1 0.0 0.653771400452 1.09672164917 3.20137340227 0.133                                0.294 0.125680519057 0.23299671434 -0.0237714004517 -0.0967216491699 -0.0597807486826
* 239 23.9506211281 0.62 1.0 3.14159265359 0.1 0.0 0.639197349548 1.09490871429 3.21074778238 0.131                                0.276 0.122291788159 0.219461442348 -0.0191973495483 -0.0949087142944 -0.0691551287943
* 240 24.0511419773 0.61 1.0 3.14159265359 0.1 0.0 0.627819061279 1.09157943726 3.21889454523 0.129                                0.259 0.121468357925 0.202045648927 -0.0178190612793 -0.0915794372559 -0.0773018916422
* 241 24.1517241001 0.6 1.0 3.14159265359 0.1 0.0 0.614017486572 1.08748245239 3.22737175623 0.127                                0.246 0.118439725921 0.182706558746 -0.0140174865723 -0.0874824523926 -0.0857791026407
* 242 24.2522780895 0.59 1.0 3.14159265359 0.1 0.0 0.601169586182 1.08604049683 3.23839956919 0.124                                0.226 0.116562540737 0.16883678635 -0.0111695861816 -0.0860404968262 -0.0968069155985
* 243 24.3528699875 0.58 1.0 3.14159265359 0.1 0.0 0.590792179108 1.08502483368 3.24884277979 0.122                                0.212 0.116804984265 0.156153861954 -0.0107921791077 -0.0850248336792 -0.1072501262
* 244 24.4537351131 0.57 1.0 3.14159265359 0.1 0.0 0.579199314117 1.08204936981 3.25812322298 0.119                                0.192 0.115689115959 0.139147726527 -0.00919931411743 -0.082049369812 -0.116530569392
* 245 24.5543570518 0.56 1.0 3.14159265359 0.1 0.0 0.567694187164 1.08125686646 3.26675492922 0.118                                0.179 0.114797390479 0.129295433547 -0.00769418716431 -0.0812568664551 -0.12516227563
* 246 24.6548850536 0.55 1.0 3.14159265359 0.1 0.0 0.555568695068 1.07773065567 3.27166635195 0.117                                0.161 0.112829788814 0.11506426209 -0.00556869506836 -0.0777306556702 -0.130073698359
* 247 24.7554490566 0.54 1.0 3.14159265359 0.1 0.0 0.540860176086 1.07501983643 3.27469879786 0.115                                0.145 0.108587722327 0.106077882622 -0.000860176086426 -0.0750198364258 -0.133106144267
* 248 24.8560371399 0.53 1.0 3.14159265359 0.1 0.0 0.526540279388 1.07297945023 3.27874666849 0.114                                0.135 0.104801782359 0.0981056558898 0.00345972061157 -0.0729794502258 -0.137154014903
* 249 24.9566111565 0.52 1.0 3.14159265359 0.1 0.0 0.51699924469 1.06886148453 3.28015882174 0.111                                0.122 0.104772325485 0.0844144698052 0.00300075531006 -0.0688614845276 -0.138566168147
* 250 25.0570640564 0.51 1.0 3.14159265359 0.1 0.0 0.50750207901 1.0661072731 3.28546435038 0.109                                0.113 0.10510664715 0.0712644060817 0.00249792098999 -0.0661072731018 -0.143871696787
* 251 25.1580431461 0.5 1.0 3.14159265359 0.1 0.0 0.498438358307 1.06458520889 3.28833252588 0.107                                0.099 0.10584710461 0.0637619566685 0.00156164169312 -0.0645852088928 -0.146739872294
* 252 25.2588610649 0.49 1.0 3.14159265359 0.1 0.0 0.488887786865 1.06386947632 3.2922158877 0.106                                0.089 0.106303018277 0.0579400790169 0.00111221313477 -0.0638694763184 -0.15062323411
* 253 25.3603310585 0.48 1.0 3.14159265359 0.1 0.0 0.475605964661 1.06149291992 3.29376179377 0.106                                0.079 0.103206955224 0.0509908582586 0.00439403533936 -0.0614929199219 -0.152169140177
* 254 25.4610521793 0.47 1.0 3.14159265359 0.1 0.0 0.461119174957 1.05809783936 3.2964313666 0.106                                0.073 0.0989660423081 0.0406233160809 0.00888082504272 -0.0580978393555 -0.154838713008
* 255 25.5617671013 0.46 1.0 3.14159265359 0.1 0.0 0.450186252594 1.05753612518 3.29564887682 0.104                                0.062 0.0980543512002 0.0400737157846 0.00981374740601 -0.0575361251831 -0.154056223231
* 256 25.6622011662 0.45 1.0 3.14159265359 0.1 0.0 0.442514896393 1.05353403091 3.29627639452 0.102                                0.055 0.0995527973992 0.0265861504988 0.00748510360718 -0.0535340309143 -0.154683740931
* 257 25.7628891468 0.44 1.0 3.14159265359 0.1 0.0 0.432137966156 1.05156755447 3.29751879374 0.101                                0.047 0.0989984830184 0.0198418132066 0.00786203384399 -0.0515675544739 -0.155926140147
* 258 25.8633041382 0.43 1.0 3.14159265359 0.1 0.0 0.422934532166 1.05014467239 3.2981868426 0.1                                0.04 0.0995136908068 0.0146667444363 0.00706546783447 -0.0501446723938 -0.156594189005
* 259 25.9638161659 0.42 1.0 3.14159265359 0.1 0.0 0.415303230286 1.04838609695 3.30054504076 0.099                                0.03 0.101386993121 0.00625975004513 0.00469676971436 -0.0483860969543 -0.158952387171
* 260 26.064316988 0.41 1.0 3.14159265359 0.1 0.0 0.407309532166 1.04578399658 3.30121952692 0.099                                0.025 0.102778391408 -0.00300124736704 0.00269046783447 -0.045783996582 -0.159626873332
* 261 26.1646811962 0.4 1.0 3.14159265359 0.1 0.0 0.393416404724 1.04376077652 3.3025384585 0.1                                0.018 0.099158269541 -0.00829507899813 0.00658359527588 -0.0437607765198 -0.160945804911
* 262 26.2653009892 0.39 1.0 3.14159265359 0.1 0.0 0.382431030273 1.04216003418 3.30325299898 0.1                                0.01 0.098096429246 -0.0131862107043 0.00756896972656 -0.0421600341797 -0.161660345393
* 263 26.3658730984 0.38 1.0 3.14159265359 0.1 0.0 0.375218868256 1.03924608231 3.30341512362 0.1                                0.001 0.100099685096 -0.0233031096818 0.00478113174438 -0.0392460823059 -0.161822470027
* 264 26.4666061401 0.37 1.0 3.14159265359 0.1 0.0 0.364710330963 1.0374341011 3.30386978785 0.099                                -0.002 0.0994117278448 -0.0288217973502 0.00528966903687 -0.0374341011047 -0.162277134257
* 265 26.5672090054 0.36 1.0 3.14159265359 0.1 0.0 0.356225013733 1.03469514847 3.30523354212 0.099                                -0.013 0.100353406289 -0.0388677884474 0.00377498626709 -0.034695148468 -0.163640888529
* 266 26.6677441597 0.35 1.0 3.14159265359 0.1 0.0 0.348858833313 1.03286361694 3.30496174494 0.099                                -0.017 0.102365906181 -0.0453345827647 0.00114116668701 -0.0328636169434 -0.163369091349
* 267 26.7683041096 0.34 1.0 3.14159265359 0.1 0.0 0.342143058777 1.03149271011 3.30659920374 0.099                                -0.027 0.1050276513 -0.0524656838865 -0.00214305877686 -0.0314927101135 -0.16500655015
* 268 26.8688430786 0.33 1.0 3.14159265359 0.1 0.0 0.332677364349 1.02921581268 3.30571204821 0.1                                -0.032 0.105154242811 -0.0586696581223 -0.00267736434937 -0.0292158126831 -0.164119394618
* 269 26.9694302082 0.32 1.0 3.14159265359 0.1 0.0 0.321406364441 1.02673959732 3.30558139483 0.102                                -0.04 0.103699951039 -0.0652587464725 -0.00140636444092 -0.0267395973206 -0.163988741236
* 270 27.0699760914 0.31 1.0 3.14159265359 0.1 0.0 0.310893058777 1.02447891235 3.30529338518 0.103                                -0.046 0.102931351859 -0.0714418040689 -0.000893058776855 -0.0244789123535 -0.163700731593
* 271 27.1706850529 0.3 1.0 3.14159265359 0.1 0.0 0.301219940186 1.02139186859 3.30634648005 0.103                                -0.056 0.102775169744 -0.0816766763253 -0.00121994018555 -0.0213918685913 -0.164753826457
* 272 27.2714321613 0.29 1.0 3.14159265359 0.1 0.0 0.292474269867 1.02009630203 3.30603748957 0.103                                -0.059 0.103673115992 -0.085851810495 -0.00247426986694 -0.0200963020325 -0.164444835978
* 273 27.3720149994 0.28 1.0 3.14159265359 0.1 0.0 0.283715248108 1.01732301712 3.30620175997 0.103                                -0.068 0.104347799868 -0.0948160509549 -0.00371524810791 -0.0173230171204 -0.164609106379
* 274 27.4725840092 0.27 1.0 3.14159265359 0.1 0.0 0.27370929718 1.01561355591 3.3073211352 0.103                                -0.074 0.104093272104 -0.100874065031 -0.00370929718018 -0.0156135559082 -0.165728481608
* 275 27.5732080936 0.26 1.0 3.14159265359 0.1 0.0 0.264675140381 1.01223278046 3.3056669871 0.103                                -0.083 0.104450101563 -0.109872960558 -0.00467514038086 -0.0122327804565 -0.164074333506
* 276 27.6737561226 0.25 1.0 3.14159265359 0.1 0.0 0.255351066589 1.01083278656 3.30247503916 0.103                                -0.088 0.104858251044 -0.111483122646 -0.00535106658936 -0.0108327865601 -0.160882385569
* 277 27.774294138 0.24 1.0 3.14159265359 0.1 0.0 0.245520591736 1.00768947601 3.30088907877 0.103                                -0.097 0.104579583742 -0.119451118999 -0.00552059173584 -0.00768947601318 -0.159296425181
* 278 27.8752532005 0.23 1.0 3.14159265359 0.1 0.0 0.23525762558 1.00785064697 3.29829126993 0.104                                -0.102 0.10439956123 -0.116521893117 -0.00525762557983 -0.00785064697266 -0.156698616343
* 279 27.9756700993 0.22 1.0 3.14159265359 0.1 0.0 0.226942539215 1.00482702255 3.29631358782 0.104                                -0.108 0.105468807259 -0.124492175091 -0.00694253921509 -0.00482702255249 -0.154720934229
* 280 28.076125145 0.21 1.0 3.14159265359 0.1 0.0 0.219926357269 1.00283956528 3.2945423762 0.104                                -0.113 0.107809197253 -0.130156135849 -0.00992635726929 -0.0028395652771 -0.152949722605
* 281 28.1765580177 0.2 1.0 3.14159265359 0.1 0.0 0.211344242096 1.00051259995 3.29281098047 0.104                                -0.117 0.108754644638 -0.13612763177 -0.0113442420959 -0.000512599945068 -0.151218326884
* 282 28.2769370079 0.19 1.0 3.14159265359 0.1 0.0 0.200591087341 0.999172687531 3.29072577158 0.106                                -0.123 0.107960841858 -0.137869005775 -0.0105910873413 0.000827312469483 -0.149133117991
* 283 28.377366066 0.18 1.0 3.14159265359 0.1 0.0 0.190545082092 0.997036457062 3.28774267832 0.107                                -0.127 0.107698415744 -0.141482361161 -0.0105450820923 0.00296354293823 -0.146150024729
* 284 28.4777970314 0.17 1.0 3.14159265359 0.1 0.0 0.181132316589 0.996489524841 3.28439122835 0.107                                -0.131 0.108200916183 -0.140319478739 -0.0111323165894 0.00351047515869 -0.142798574763
* 285 28.5787081718 0.16 1.0 3.14159265359 0.1 0.0 0.168934822083 0.994075775146 3.28041345278 0.107                                -0.134 0.106074337373 -0.142967229474 -0.00893482208252 0.00592422485352 -0.138820799189
* 286 28.6795241833 0.15 1.0 3.14159265359 0.1 0.0 0.160776615143 0.993313312531 3.27625877062 0.107                                -0.137 0.107666518739 -0.142234502468 -0.0107766151428 0.00668668746948 -0.13466611703
* 287 28.7800550461 0.14 1.0 3.14159265359 0.1 0.0 0.151403903961 0.989750385284 3.27225286165 0.106                                -0.138 0.107886008748 -0.149449014379 -0.0114039039612 0.0102496147156 -0.130660208064
* 288 28.8805220127 0.13 1.0 3.14159265359 0.1 0.0 0.142105102539 0.987800598145 3.26891142527 0.107                                -0.141 0.10835561284 -0.15248969645 -0.0121051025391 0.0121994018555 -0.127318771678
* 289 28.9809370041 0.12 1.0 3.14159265359 0.1 0.0 0.133500576019 0.987478733063 3.26488954226 0.107                                -0.143 0.109632829354 -0.150311711199 -0.0135005760193 0.0125212669373 -0.123296888667
* 290 29.0813350677 0.11 1.0 3.14159265359 0.1 0.0 0.126699924469 0.985768795013 3.26293069521 0.107                                -0.147 0.112282664501 -0.154779147569 -0.016699924469 0.0142312049866 -0.121338041621
* 291 29.1819961071 0.1 1.0 3.14159265359 0.1 0.0 0.116965293884 0.984747886658 3.26089603106 0.108                                -0.147 0.112460272761 -0.156040992568 -0.0169652938843 0.0152521133423 -0.119303377467
* 292 29.2825222015 0.09 1.0 3.14159265359 0.1 0.0 0.105571746826 0.984179019928 3.25752121607 0.109                                -0.15 0.111279848698 -0.154142570072 -0.0155717468262 0.015820980072 -0.11592856248
* 293 29.3830480576 0.08 1.0 3.14159265359 0.1 0.0 0.0932188034058 0.98167181015 3.2544725577 0.11                                -0.152 0.109065004956 -0.158024541314 -0.0132188034058 0.0183281898499 -0.112879904109
* 294 29.4834520817 0.07 1.0 3.14159265359 0.1 0.0 0.0856676101685 0.980402469635 3.24925882021 0.11                                -0.153 0.111226327474 -0.157856902342 -0.0156676101685 0.019597530365 -0.107666166621
* 295 29.5840241909 0.06 1.0 3.14159265359 0.1 0.0 0.0772256851196 0.977024555206 3.24179345766 0.109                                -0.154 0.112504388815 -0.161561613749 -0.0172256851196 0.0229754447937 -0.100200804072
* 296 29.6845960617 0.05 1.0 3.14159265359 0.1 0.0 0.0685706138611 0.97656917572 3.234064881 0.11                                -0.157 0.113881590481 -0.156175206296 -0.0185706138611 0.0234308242798 -0.0924722274118
* 297 29.7851130962 0.04 1.0 3.14159265359 0.1 0.0 0.0571312904358 0.974870204926 3.22633392016 0.111                                -0.158 0.112736404115 -0.153732354815 -0.0171312904358 0.0251297950745 -0.0847412665659
* 298 29.8856430054 0.03 1.0 3.14159265359 0.1 0.0 0.0479798316956 0.974411487579 3.22092825571 0.112                                -0.157 0.113615424348 -0.150325150375 -0.0179798316956 0.0255885124207 -0.0793356021219
* 299 29.986066103 0.02 1.0 3.14159265359 0.1 0.0 0.0385375022888 0.97287273407 3.21732575098 0.112                                -0.155 0.114113556014 -0.151725370359 -0.0185375022888 0.0271272659302 -0.0757330973917
* 300 30.0865950584 0.01 1.0 3.14159265359 0.1 0.0 0.0287218093872 0.972953796387 3.21333319346 0.112                                -0.153 0.114408600362 -0.147826044007 -0.0187218093872 0.0270462036133 -0.071740539866
* 301 30.1871101856 -1.73472347598e-16 1.0 3.14159265359 0.1 0.0 0.0194711685181 0.969435691833 3.20939904848 0.113                                -0.152 0.114979850354 -0.154862538697 -0.0194711685181 0.0305643081665 -0.0678063948923
* 302 30.2874979973 -1.73472347598e-16 0.99 4.71238898038 0.1 0.0 0.00939798355103 0.969650745392 3.2048988978 0.113                                -0.151 0.0134176802507 1.0 -0.00939798355103 0.0203492546082 1.50749008258
* 303 30.387925148 -1.73472347598e-16 0.98 4.71238898038 0.1 0.0 0.000679969787598 0.967641353607 3.19929057757 0.107                                -0.089 0.00573694063394 1.0 -0.000679969787598 0.0123586463928 1.51309840282
* 304 30.4888989925 -1.73472347598e-16 0.97 4.71238898038 0.1 0.0 -0.00713109970093 0.966536045074 3.19557315508 0.075                                0.307 -0.00100863765385 1.0 0.00713109970093 0.00346395492554 1.5168158253
* 305 30.5895240307 -1.73472347598e-16 0.96 4.71238898038 0.1 0.0 -0.0112013816833 0.964452266693 3.20713216463 0.055                                0.513 -0.00299052656496 1.0 0.0112013816833 -0.00445226669311 1.50525681575
* 306 30.6902980804 -1.73472347598e-16 0.95 4.71238898038 0.1 0.0 -0.0116991996765 0.959962368011 3.2655573527 0.034                                0.693 0.00327027037083 1.0 0.0116991996765 -0.00996236801147 1.44683162769
* 307 30.7908380032 -1.73472347598e-16 0.94 4.71238898038 0.1 0.0 -0.00988626480103 0.962000370026 3.32865196863 0.022                                0.791 0.01366981891 1.0 0.00988626480103 -0.0220003700256 1.38373701175
* 308 30.8912451267 -1.73472347598e-16 0.93 4.71238898038 0.1 0.0 -0.00953578948975 0.96182012558 3.38419086138 0.014                                0.883 0.0226093910337 1.0 0.00953578948975 -0.0318201255798 1.32819811901
* 309 30.9916620255 -1.73472347598e-16 0.92 4.71238898038 0.1 0.0 -0.00616979598999 0.959720611572 3.45121413866 0.014                                0.915 0.0359263408779 1.0 0.00616979598999 -0.0397206115723 1.26117484172
* 310 31.0920841694 -1.73472347598e-16 0.91 4.71238898038 0.1 0.0 -0.00707197189331 0.957310199738 3.5069120566 0.018                                0.952 0.0447478722786 1.0 0.00707197189331 -0.0473101997375 1.20547692378
* 311 31.1925911903 -1.73472347598e-16 0.9 4.71238898038 0.1 0.0 -0.00482845306396 0.951959133148 3.55399138132 0.024                                0.966 0.0544547995079 1.0 0.00482845306396 -0.0519591331482 1.15839759906
* 312 31.2942922115 -1.73472347598e-16 0.89 4.71238898038 0.1 0.0 -0.00935506820679 0.943601131439 3.60506540934 0.034                                0.98 0.0583721533518 1.0 0.00935506820679 -0.0536011314392 1.10732357105
* 313 31.3958530426 -1.73472347598e-16 0.88 4.71238898038 0.1 0.0 -0.0113515853882 0.940839290619 3.654651467 0.043                                0.986 0.0665875580625 1.0 0.0113515853882 -0.0608392906189 1.05773751338
* 314 31.4962940216 -1.73472347598e-16 0.87 4.71238898038 0.1 0.0 -0.0126547813416 0.933784484863 3.70985490481 0.047                                0.987 0.0745521603418 1.0 0.0126547813416 -0.0637844848633 1.00253407558
* 315 31.5967121124 -1.73472347598e-16 0.86 4.71238898038 0.1 0.0 -0.0195932388306 0.925746917725 3.77364856402 0.055                                0.984 0.0792677578551 1.0 0.0195932388306 -0.0657469177246 0.938740416369
* 316 31.6971931458 -1.73472347598e-16 0.85 4.71238898038 0.1 0.0 -0.0270843505859 0.917817592621 3.82179409662 0.06                                0.98 0.0818218288416 0.989755886053 0.0270843505859 -0.0678175926208 0.890594883761
* 317 31.7975959778 -1.73472347598e-16 0.84 4.71238898038 0.1 0.0 -0.0308957099915 0.91029882431 3.86759430567 0.066                                0.974 0.0870401984764 0.959590265625 0.0308957099915 -0.0702988243103 0.844794674716
* 318 31.8979990482 -1.73472347598e-16 0.83 4.71238898038 0.1 0.0 -0.0350971221924 0.900660037994 3.91462856928 0.069                                0.968 0.091056860163 0.924382457443 0.0350971221924 -0.0706600379944 0.797760411105
* 319 31.9984161854 -1.73472347598e-16 0.82 4.71238898038 0.1 0.0 -0.0388851165771 0.890843868256 3.9570637385 0.076                                0.952 0.0946445686912 0.892560477519 0.0388851165771 -0.0708438682556 0.755325241885
* 320 32.098829031 -1.73472347598e-16 0.81 4.71238898038 0.1 0.0 -0.039249420166 0.878956317902 4.00271135965 0.08                                0.936 0.099285551935 0.846044424564 0.039249420166 -0.0689563179016 0.70967762073
* 321 32.1992471218 -1.73472347598e-16 0.8 4.71238898038 0.1 0.0 -0.0430479049683 0.869196414948 4.05234963099 0.087                                0.907 0.103769843157 0.807731837824 0.0430479049683 -0.0691964149475 0.660039349398
* 322 32.2996661663 -1.73472347598e-16 0.79 4.71238898038 0.1 0.0 -0.0474233627319 0.859434604645 4.09923321406 0.09                                0.891 0.107632867772 0.773565089807 0.0474233627319 -0.0694346046448 0.613155766329
* 323 32.4000821114 -1.73472347598e-16 0.78 4.71238898038 0.1 0.0 -0.0521593093872 0.848448753357 4.15663630167 0.097                                0.847 0.111792359774 0.728302971602 0.0521593093872 -0.0684487533569 0.555752678714
* 324 32.5004889965 -1.73472347598e-16 0.77 4.71238898038 0.1 0.0 -0.05584192276 0.836340427399 4.207791392 0.1                                0.818 0.114769929631 0.685071928399 0.05584192276 -0.0663404273987 0.504597588381
* 325 32.6008930206 -1.73472347598e-16 0.76 4.71238898038 0.1 0.0 -0.0631637573242 0.82223367691 4.25165135065 0.106                                0.773 0.11381343054 0.656511204954 0.0631637573242 -0.0622336769104 0.460737629733
* 326 32.7013092041 -1.73472347598e-16 0.75 4.71238898038 0.1 0.0 -0.0641689300537 0.809912204742 4.30066579977 0.108                                0.741 0.117255457961 0.609164246941 0.0641689300537 -0.0599122047424 0.411723180613
* 327 32.8017580509 -1.73472347598e-16 0.74 4.71238898038 0.1 0.0 -0.0705690383911 0.796713829041 4.34468692938 0.11                                0.703 0.117463793117 0.580954774144 0.0705690383911 -0.0567138290405 0.367702051005
* 328 32.9021940231 -1.73472347598e-16 0.73 4.71238898038 0.1 0.0 -0.0745935440063 0.786442756653 4.38481086889 0.112                                0.673 0.12048309541 0.553437546652 0.0745935440063 -0.0564427566528 0.327578111491
* 329 33.0026080608 -1.73472347598e-16 0.72 4.71238898038 0.1 0.0 -0.0755362510681 0.773536682129 4.4256481568 0.114                                0.628 0.122196436577 0.514068514231 0.0755362510681 -0.0535366821289 0.286740823588
* 330 33.1030580997 -1.73472347598e-16 0.71 4.71238898038 0.1 0.0 -0.0792870521545 0.757588386536 4.4597238938 0.116                                0.601 0.1198353037 0.487422757391 0.0792870521545 -0.0475883865356 0.252665086589
* 331 33.2034831047 -1.73472347598e-16 0.7 4.71238898038 0.1 0.0 -0.084990978241 0.747615814209 4.49222749869 0.118                                0.559 0.122041401258 0.472954358268 0.084990978241 -0.047615814209 0.2201614817
* 332 33.3038899899 -1.73472347598e-16 0.69 4.71238898038 0.1 0.0 -0.0841550827026 0.733785152435 4.52450842062 0.119                                0.536 0.122161584775 0.437206915615 0.0841550827026 -0.0437851524353 0.187880559764
* 333 33.4043171406 -1.73472347598e-16 0.68 4.71238898038 0.1 0.0 -0.0872297286987 0.719323635101 4.55528110663 0.12                                0.5 0.120844812703 0.414606650086 0.0872297286987 -0.0393236351013 0.157107873759
* 334 33.5050311089 -1.73472347598e-16 0.67 4.71238898038 0.1 0.0 -0.0850801467896 0.70575094223 4.58022922674 0.12                                0.483 0.120360063522 0.382966928466 0.0850801467896 -0.0357509422302 0.132159753642
* 335 33.6054592133 -1.73472347598e-16 0.66 4.71238898038 0.1 0.0 -0.0851283073425 0.692261695862 4.60084242025 0.12                                0.452 0.119171106187 0.362325914577 0.0851283073425 -0.0322616958618 0.11154656013
* 336 33.7058930397 -1.73472347598e-16 0.65 4.71238898038 0.1 0.0 -0.0838766098022 0.677395820618 4.62018245855 0.12                                0.426 0.116713592793 0.33893413659 0.0838766098022 -0.0273958206177 0.0922065218303
* 337 33.806235075 -1.73472347598e-16 0.64 4.71238898038 0.1 0.0 -0.0815420150757 0.66450881958 4.63675302664 0.119                                0.395 0.115731360822 0.315766622443 0.0815420150757 -0.0245088195801 0.0756359537456
* 338 33.9066371918 -1.73472347598e-16 0.63 4.71238898038 0.1 0.0 -0.0820598602295 0.649935722351 4.65053695837 0.118                                0.375 0.112800991338 0.303610061862 0.0820598602295 -0.0199357223511 0.0618520220134
* 339 34.0070500374 -1.73472347598e-16 0.62 4.71238898038 0.1 0.0 -0.0817184448242 0.641238212585 4.66446251074 0.117                                0.347 0.115045125767 0.289926936448 0.0817184448242 -0.0212382125854 0.0479264696452
* 340 34.1074771881 -1.73472347598e-16 0.61 4.71238898038 0.1 0.0 -0.0808668136597 0.629327297211 4.68079466025 0.115                                0.336 0.114640578151 0.271998837663 0.0808668136597 -0.0193272972107 0.0315943201396
* 341 34.20789814 -1.73472347598e-16 0.6 4.71238898038 0.1 0.0 -0.0790376663208 0.616487979889 4.69313854376 0.115                                0.315 0.113094834154 0.254891446769 0.0790376663208 -0.0164879798889 0.0192504366252
* 342 34.30834198 -1.73472347598e-16 0.59 4.71238898038 0.1 0.0 -0.0794186592102 0.601696014404 4.70787901083 0.115                                0.302 0.109934863822 0.242364139356 0.0794186592102 -0.0116960144043 0.00450996955368
* 343 34.4087619781 -1.73472347598e-16 0.58 4.71238898038 0.1 0.0 -0.0787997245789 0.591818332672 4.72297710577 0.113                                0.278 0.111082048391 0.226731559558 0.0787997245789 -0.0118183326721 -0.0105881253865
* 344 34.5091741085 -1.73472347598e-16 0.57 4.71238898038 0.1 0.0 -0.0791049003601 0.584677696228 4.73711342016 0.112                                0.266 0.114542217797 0.214486173828 0.0791049003601 -0.014677696228 -0.0247244397786
* 345 34.609593153 -1.73472347598e-16 0.56 4.71238898038 0.1 0.0 -0.0768632888794 0.569911956787 4.74926704565 0.112                                0.251 0.111096034915 0.197018414274 0.0768632888794 -0.00991195678711 -0.0368780652669
* 346 34.7100241184 -1.73472347598e-16 0.55 4.71238898038 0.1 0.0 -0.0736865997314 0.556053161621 4.7594003121 0.113                                0.238 0.108223052921 0.178763511795 0.0736865997314 -0.00605316162109 -0.0470113317159
* 347 34.8104531765 -1.73472347598e-16 0.54 4.71238898038 0.1 0.0 -0.0732402801514 0.542889595032 4.7689284722 0.111                                0.218 0.105995504189 0.169331145941 0.0732402801514 -0.00288959503174 -0.0565394918111
* 348 34.9108781815 -1.73472347598e-16 0.53 4.71238898038 0.1 0.0 -0.0730195045471 0.535579681396 4.77713817755 0.11                                0.206 0.108810468552 0.160773041289 0.0730195045471 -0.00557968139648 -0.0647491971639
* 349 35.0113010406 -1.73472347598e-16 0.52 4.71238898038 0.1 0.0 -0.0715494155884 0.526395320892 4.78448433081 0.109                                0.189 0.109846907525 0.149527425215 0.0715494155884 -0.00639532089233 -0.0720953504231
* 350 35.1117269993 -1.73472347598e-16 0.51 4.71238898038 0.1 0.0 -0.0684413909912 0.514341831207 4.78949588934 0.109                                0.179 0.108116774274 0.1361376304 0.0684413909912 -0.00434183120728 -0.0771069089558
* 351 35.2121391296 -1.73472347598e-16 0.5 4.71238898038 0.1 0.0 -0.0676155090332 0.503456115723 4.79725879828 0.109                                0.164 0.107680906805 0.126861339612 0.0676155090332 -0.00345611572266 -0.0848698178914
* 352 35.3126871586 -1.73472347598e-16 0.49 4.71238898038 0.1 0.0 -0.0671553611755 0.488525390625 4.80297273794 0.108                                0.157 0.103626773553 0.121656643336 0.0671553611755 0.001474609375 -0.0905837575581
* 353 35.414440155 -1.73472347598e-16 0.48 4.71238898038 0.1 0.0 -0.0653657913208 0.479834079742 4.81053108374 0.107                                0.142 0.104987010382 0.109195082044 0.0653657913208 0.000165920257569 -0.0981421033528
* 354 35.5155479908 -1.73472347598e-16 0.47 4.71238898038 0.1 0.0 -0.0643577575684 0.471662998199 4.81679338614 0.106                                0.132 0.106782673162 0.100006587572 0.0643577575684 -0.00166299819946 -0.104404405752
* 355 35.6159570217 -1.73472347598e-16 0.46 4.71238898038 0.1 0.0 -0.0631847381592 0.4591588974 4.82360023657 0.105                                0.123 0.104795028636 0.0912026044929 0.0631847381592 0.000841102600098 -0.111211256185
* 356 35.7163751125 -1.73472347598e-16 0.45 4.71238898038 0.1 0.0 -0.0599889755249 0.446173191071 4.82767528692 0.106                                0.111 0.102052184557 0.079061035528 0.0599889755249 0.00382680892944 -0.115286306539
* 357 35.816835165 -1.73472347598e-16 0.44 4.71238898038 0.1 0.0 -0.0574140548706 0.438343048096 4.83170980612 0.105                                0.105 0.10383662612 0.0670416609085 0.0574140548706 0.0016569519043 -0.119320825734
* 358 35.9172751904 -1.73472347598e-16 0.43 4.71238898038 0.1 0.0 -0.0544519424438 0.424527645111 4.83242506186 0.104                                0.092 0.100233499717 0.058951930269 0.0544519424438 0.00547235488892 -0.120036081472
* 359 36.0176990032 -1.73472347598e-16 0.42 4.71238898038 0.1 0.0 -0.0529108047485 0.416226863861 4.83745998541 0.103                                0.083 0.101722371712 0.0492978300466 0.0529108047485 0.00377313613892 -0.125071005025
* 360 36.1181330681 -1.73472347598e-16 0.41 4.71238898038 0.1 0.0 -0.0524649620056 0.406425476074 4.84100002447 0.102                                0.072 0.101964404245 0.0447612594244 0.0524649620056 0.00357452392578 -0.128611044088
* 361 36.2185561657 -1.73472347598e-16 0.4 4.71238898038 0.1 0.0 -0.0511422157288 0.398664951324 4.84382433096 0.102                                0.063 0.103851421002 0.0374440451946 0.0511422157288 0.00133504867554 -0.131435350576
* 362 36.3189630508 -1.73472347598e-16 0.39 4.71238898038 0.1 0.0 -0.0512990951538 0.387883663177 4.84630340735 0.102                                0.056 0.10326894205 0.0360103820489 0.0512990951538 0.00211633682251 -0.133914426961
* 363 36.4194171429 -1.73472347598e-16 0.38 4.71238898038 0.1 0.0 -0.0468616485596 0.376800537109 4.8461694161 0.102                                0.05 0.101805311664 0.023369732026 0.0468616485596 0.00319946289063 -0.13378043572
* 364 36.5198290348 -1.73472347598e-16 0.37 4.71238898038 0.1 0.0 -0.0451631546021 0.365882873535 4.84678835074 0.102                                0.042 0.100826061572 0.0181409362757 0.0451631546021 0.00411712646484 -0.134399370351
* 365 36.6202440262 -1.73472347598e-16 0.36 4.71238898038 0.1 0.0 -0.0433588027954 0.354555606842 4.84666151205 0.102                                0.035 0.0994583538384 0.0134215501742 0.0433588027954 0.00544439315796 -0.134272531667
* 366 36.7206799984 -1.73472347598e-16 0.35 4.71238898038 0.1 0.0 -0.0411696434021 0.345895290375 4.8466057221 0.101                                0.027 0.100363724958 0.0064242912863 0.0411696434021 0.00410470962524 -0.13421674172
* 367 36.8210990429 -1.73472347598e-16 0.34 4.71238898038 0.1 0.0 -0.0397410392761 0.338589668274 4.84758562246 0.1                                0.021 0.102557013553 0.000225062971257 0.0397410392761 0.00141033172607 -0.13519664208
* 368 36.9215199947 -1.73472347598e-16 0.33 4.71238898038 0.1 0.0 -0.0381207466125 0.328992366791 4.84836525122 0.1                                0.015 0.102730672875 -0.0054472413052 0.0381207466125 0.00100763320923 -0.135976270833
* 369 37.02196908 -1.73472347598e-16 0.32 4.71238898038 0.1 0.0 -0.0385785102844 0.320189476013 4.84954113165 0.101                                0.01 0.103847813576 -0.00562313801314 0.0385785102844 -0.000189476013184 -0.137152151265
* 370 37.122410059 -1.73472347598e-16 0.31 4.71238898038 0.1 0.0 -0.0349607467651 0.308569431305 4.84956545035 0.102                                0.004 0.102008347519 -0.0157315766098 0.0349607467651 0.00143056869507 -0.13717646996
* 371 37.222851038 -1.73472347598e-16 0.3 4.71238898038 0.1 0.0 -0.0330972671509 0.296971321106 4.84931368033 0.102                                0.0 0.100393787484 -0.0203921010606 0.0330972671509 0.00302867889404 -0.136924699941
* 372 37.3232800961 -1.73472347598e-16 0.29 4.71238898038 0.1 0.0 -0.0305867195129 0.287492275238 4.84908765951 0.101                                -0.007 0.100542756593 -0.0278673588007 0.0305867195129 0.00250772476196 -0.136698679128
* 373 37.4237210751 -1.73472347598e-16 0.28 4.71238898038 0.1 0.0 -0.0295777320862 0.278605461121 4.84834283987 0.101                                -0.011 0.101379577578 -0.0306625540049 0.0295777320862 0.00139453887939 -0.135953859487
* 374 37.5241410732 -1.73472347598e-16 0.27 4.71238898038 0.1 0.0 -0.0263266563416 0.270139217377 4.84817499319 0.101                                -0.017 0.102323576888 -0.0408004597363 0.0263266563416 -0.000139217376709 -0.135786012807
* 375 37.6245679855 -1.73472347598e-16 0.26 4.71238898038 0.1 0.0 -0.025059223175 0.263188362122 4.84979337851 0.101                                -0.021 0.104833316032 -0.0472562252336 0.025059223175 -0.00318836212158 -0.137404398122
* 376 37.7249660492 -1.73472347598e-16 0.25 4.71238898038 0.1 0.0 -0.0241847038269 0.254215240479 4.8498882691 0.101                                -0.03 0.105620414956 -0.0503623079089 0.0241847038269 -0.00421524047852 -0.137499288717
* 377 37.825368166 -1.73472347598e-16 0.24 4.71238898038 0.1 0.0 -0.0229730606079 0.245557308197 4.84967941443 0.102                                -0.036 0.106638737011 -0.0543263361778 0.0229730606079 -0.00555730819702 -0.137290434041
* 378 37.9257791042 -1.73472347598e-16 0.23 4.71238898038 0.1 0.0 -0.0196170806885 0.234412193298 4.84916919867 0.104                                -0.042 0.105240693046 -0.0633714587863 0.0196170806885 -0.00441219329834 -0.136780218282
* 379 38.0261890888 -1.73472347598e-16 0.22 4.71238898038 0.1 0.0 -0.0170941352844 0.223023414612 4.84932321707 0.104                                -0.044 0.103733645564 -0.0704389426843 0.0170941352844 -0.00302341461182 -0.136934236684
* 380 38.1266310215 -1.73472347598e-16 0.21 4.71238898038 0.1 0.0 -0.0146818161011 0.213797092438 4.84898132483 0.104                                -0.053 0.104117192453 -0.0776194621089 0.0146818161011 -0.00379709243774 -0.136592344442
* 381 38.2284941673 -1.73472347598e-16 0.2 4.71238898038 0.1 0.0 -0.0128827095032 0.20598077774 4.84693664709 0.104                                -0.058 0.105804574488 -0.0820196583191 0.0128827095032 -0.00598077774048 -0.134547666707
* 382 38.3288931847 -1.73472347598e-16 0.19 4.71238898038 0.1 0.0 -0.0112977027893 0.195113182068 4.84737962881 0.104                                -0.067 0.104862923468 -0.086779520406 0.0112977027893 -0.00511318206787 -0.134990648427
* 383 38.4293291569 -1.73472347598e-16 0.18 4.71238898038 0.1 0.0 -0.0075249671936 0.178434848785 4.84570068518 0.105                                -0.072 0.0986297843158 -0.093829820347 0.0075249671936 0.0015651512146 -0.133311704793
* 384 38.5300660133 -1.73472347598e-16 0.17 4.71238898038 0.1 0.0 -0.00472497940063 0.169268131256 4.8437208573 0.103                                -0.079 0.0990452338689 -0.100753096824 0.00472497940063 0.000731868743896 -0.131331876912
* 385 38.630464077 -1.73472347598e-16 0.16 4.71238898038 0.1 0.0 -0.00352573394775 0.159090518951 4.84271711508 0.102                                -0.083 0.0987632090565 -0.10337176789 0.00352573394775 0.000909481048584 -0.130328134694
* 386 38.7317280769 -1.73472347598e-16 0.15 4.71238898038 0.1 0.0 -0.00158357620239 0.151614189148 4.8400930802 0.101                                -0.09 0.100765519408 -0.10781895906 0.00158357620239 -0.00161418914795 -0.127704099813
* 387 38.8322281837 -1.73472347598e-16 0.14 4.71238898038 0.1 0.0 -0.00128698348999 0.144334316254 4.83759683767 0.1                                -0.094 0.103126690372 -0.107519763396 0.00128698348999 -0.00433431625366 -0.12520785729
* 388 38.9332811832 -1.73472347598e-16 0.13 4.71238898038 0.1 0.0 0.00012731552124 0.134320259094 4.83445209662 0.1                                -0.1 0.103000284218 -0.108927967457 -0.00012731552124 -0.00432025909424 -0.122063116231
* 389 39.0340270996 -1.73472347598e-16 0.12 4.71238898038 0.1 0.0 0.00240850448608 0.126751899719 4.83211750189 0.101                                -0.103 0.104906710035 -0.114518000853 -0.00240850448608 -0.00675189971924 -0.119728521505
* 390 39.134540081 -1.73472347598e-16 0.11 4.71238898038 0.1 0.0 0.00401830673218 0.116144657135 4.82951635519 0.102                                -0.105 0.104251337542 -0.116771802781 -0.00401830673218 -0.00614465713501 -0.117127374807
* 391 39.2352340221 -1.73472347598e-16 0.1 4.71238898038 0.1 0.0 0.0050687789917 0.109295845032 4.82782501379 0.103                                -0.11 0.106915083331 -0.119480286265 -0.0050687789917 -0.00929584503174 -0.115436033407
* 392 39.335668087 -1.73472347598e-16 0.09 4.71238898038 0.1 0.0 0.00551128387451 0.0979871749878 4.82716507116 0.103                                -0.112 0.105742465766 -0.11975396853 -0.00551128387451 -0.00798717498779 -0.11477609078
* 393 39.4360771179 -1.73472347598e-16 0.08 4.71238898038 0.1 0.0 0.00551128387451 0.0979871749878 4.82716507116 0.104                                -0.115 0.114448366418 -0.123189696188 -0.00551128387451 -0.0179871749878 -0.11477609078
* 394 39.5367062092 -1.73472347598e-16 0.07 4.71238898038 0.1 0.0 0.00891351699829 0.0802345275879 4.8196391503 0.105                                -0.117 0.107506806832 -0.123862900367 -0.00891351699829 -0.0102345275879 -0.107250169912
* 395 39.6371049881 -1.73472347598e-16 0.06 4.71238898038 0.1 0.0 0.0109491348267 0.0716676712036 4.81410688559 0.108                                -0.119 0.108680966994 -0.125373025175 -0.0109491348267 -0.0116676712036 -0.101717905202
* 396 39.737650156 -1.73472347598e-16 0.05 4.71238898038 0.1 0.0 0.0126061439514 0.0622587203979 4.81145233313 0.108                                -0.12 0.109107447243 -0.12808500375 -0.0126061439514 -0.0122587203979 -0.0990633527425
* 397 39.8381850719 -1.73472347598e-16 0.04 4.71238898038 0.1 0.0 0.0128221511841 0.0520730018616 4.80935281912 0.108                                -0.122 0.10897296507 -0.12676704865 -0.0128221511841 -0.0120730018616 -0.0969638387349
* 398 39.9387581348 -1.73472347598e-16 0.03 4.71238898038 0.1 0.0 0.0147094726562 0.0413827896118 4.80559343496 0.108                                -0.124 0.108298305584 -0.128795348843 -0.0147094726563 -0.0113827896118 -0.0932044545796
* 399 40.0392661095 -1.73472347598e-16 0.02 4.71238898038 0.1 0.0 0.0163202285767 0.0325713157654 4.80311197439 0.108                                -0.125 0.109264619821 -0.131681813537 -0.0163202285767 -0.0125713157654 -0.0907229940083
* 400 40.1398160458 -1.73472347598e-16 0.01 4.71238898038 0.1 0.0 0.0172562599182 0.0226745605469 4.80177396933 0.108                                -0.127 0.10931393089 -0.133289411468 -0.0172562599182 -0.0126745605469 -0.0893849889424
* 401 40.2403562069 -1.73472347598e-16 -1.73472347598e-16 4.71238898038 0.1 0.0 0.0190048217773 0.0142297744751 4.7988528649 0.108                                -0.129 0.11061193544 -0.136261117193 -0.0190048217773 -0.0142297744751 -0.0864638845113
