### Ensaio do Controlador Klancar com Laser (Linha Reta) ###

# Parâmetros #

# Número do Ensaio: 4
# Frequência: 10.0 Hz
# Distância: 2.00 m
# Velocidade Linear da Base: 0.15 m/s
# Parâmetro ksi: 0.80
# Parâmetro w_n: 0.47
# Parâmetro g: 10.00

* 1 0.0 0.0 0.0 0.0 0.15 0.0 0.0 0.0 0.0 0.0 0.0 0.15 0.0
* 2 0.100395917892 0.015 0.0 0.0 0.15 0.0 0.0 0.0 0.0 0.0 0.0 0.161384199577 0.0
* 3 0.20077085495 0.03 0.0 0.0 0.15 0.0 0.0 0.0 0.0 0.0 0.0 0.172768399153 0.0
* 4 0.301087856293 0.045 0.0 0.0 0.15 0.0 0.0 0.0 0.0 0.0 0.0 0.18415259873 0.0
* 5 0.401291847229 0.06 0.0 0.0 0.15 0.0 0.0 0.0 0.0 0.0 0.0 0.195536798306 0.0
* 6 0.501578807831 0.075 0.0 0.0 0.15 0.0 0.0 0.0 0.0 0.0 0.0 0.206920997883 0.0
* 7 0.601800918579 0.09 0.0 0.0 0.15 0.0 0.0 0.0 0.0 0.0 0.0 0.21830519746 0.0
* 8 0.702041864395 0.105 0.0 0.0 0.15 0.0 0.0 0.0 0.0 0.0 0.0 0.229689397036 0.0
* 9 0.802278995514 0.12 0.0 0.0 0.15 0.0 0.0 0.0 0.0 0.0 0.0 0.241073596613 0.0
* 10 0.902501821518 0.135 0.0 0.0 0.15 0.0 0.0 0.0 0.0 0.0 0.0 0.252457796189 0.0
* 11 1.0027718544 0.15 0.0 0.0 0.15 0.0 0.0 0.0 0.0 0.17999991 -0.004 0.263841995766 0.0
* 12 1.10298490524 0.165 0.0 0.0 0.15 0.0 0.169978141785 0.0110778808594 0.00401552114636 0.211001595636 -0.002 0.146186916672 -0.0196342689268
* 13 1.20319890976 0.18 0.0 0.0 0.15 0.0 0.169978141785 0.0110778808594 0.00401552114636 0.211001595636 -0.002 0.157571024467 -0.0197246179098
* 14 1.303565979 0.195 0.0 0.0 0.15 0.0 0.192423820496 0.0124959945679 0.00326121691614 0.230001108091 -0.001 0.151923446062 -0.0212315839894
* 15 1.40396785736 0.21 0.0 0.0 0.15 0.0 0.24477481842 0.0146613121033 0.00502514513209 0.223001074367 -0.003 0.123550292458 -0.0255433858286
* 16 1.50420188904 0.225 0.0 0.0 0.15 0.0 0.267070770264 0.0168328285217 0.00165617372841 0.206002497991 -0.005 0.118049210432 -0.0264016409293
* 17 1.60441398621 0.24 0.0 0.0 0.15 0.0 0.275472164154 0.0142583847046 0.00416347803548 0.171001140112 -0.014 0.123032399167 -0.0243257186199
* 18 1.70465278625 0.255 0.0 0.0 0.15 0.0 0.275472164154 0.0142583847046 0.00416347803548 0.171001140112 -0.014 0.134416500074 -0.0244193966051
* 19 1.80486798286 0.27 0.0 0.0 0.15 0.0 0.275472164154 0.0142583847046 0.00416347803548 0.171001140112 -0.014 0.145800600981 -0.0245130745902
* 20 1.90530395508 0.285 0.0 0.0 0.15 0.0 0.283219814301 0.0145874023438 0.00400177342817 0.158001053437 -0.017 0.151305550316 -0.0249287466241
* 21 2.00549197197 0.3 0.0 0.0 0.15 0.0 0.286339759827 0.0132513046265 0.00477491412312 0.0720000005109 -0.01 0.160317543904 -0.0235984747061
* 22 2.10586881638 0.315 0.0 0.0 0.15 0.0 0.286339759827 0.0132513046265 0.00477491412312 0.0500001699965 -0.007 0.171701613702 -0.0237059098657
* 23 2.20608687401 0.33 0.0 0.0 0.15 0.0 0.286881923676 0.0134491920471 0.00472842343152 0.0319999577275 -0.004 0.182674012538 -0.0240680032609
* 24 2.30629897118 0.345 0.0 0.0 0.15 0.0 0.287383079529 0.0127234458923 0.00478884764016 0.0359999434957 -0.006 0.193679703793 -0.0231333062153
* 25 2.40655684471 0.36 0.0 0.0 0.15 0.0 0.289664268494 0.0134682655334 0.00472038239241 0.0639995610216 -0.012 0.203330550995 -0.0242827070478
* 26 2.50678300858 0.375 0.0 0.0 0.15 0.0 0.302729129791 0.0161347389221 0.00513215083629 0.0929995507586 -0.012 0.204784191248 -0.0286531733479
* 27 2.60702586174 0.39 0.0 0.0 0.15 0.0 0.322341918945 0.0186471939087 0.00499601149932 0.139998317199 -0.018 0.201275655953 -0.0322691766367
* 28 2.70740699768 0.405 0.0 0.0 0.15 0.0 0.322341918945 0.0186471939087 0.00499601149932 0.151998172958 -0.017 0.212659713454 -0.0323815864278
* 29 2.80777192116 0.42 0.0 0.0 0.15 0.0 0.35150384903 0.0191612243652 0.00424241973087 0.167996135834 -0.021 0.201921411299 -0.0323972309183
* 30 2.90824699402 0.435 0.0 0.0 0.15 0.0 0.374838829041 0.0197057723999 0.00348527240567 0.177994392829 -0.025 0.19560580578 -0.0325181313168
* 31 3.00845694542 0.45 0.0 0.0 0.15 0.0 0.410485267639 0.0246810913086 0.00230400497094 0.19598640836 -0.029 0.179945937829 -0.0389067186159
* 32 3.10872888565 0.465 0.0 0.0 0.15 0.0 0.435813903809 0.0213212966919 0.00128511409275 0.194983683742 -0.031 0.17212975208 -0.033013512829
* 33 3.20897078514 0.48 0.0 0.0 0.15 0.0 0.454568386078 0.0243978500366 0.00118341774214 0.190981416038 -0.034 0.169279206399 -0.0375400446699
* 34 3.30921387672 0.495 0.0 0.0 0.15 0.0 0.469796657562 0.0252814292908 0.000481324474094 0.18497931742 -0.035 0.169118737134 -0.0383056356126
* 35 3.40951299667 0.51 0.0 0.0 0.15 0.0 0.469796657562 0.0252814292908 0.000481324474094 0.179974011474 -0.034 0.180502935392 -0.0383164654129
* 36 3.50972294807 0.525 0.0 0.0 0.15 0.0 0.484186649323 0.0261993408203 -0.000733200693503 0.175971536069 -0.032 0.180989685545 -0.0386976539041
* 37 3.60993385315 0.54 0.0 0.0 0.15 0.0 0.484186649323 0.0261993408203 -0.000733200693503 0.175971536069 -0.032 0.192373882061 -0.03868115689
* 38 3.7101328373 0.555 0.0 0.0 0.15 0.0 0.484186649323 0.0261993408203 -0.000733200693503 0.175971536069 -0.032 0.203758078578 -0.0386646598758
* 39 3.81032991409 0.57 0.0 0.0 0.15 0.0 0.505444526672 0.0272741317749 -0.00102740922011 0.175961286296 -0.037 0.199015321416 -0.0400319399809
* 40 3.91055297852 0.585 0.0 0.0 0.15 0.0 0.505444526672 0.0272741317749 -0.00102740922011 0.175961286296 -0.037 0.210399514984 -0.0400088232775
* 41 4.01075983047 0.6 0.0 0.0 0.15 0.0 0.552969455719 0.0280332565308 -0.00153094925918 0.177953014996 -0.038 0.185726027946 -0.0407799247007
* 42 4.11101698875 0.615 0.0 0.0 0.15 0.0 0.552969455719 0.0280332565308 -0.00153094925918 0.177953014996 -0.038 0.197110214181 -0.0407454783558
* 43 4.21140885353 0.63 0.0 0.0 0.15 0.0 0.594276428223 0.029824256897 -0.00512153329328 0.191921786717 -0.039 0.177225887381 -0.0405743901566
* 44 4.31177186966 0.645 0.0 0.0 0.15 0.0 0.655760765076 0.0327706336975 -0.00513536157086 0.200899745834 -0.039 0.141959005165 -0.0453407272423
* 45 4.41243600845 0.66 0.0 0.0 0.15 0.0 0.676396846771 0.0329675674438 -0.00684434594586 0.185890440638 -0.04 0.137723694845 -0.0444240367696
* 46 4.51272296906 0.675 0.0 0.0 0.15 0.0 0.692408084869 0.0375428199768 -0.00542384805158 0.173889817927 -0.04 0.136940721414 -0.0523386179079
* 47 4.6129758358 0.69 0.0 0.0 0.15 0.0 0.70174407959 0.0375304222107 -0.00543767632917 0.157888271967 -0.042 0.141239668195 -0.0522636851467
* 48 4.71337890625 0.705 0.0 0.0 0.15 0.0 0.711570739746 0.0375394821167 -0.00476342858747 0.14888250498 -0.045 0.145147225745 -0.0527403449239
* 49 4.81366086006 0.72 0.0 0.0 0.15 0.0 0.725786685944 0.0362038612366 -0.00431997003034 0.146871735526 -0.046 0.145725554055 -0.0510641557399
* 50 4.91401195526 0.735 0.0 0.0 0.15 0.0 0.738139152527 0.035840511322 -0.00561935128644 0.145866404884 -0.048 0.14776807145 -0.0495215902733
* 51 5.01431798935 0.75 0.0 0.0 0.15 0.0 0.752620697021 0.0369973182678 -0.00725776376203 0.145849400537 -0.049 0.148210921461 -0.0500147907187
* 52 5.11463499069 0.765 0.0 0.0 0.15 0.0 0.752620697021 0.0369973182678 -0.00725776376203 0.145842613805 -0.049 0.159594821207 -0.0498514924676
* 53 5.21495485306 0.78 0.0 0.0 0.15 0.0 0.752620697021 0.0369973182678 -0.00725776376203 0.145842613805 -0.049 0.170978720953 -0.0496881942166
* 54 5.31525087357 0.795 0.0 0.0 0.15 0.0 0.793133735657 0.0402817726135 -0.00515300454572 0.150792795148 -0.05 0.151571920234 -0.0564965759899
* 55 5.41553092003 0.81 0.0 0.0 0.15 0.0 0.809336185455 0.0379285812378 -0.00522500695661 0.153769232709 -0.049 0.150652150553 -0.0529213911556
* 56 5.51575279236 0.825 0.0 0.0 0.15 0.0 0.827724933624 0.0377721786499 -0.00835353508592 0.152756848561 -0.052 0.14816622793 -0.0503505476088
* 57 5.61600589752 0.84 0.0 0.0 0.15 0.0 0.827724933624 0.0377721786499 -0.00835353508592 0.151749702297 -0.052 0.159550030305 -0.0501625952553
* 58 5.71632194519 0.855 0.0 0.0 0.15 0.0 0.853385925293 0.0445342063904 -0.00756198586896 0.149716072974 -0.051 0.151476258573 -0.0610419476281
* 59 5.81654596329 0.87 0.0 0.0 0.15 0.0 0.865718841553 0.0421776771545 -0.00524455728009 0.152688862818 -0.052 0.153414943917 -0.0592516275145
* 60 5.91679501534 0.885 0.0 0.0 0.15 0.0 0.865718841553 0.0421776771545 -0.00524455728009 0.152688862818 -0.052 0.164798986931 -0.0591336255166
* 61 6.0170238018 0.9 0.0 0.0 0.15 0.0 0.900550842285 0.0430970191956 -0.00696021737531 0.152650097809 -0.054 0.149805972197 -0.0593672802823
* 62 6.11731791496 0.915 0.0 0.0 0.15 0.0 0.911075592041 0.0418305397034 -0.00851899757981 0.154624150379 -0.056 0.153243315788 -0.0562279207306
* 63 6.21758699417 0.93 0.0 0.0 0.15 0.0 0.911075592041 0.0418305397034 -0.00851899757981 0.154624150379 -0.056 0.164627102272 -0.0560362456035
* 64 6.31783390045 0.945 0.0 0.0 0.15 0.0 0.911075592041 0.0418305397034 -0.00851899757981 0.154624150379 -0.056 0.176010888757 -0.0558445704764
* 65 6.41815185547 0.96 0.0 0.0 0.15 0.0 0.953359127045 0.0438270568848 -0.0081027187407 0.152515667673 -0.055 0.155304491632 -0.0595081833152
* 66 6.51839780807 0.975 0.0 0.0 0.15 0.0 0.953359127045 0.0438270568848 -0.0081027187407 0.153512502102 -0.055 0.166688317501 -0.0593258741384
* 67 6.61862778664 0.99 0.0 0.0 0.15 0.0 0.953359127045 0.0438270568848 -0.0081027187407 0.153512502102 -0.055 0.17807214337 -0.0591435649616
* 68 6.71887683868 1.005 0.0 0.0 0.15 0.0 0.953359127045 0.0438270568848 -0.0081027187407 0.153512502102 -0.055 0.189455969239 -0.0589612557849
* 69 6.81909584999 1.02 0.0 0.0 0.15 0.0 0.970858573914 0.0469031333923 -0.00950080528855 0.157476208845 -0.057 0.187625461892 -0.0624406064366
* 70 6.91931986809 1.035 0.0 0.0 0.15 0.0 1.02771234512 0.0457787513733 -0.0103548206389 0.167298494319 -0.06 0.155882360674 -0.0606924978838
* 71 7.01962399483 1.05 0.0 0.0 0.15 0.0 1.04942846298 0.0479226112366 -0.0124214328825 0.169246508291 -0.062 0.150873925535 -0.0624405179497
* 72 7.1198759079 1.065 0.0 0.0 0.15 0.0 1.06655263901 0.0489187240601 -0.0167143978179 0.166254277601 -0.061 0.149421363657 -0.0607214257598
* 73 7.22019982338 1.08 0.0 0.0 0.15 0.0 1.07824087143 0.0491471290588 -0.0160902179778 0.159221276805 -0.059 0.151915635194 -0.0614570786732
* 74 7.32054591179 1.095 0.0 0.0 0.15 0.0 1.07824087143 0.0491471290588 -0.0160902179778 0.156220123874 -0.059 0.163298361145 -0.0610950643898
* 75 7.42083287239 1.11 0.0 0.0 0.15 0.0 1.07824087143 0.0491471290588 -0.0160902179778 0.156220123874 -0.059 0.174681087097 -0.0607330501064
* 76 7.52115893364 1.125 0.0 0.0 0.15 0.0 1.12308883667 0.0526704788208 -0.0170105136931 0.156107850591 -0.06 0.152108506734 -0.0660354534165
* 77 7.62141680717 1.14 0.0 0.0 0.15 0.0 1.13800096512 0.0496191978455 -0.0179227031767 0.159055987146 -0.06 0.152167728853 -0.0607607283429
* 78 7.72170591354 1.155 0.0 0.0 0.15 0.0 1.13800096512 0.0496191978455 -0.0179227031767 0.159040874764 -0.062 0.163550100044 -0.0603574891105
* 79 7.82192492485 1.17 0.0 0.0 0.15 0.0 1.13800096512 0.0496191978455 -0.0179227031767 0.158029174667 -0.061 0.174932471234 -0.0599542498782
* 80 7.92217183113 1.185 0.0 0.0 0.15 0.0 1.15394973755 0.0520987510681 -0.0204442180693 0.157017540109 -0.061 0.17433753292 -0.0616635937844
* 81 8.02243280411 1.2 0.0 0.0 0.15 0.0 1.15394973755 0.0520987510681 -0.0204442180693 0.153972488683 -0.062 0.185719353475 -0.0612036309209
* 82 8.12267780304 1.215 0.0 0.0 0.15 0.0 1.18139028549 0.0483922958374 -0.019692722708 0.152961060624 -0.061 0.176197160889 -0.0566359074751
* 83 8.22291493416 1.23 0.0 0.0 0.15 0.0 1.22852087021 0.0523314476013 -0.0253599323332 0.166700585915 -0.061 0.152081094545 -0.0591688356505
* 84 8.3231549263 1.245 0.0 0.0 0.15 0.0 1.24706506729 0.0506987571716 -0.0253527797759 0.167627829673 -0.061 0.149360434031 -0.0568608139814
* 85 8.42338895798 1.26 0.0 0.0 0.15 0.0 1.26490020752 0.0507459640503 -0.0253766216338 0.160642425992 -0.058 0.147211143086 -0.0570214424858
* 86 8.5236749649 1.275 0.0 0.0 0.15 0.0 1.2786154747 0.0554733276367 -0.0268290676177 0.15461517687 -0.058 0.148332456443 -0.0629636976099
* 87 8.62390089035 1.29 0.0 0.0 0.15 0.0 1.29168844223 0.0518622398376 -0.0268242992461 0.152611967686 -0.057 0.149720756797 -0.0574750906309
* 88 8.72418189049 1.305 0.0 0.0 0.15 0.0 1.29168844223 0.0518622398376 -0.0268242992461 0.151599982664 -0.057 0.161100860909 -0.0568716162749
* 89 8.82462096214 1.32 0.0 0.0 0.15 0.0 1.29168844223 0.0518622398376 -0.0268242992461 0.151599982664 -0.057 0.17248096502 -0.0562681419189
* 90 8.9248418808 1.335 0.0 0.0 0.15 0.0 1.3067688942 0.0503768920898 -0.0283363498747 0.151455204912 -0.058 0.172440333602 -0.0528294359751
* 91 9.02506399155 1.35 0.0 0.0 0.15 0.0 1.35028219223 0.0503554344177 -0.0309971012175 0.156347845357 -0.056 0.150898307528 -0.0519848404801
* 92 9.12534093857 1.365 0.0 0.0 0.15 0.0 1.36542654037 0.0539155006409 -0.0324185527861 0.159268651697 -0.056 0.150923935449 -0.0562475437429
* 93 9.22564482689 1.38 0.0 0.0 0.15 0.0 1.3814330101 0.0494561195374 -0.0347893871367 0.157273399115 -0.054 0.15012785723 -0.0478107680339
* 94 9.3258869648 1.395 0.0 0.0 0.15 0.0 1.3814330101 0.0494561195374 -0.0347893871367 0.155283785838 -0.053 0.161505168345 -0.04702816471
* 95 9.42678594589 1.41 0.0 0.0 0.15 0.0 1.39488649368 0.0491981506348 -0.0360015071929 0.151216207321 -0.052 0.162709676242 -0.045610196433
* 96 9.5270178318 1.425 0.0 0.0 0.15 0.0 1.42552614212 0.0496826171875 -0.0376432575285 0.154116636093 -0.049 0.15091376414 -0.0459316090396
* 97 9.62723278999 1.44 0.0 0.0 0.15 0.0 1.44224691391 0.0529990196228 -0.0390499271452 0.155062559796 -0.048 0.149751982298 -0.049932691961
* 98 9.72746491432 1.455 0.0 0.0 0.15 0.0 1.45836400986 0.0507507324219 -0.0408600009978 0.152060563537 -0.047 0.148897199696 -0.0452581221014
* 99 9.82775998116 1.47 0.0 0.0 0.15 0.0 1.47066926956 0.0479416847229 -0.0417111553252 0.150041052019 -0.048 0.150879262169 -0.0402352994594
* 100 9.92809796333 1.485 0.0 0.0 0.15 0.0 1.48604631424 0.0485739707947 -0.0412429012358 0.148975455868 -0.045 0.15059901411 -0.0415625475243
* 101 10.0283608437 1.5 0.0 0.0 0.15 0.0 1.49934434891 0.049952507019 -0.0405252613127 0.148975455868 -0.045 0.151909984568 -0.0440708857319
* 102 10.1287908554 1.515 0.0 0.0 0.15 0.0 1.51573705673 0.051374912262 -0.0423911251128 0.148879739582 -0.043 0.150958730036 -0.0448673889914
* 103 10.2290689945 1.53 0.0 0.0 0.15 0.0 1.53137207031 0.0501341819763 -0.0440276302397 0.148853648886 -0.043 0.1504889956 -0.0418043607178
* 104 10.329458952 1.545 0.0 0.0 0.15 0.0 1.54477453232 0.047914981842 -0.0457060970366 0.148822764541 -0.043 0.151675807626 -0.0370934721412
* 105 10.4298129082 1.56 0.0 0.0 0.15 0.0 1.54477453232 0.047914981842 -0.0457060970366 0.147837183319 -0.044 0.163048118207 -0.0360654429787
* 106 10.5305190086 1.575 0.0 0.0 0.15 0.0 1.57369089127 0.050950050354 -0.0447858013213 0.148709511074 -0.041 0.152573355013 -0.042270494664
* 107 10.6307449341 1.59 0.0 0.0 0.15 0.0 1.58784532547 0.0498032569885 -0.0442565120757 0.150651679119 -0.04 0.153159070115 -0.0409004155279
* 108 10.7309567928 1.605 0.0 0.0 0.15 0.0 1.60416889191 0.05113697052 -0.0458052791655 0.150575250093 -0.041 0.152249865264 -0.0418041546985
* 109 10.8311679363 1.62 0.0 0.0 0.15 0.0 1.61721897125 0.0496454238892 -0.0469687618315 0.149543196177 -0.041 0.153711949391 -0.0385433660874
* 110 10.9314157963 1.635 0.0 0.0 0.15 0.0 1.61721897125 0.0496454238892 -0.0469687618315 0.149543196177 -0.041 0.165083594136 -0.0374869574638
* 111 11.0316588879 1.65 0.0 0.0 0.15 0.0 1.6464881897 0.0487494468689 -0.0454452671111 0.150430781786 -0.041 0.154188471766 -0.038318829587
* 112 11.1320078373 1.665 0.0 0.0 0.15 0.0 1.66128444672 0.0500059127808 -0.0453594364226 0.154303647987 -0.038 0.154383604678 -0.0402536096155
* 113 11.2323060036 1.68 0.0 0.0 0.15 0.0 1.66128444672 0.0500059127808 -0.0453594364226 0.154273735146 -0.037 0.16575609489 -0.0392333722327
* 114 11.3326618671 1.695 0.0 0.0 0.15 0.0 1.695728302 0.0507936477661 -0.0485938228667 0.152272095771 -0.038 0.151143381593 -0.0392734798616
* 115 11.4329497814 1.71 0.0 0.0 0.15 0.0 1.70972156525 0.0487122535706 -0.0473673976958 0.154166903288 -0.039 0.151793354261 -0.0370173220507
* 116 11.5332598686 1.725 0.0 0.0 0.15 0.0 1.72502326965 0.0493898391724 -0.0470212139189 0.151158215449 -0.038 0.151578470677 -0.0383179217555
* 117 11.6335408688 1.74 0.0 0.0 0.15 0.0 1.73812389374 0.0483274459839 -0.0464022792876 0.151092888255 -0.037 0.152962202921 -0.0370657495828
* 118 11.7338309288 1.755 0.0 0.0 0.15 0.0 1.7538356781 0.0513548851013 -0.0476716198027 0.150081261392 -0.037 0.152569569955 -0.0406813713023
* 119 11.8341598511 1.77 0.0 0.0 0.15 0.0 1.767578125 0.051703453064 -0.0474394001067 0.149048186529 -0.038 0.153528081981 -0.0412916800717
* 120 11.934401989 1.785 0.0 0.0 0.15 0.0 1.78509235382 0.0500612258911 -0.0477431453764 0.149998322716 -0.038 0.151572319556 -0.0387783843139
* 121 12.0346579552 1.8 0.0 0.0 0.15 0.0 1.79909801483 0.049186706543 -0.0469024814665 0.148918856647 -0.039 0.152269079602 -0.0380390070309
* 122 12.1348760128 1.815 0.0 0.0 0.15 0.0 1.81324005127 0.0483884811401 -0.0462158359587 0.149862236515 -0.038 0.152870755652 -0.0373079044931
* 123 12.2351019382 1.83 0.0 0.0 0.15 0.0 1.82762813568 0.0501732826233 -0.0476082004607 0.148829331055 -0.038 0.153440300868 -0.0388732501884
* 124 12.3353178501 1.845 0.0 0.0 0.15 0.0 1.84235095978 0.0499711036682 -0.0475466884673 0.148797099002 -0.037 0.153641236325 -0.0385976868333
* 125 12.4355168343 1.86 0.0 0.0 0.15 0.0 1.85869979858 0.0487465858459 -0.0483740009367 0.148738966421 -0.038 0.152599109509 -0.0362267510599
* 126 12.5357170105 1.875 0.0 0.0 0.15 0.0 1.87281417847 0.0476403236389 -0.0476730503142 0.148674330235 -0.039 0.153209651497 -0.0350417467597
* 127 12.6359348297 1.89 0.0 0.0 0.15 0.0 1.88741493225 0.0460271835327 -0.047027412802 0.148632234434 -0.037 0.153436086069 -0.0330908616282
* 128 12.7362139225 1.905 0.0 0.0 0.15 0.0 1.90197944641 0.0475072860718 -0.0479944385588 0.148573541603 -0.036 0.153846871396 -0.0345362822977
* 129 12.8364698887 1.92 0.0 0.0 0.15 0.0 1.91659927368 0.0475301742554 -0.0491059459746 0.148515440935 -0.036 0.154167720733 -0.033690132387
* 130 12.9367158413 1.935 0.0 0.0 0.15 0.0 1.93322372437 0.0476446151733 -0.0486739315093 0.149455852801 -0.034 0.152928191397 -0.0343117285108
* 131 13.0371129513 1.95 0.0 0.0 0.15 0.0 1.93322372437 0.0476446151733 -0.0486739315093 0.149422199883 -0.035 0.164298908188 -0.0332169974353
* 132 13.1374738216 1.965 0.0 0.0 0.15 0.0 1.96283531189 0.0450105667114 -0.0482276119292 0.149348035113 -0.034 0.153113410128 -0.0306786277775
* 133 13.2377309799 1.98 0.0 0.0 0.15 0.0 1.97749328613 0.04674243927 -0.0485060848296 0.152244899789 -0.033 0.153443875478 -0.0330353471303
* 134 13.3380129337 1.995 0.0 0.0 0.15 0.0 1.99259090424 0.0462126731873 -0.048178974539 0.15119907021 -0.032 0.153341321432 -0.0324992681598
