### Ensaio do Controlador Klancar com Laser (Linha Reta) ###

# Parâmetros #

# Número do Ensaio: 5
# Frequência: 10.0 Hz
# Distância: 2.00 m
# Velocidade Linear da Base: 0.10 m/s
# Parâmetro ksi: 0.80
# Parâmetro w_n: 0.22
# Parâmetro g: 5.00

* 1 0.0 0.0 0.0 0.0 0.1 0.0 0.0 0.0 0.0 0.0 0.0 0.1 0.0
* 2 0.100229024887 0.01 0.0 0.0 0.1 0.0 0.0 0.0 0.0 0.0 0.0 0.103577708764 0.0
* 3 0.200512886047 0.02 0.0 0.0 0.1 0.0 -0.00117540359497 -0.000558853149414 -0.000447098398581 0.00600000059969 0.001 0.107575842557 0.000444119077037
* 4 0.300731897354 0.03 0.0 0.0 0.1 0.0 -0.000914096832275 -7.39097595215e-05 1.20728436741e-05 0.0440000000032 -0.003 0.111060163828 3.24489573669e-05
* 5 0.401038885117 0.04 0.0 0.0 0.1 0.0 0.00232839584351 0.000126838684082 -0.00292283692397 0.0680002904622 -0.003 0.113477450752 0.00103734075614
* 6 0.501276016235 0.05 0.0 0.0 0.1 0.0 0.0168752670288 0.00121307373047 -0.00143748917617 0.085000087821 -0.003 0.111851573056 -6.84362618393e-05
* 7 0.601545095444 0.06 0.0 0.0 0.1 0.0 0.0168752670288 0.00121307373047 -0.00143748917617 0.085000087821 -0.003 0.115429278124 -6.12488184338e-05
* 8 0.701778888702 0.07 0.0 0.0 0.1 0.0 0.0168752670288 0.00121307373047 -0.00143748917617 0.085000087821 -0.003 0.119006983191 -5.40613750283e-05
* 9 0.80201792717 0.08 0.0 0.0 0.1 0.0 0.0168752670288 0.00121307373047 -0.00143748917617 0.085000087821 -0.003 0.122584688259 -4.68739316228e-05
* 10 0.90233707428 0.09 0.0 0.0 0.1 0.0 0.0628633499146 0.00499105453491 0.00107936549466 0.109000063494 -0.0 0.109706711804 -0.00289633653178
* 11 1.00265288353 0.1 0.0 0.0 0.1 0.0 0.0772271156311 0.00456142425537 0.00136969937012 0.113000105998 -0.001 0.108145138079 -0.00278634453015
* 12 1.10288310051 0.11 0.0 0.0 0.1 0.0 0.0887489318848 0.00489902496338 0.00163947057445 0.111000149177 -0.002 0.107599995107 -0.00305348425659
* 13 1.20318102837 0.12 0.0 0.0 0.1 0.0 0.0977349281311 0.00362777709961 0.00215147901326 0.110000254588 -0.002 0.107962751966 -0.00260757228277
* 14 1.3035299778 0.13 0.0 0.0 0.1 0.0 0.107123374939 0.00634098052979 0.00217526988126 0.109000203383 -0.002 0.108179399391 -0.00397361237278
* 15 1.40374588966 0.14 0.0 0.0 0.1 0.0 0.107123374939 0.00634098052979 0.00217526988126 0.109000203383 -0.003 0.11175709969 -0.00398448871361
* 16 1.50394010544 0.15 0.0 0.0 0.1 0.0 0.12673330307 0.00801086425781 0.00224096653983 0.109000219196 -0.003 0.108317451828 -0.00483324455718
* 17 1.60419011116 0.16 0.0 0.0 0.1 0.0 0.13873052597 0.00869369506836 0.00185476266779 0.109000132988 -0.003 0.107603644308 -0.00503014502435
* 18 1.70448493958 0.17 0.0 0.0 0.1 0.0 0.150379180908 0.00890350341797 0.00254333741032 0.108000295303 -0.003 0.107011309936 -0.00538662051975
* 19 1.80472493172 0.18 0.0 0.0 0.1 0.0 0.160881996155 0.00930023193359 0.00393964722753 0.107000776869 -0.005 0.106825927311 -0.00609722991934
* 20 1.90504789352 0.19 0.0 0.0 0.1 0.0 0.168636322021 0.00925588607788 0.00395254045725 0.107000621812 -0.004 0.107629372212 -0.00608423104302
* 21 2.00536108017 0.2 0.0 0.0 0.1 0.0 0.180090427399 0.00843954086304 0.00325066060759 0.107000351325 -0.004 0.107112684166 -0.00541509940597
* 22 2.10557889938 0.21 0.0 0.0 0.1 0.0 0.188301086426 0.00986623764038 0.00524755194783 0.107001259233 -0.005 0.107743232603 -0.00686740498532
* 23 2.20584988594 0.22 0.0 0.0 0.1 0.0 0.197962284088 0.0111513137817 0.00575752742589 0.107001559499 -0.005 0.107859694611 -0.00769888113649
* 24 2.30607008934 0.23 0.0 0.0 0.1 0.0 0.209814548492 0.0117964744568 0.00347549282014 0.10700016473 -0.005 0.107206451046 -0.00717670884334
* 25 2.40631103516 0.24 0.0 0.0 0.1 0.0 0.223099708557 0.0125761032104 0.00474916072562 0.107000725173 -0.006 0.10602386805 -0.00802722303764
* 26 2.50667905807 0.25 0.0 0.0 0.1 0.0 0.233609199524 0.0131063461304 0.00622933497652 0.107001594571 -0.007 0.105832887457 -0.00883277211604
* 27 2.60688495636 0.26 0.0 0.0 0.1 0.0 0.242119789124 0.0123090744019 0.00680586928502 0.106001977989 -0.007 0.106364582929 -0.00865018120089
* 28 2.70720601082 0.27 0.0 0.0 0.1 0.0 0.25129699707 0.0121817588806 0.0066018155776 0.106001461975 -0.007 0.106660292399 -0.00851442049306
* 29 2.80745697021 0.28 0.0 0.0 0.1 0.0 0.262090206146 0.0138063430786 0.00628208974376 0.106001243645 -0.008 0.106374472756 -0.0092068391735
* 30 2.90798211098 0.29 0.0 0.0 0.1 0.0 0.271101474762 0.0147948265076 0.00627219257876 0.106000760052 -0.008 0.106726042438 -0.00970054278779
* 31 3.00819301605 0.3 0.0 0.0 0.1 0.0 0.280977725983 0.0168137550354 0.00628076074645 0.106000765753 -0.008 0.10676572753 -0.0107135217611
* 32 3.10842108727 0.31 0.0 0.0 0.1 0.0 0.292650699615 0.0166068077087 0.00621771672741 0.10600072399 -0.008 0.106168079523 -0.0105816974829
* 33 3.20883893967 0.32 0.0 0.0 0.1 0.0 0.304237365723 0.0186548233032 0.00726847304031 0.106000892044 -0.009 0.10558811052 -0.0119848978723
* 34 3.30905389786 0.33 0.0 0.0 0.1 0.0 0.31324672699 0.0182847976685 0.00671453028917 0.106000481508 -0.01 0.105947519245 -0.0116007008859
* 35 3.40934610367 0.34 0.0 0.0 0.1 0.0 0.322289466858 0.0184302330017 0.00748656876385 0.106000373589 -0.01 0.10628396849 -0.011959629465
* 36 3.50962710381 0.35 0.0 0.0 0.1 0.0 0.333047389984 0.0180463790894 0.00791665259749 0.106000724706 -0.011 0.106010713342 -0.0119223577883
* 37 3.60983395576 0.36 0.0 0.0 0.1 0.0 0.343321800232 0.0196738243103 0.00584482867271 0.104998433492 -0.012 0.105924024244 -0.0119765939405
* 38 3.71015095711 0.37 0.0 0.0 0.1 0.0 0.352837562561 0.021062374115 0.00582937104627 0.104998424018 -0.011 0.106094489883 -0.0126666101376
* 39 3.81040596962 0.38 0.0 0.0 0.1 0.0 0.363463401794 0.0213675498962 0.00606911163777 0.104998573777 -0.011 0.105867966397 -0.0129051104969
* 40 3.91089296341 0.39 0.0 0.0 0.1 0.0 0.375583648682 0.0222268104553 0.00667531322688 0.105998068647 -0.011 0.105102325349 -0.0135495067594
* 41 4.0112080574 0.4 0.0 0.0 0.1 0.0 0.375583648682 0.0222268104553 0.00667531322688 0.104998086867 -0.011 0.108679954403 -0.0135828830776
* 42 4.11152887344 0.41 0.0 0.0 0.1 0.0 0.393155097961 0.0218000411987 0.00889908336103 0.104998907642 -0.013 0.105953010302 -0.0141583729535
* 43 4.21177887917 0.42 0.0 0.0 0.1 0.0 0.402911186218 0.0230002403259 0.00860152114183 0.105997508215 -0.013 0.106039174965 -0.0146505624882
* 44 4.31207990646 0.43 0.0 0.0 0.1 0.0 0.414753913879 0.0238008499146 0.00907596573234 0.105997952728 -0.014 0.105372979244 -0.0152162365648
* 45 4.4124019146 0.44 0.0 0.0 0.1 0.0 0.425112247467 0.0238046646118 0.00837535876781 0.105996733704 -0.014 0.105251381268 -0.0149607187061
* 46 4.5127120018 0.45 0.0 0.0 0.1 0.0 0.437023162842 0.0248680114746 0.00789201445878 0.104994397338 -0.013 0.104569260721 -0.0153083576113
* 47 4.61298203468 0.46 0.0 0.0 0.1 0.0 0.447948455811 0.0253677368164 0.00819605961442 0.104994654134 -0.014 0.104233802685 -0.0156651408543
* 48 4.71324896812 0.47 0.0 0.0 0.1 0.0 0.459217071533 0.0257134437561 0.0070404401049 0.104992312276 -0.014 0.103790475633 -0.0154132256337
* 49 4.81354999542 0.48 0.0 0.0 0.1 0.0 0.467665672302 0.0272431373596 0.00834244675934 0.10399342693 -0.015 0.104327918644 -0.0166572278041
* 50 4.91386508942 0.49 0.0 0.0 0.1 0.0 0.476666927338 0.0267915725708 0.00839446950704 0.103991964205 -0.014 0.10468603159 -0.0164545723981
* 51 5.01417708397 0.5 0.0 0.0 0.1 0.0 0.476666927338 0.0267915725708 0.00839446950704 0.103991964205 -0.014 0.108263614299 -0.0164965442527
* 52 5.11450195312 0.51 0.0 0.0 0.1 0.0 0.496298313141 0.0276298522949 0.00971783045679 0.103991598533 -0.016 0.104801050514 -0.0173576048442
* 53 5.21494102478 0.52 0.0 0.0 0.1 0.0 0.505466461182 0.0276918411255 0.00866999756545 0.103989882529 -0.016 0.105109827587 -0.0170102748861
* 54 5.31527400017 0.53 0.0 0.0 0.1 0.0 0.519659996033 0.0285139083862 0.00831234641373 0.104986617469 -0.015 0.103610972767 -0.017273351467
* 55 5.41553592682 0.54 0.0 0.0 0.1 0.0 0.533340454102 0.0287809371948 0.00631230743602 0.104983139602 -0.016 0.102315554572 -0.0166695600771
* 56 5.51581501961 0.55 0.0 0.0 0.1 0.0 0.542332649231 0.0302977561951 0.00798809248954 0.103984546154 -0.017 0.102653289577 -0.0180369250566
* 57 5.61611509323 0.56 0.0 0.0 0.1 0.0 0.551668643951 0.0312752723694 0.00853707455099 0.102983153455 -0.016 0.102881440451 -0.0187269452557
* 58 5.71637201309 0.57 0.0 0.0 0.1 0.0 0.561603546143 0.0324087142944 0.00928358454257 0.10298172704 -0.017 0.102891927356 -0.0195640290792
* 59 5.8166410923 0.58 0.0 0.0 0.1 0.0 0.57123041153 0.0328435897827 0.0100324554369 0.102980257452 -0.018 0.103014428805 -0.0200542783591
* 60 5.91701006889 0.59 0.0 0.0 0.1 0.0 0.578965187073 0.0328421592712 0.0104674901813 0.101980903884 -0.019 0.103819249612 -0.0202228955077
* 61 6.01740407944 0.6 0.0 0.0 0.1 0.0 0.589966773987 0.0319223403931 0.00970267038792 0.102975184521 -0.018 0.103473908715 -0.0194804255625
* 62 6.11772489548 0.61 0.0 0.0 0.1 0.0 0.602003574371 0.0321130752563 0.0097954114899 0.102975277628 -0.018 0.102743414601 -0.0195994437881
* 63 6.21804594994 0.62 0.0 0.0 0.1 0.0 0.612490653992 0.0341453552246 0.00897297076881 0.101972231739 -0.019 0.102572877207 -0.0203159480553
* 64 6.31835198402 0.63 0.0 0.0 0.1 0.0 0.620690345764 0.0345482826233 0.0100255161524 0.101970650484 -0.019 0.103201613256 -0.0209067771614
* 65 6.41859388351 0.64 0.0 0.0 0.1 0.0 0.631673336029 0.0368051528931 0.00950668100268 0.101967430978 -0.019 0.102849204133 -0.021842537335
* 66 6.51889491081 0.65 0.0 0.0 0.1 0.0 0.64280462265 0.0360207557678 0.0107998279855 0.102965631344 -0.02 0.102429137983 -0.0219120451492
* 67 6.61918091774 0.66 0.0 0.0 0.1 0.0 0.650124549866 0.0362257957458 0.011547842063 0.10196681731 -0.02 0.103376582435 -0.0223001905622
* 68 6.71949100494 0.67 0.0 0.0 0.1 0.0 0.659166812897 0.0362191200256 0.0106730759144 0.101959910746 -0.021 0.103731581764 -0.0219848548918
* 69 6.8198158741 0.68 0.0 0.0 0.1 0.0 0.669526576996 0.0375914573669 0.0110791344196 0.101960361054 -0.021 0.103591716803 -0.0228163838083
* 70 6.92016100883 0.69 0.0 0.0 0.1 0.0 0.682914733887 0.0368461608887 0.0113614555448 0.102957157384 -0.021 0.102378515223 -0.0225269379164
* 71 7.02044796944 0.7 0.0 0.0 0.1 0.0 0.690696716309 0.0373220443726 0.0123910242692 0.102955172138 -0.022 0.103155061769 -0.0231503743658
* 72 7.12069797516 0.71 0.0 0.0 0.1 0.0 0.700402259827 0.0382604598999 0.0119995428249 0.102947883329 -0.022 0.103262093798 -0.023479522513
* 73 7.22092700005 0.72 0.0 0.0 0.1 0.0 0.710417747498 0.0382986068726 0.0124596459791 0.101948962997 -0.022 0.103249503511 -0.0236652097139
* 74 7.32114696503 0.73 0.0 0.0 0.1 0.0 0.71896982193 0.0391731262207 0.0127795487642 0.101945856003 -0.022 0.103758687952 -0.0242275925163
* 75 7.42135906219 0.74 0.0 0.0 0.1 0.0 0.728596687317 0.0387206077576 0.0126139260828 0.101938298616 -0.023 0.103896755739 -0.0239435774332
* 76 7.5216319561 0.75 0.0 0.0 0.1 0.0 0.737730503082 0.0407700538635 0.01209697593 0.101933823107 -0.024 0.104205584457 -0.0247856911846
* 77 7.62195110321 0.76 0.0 0.0 0.1 0.0 0.748679161072 0.0409746170044 0.0122005613521 0.102933303855 -0.023 0.103863672435 -0.0249198478245
* 78 7.72214698792 0.77 0.0 0.0 0.1 0.0 0.759747982025 0.039445400238 0.0136139485985 0.102931216896 -0.024 0.10346614696 -0.0246613298372
* 79 7.82247304916 0.78 0.0 0.0 0.1 0.0 0.767748355865 0.0398254394531 0.0139322895557 0.102927600395 -0.025 0.104174644605 -0.0249806985522
* 80 7.92271709442 0.79 0.0 0.0 0.1 0.0 0.778109073639 0.041928768158 0.0139548517764 0.102919188324 -0.024 0.104034747754 -0.0260379477468
* 81 8.0232219696 0.8 0.0 0.0 0.1 0.0 0.787360191345 0.0413603782654 0.0147731825709 0.10291602152 -0.024 0.104292151018 -0.0260567086599
* 82 8.12358999252 0.81 0.0 0.0 0.1 0.0 0.797854423523 0.0422773361206 0.0151933105662 0.10291218981 -0.024 0.104103491316 -0.0266642145619
* 83 8.22383999825 0.82 0.0 0.0 0.1 0.0 0.806146144867 0.0424184799194 0.0149350119755 0.102907206846 -0.025 0.104718153835 -0.0266536368183
* 84 8.32410693169 0.83 0.0 0.0 0.1 0.0 0.816880702972 0.0414781570435 0.0155077390373 0.102903418586 -0.026 0.104450993147 -0.0263865234279
* 85 8.42432689667 0.84 0.0 0.0 0.1 0.0 0.826833248138 0.0422792434692 0.0157537143677 0.10389804556 -0.025 0.104459401829 -0.0268769271084
* 86 8.52452087402 0.85 0.0 0.0 0.1 0.0 0.839374542236 0.0427117347717 0.0159328002483 0.103893401607 -0.026 0.103544845343 -0.0271380917808
* 87 8.62486004829 0.86 0.0 0.0 0.1 0.0 0.84740447998 0.0431761741638 0.015750400722 0.102884038042 -0.027 0.104250058617 -0.0273196322162
* 88 8.72516298294 0.87 0.0 0.0 0.1 0.0 0.857820987701 0.0447182655334 0.0166836157441 0.10288039522 -0.026 0.104075865676 -0.0284265231785
* 89 8.82539987564 0.88 0.0 0.0 0.1 0.0 0.857820987701 0.0447182655334 0.0166836157441 0.10288039522 -0.026 0.107653076536 -0.0285099373874
* 90 8.92562508583 0.89 0.0 0.0 0.1 0.0 0.875960350037 0.0475015640259 0.0163218844682 0.102869072418 -0.027 0.104731616091 -0.0297016850284
* 91 9.02583098412 0.9 0.0 0.0 0.1 0.0 0.885520935059 0.0463051795959 0.0166306644678 0.103862239189 -0.028 0.104890141164 -0.029219748199
* 92 9.12675189972 0.91 0.0 0.0 0.1 0.0 0.894550800323 0.0470123291016 0.0168602708727 0.103851731162 -0.028 0.105228704723 -0.0296651701579
* 93 9.22704195976 0.92 0.0 0.0 0.1 0.0 0.907137393951 0.0485663414001 0.0169844422489 0.104844595641 -0.028 0.104291677816 -0.0304654339173
* 94 9.32735800743 0.93 0.0 0.0 0.1 0.0 0.919147968292 0.0492210388184 0.0164963752031 0.103833168263 -0.029 0.10357792083 -0.0305985989975
* 95 9.42759490013 0.94 0.0 0.0 0.1 0.0 0.929282188416 0.0485520362854 0.0173216853291 0.103834617423 -0.029 0.10351807257 -0.0305623915149
* 96 9.52790904045 0.95 0.0 0.0 0.1 0.0 0.929282188416 0.0485520362854 0.0173216853291 0.103834617423 -0.029 0.107095244618 -0.0306489956106
* 97 9.62819099426 0.96 0.0 0.0 0.1 0.0 0.929282188416 0.0485520362854 0.0173216853291 0.103834617423 -0.029 0.110672416666 -0.0307355997063
* 98 9.72842001915 0.97 0.0 0.0 0.1 0.0 0.93844127655 0.0481462478638 0.0171458367258 0.103821828373 -0.029 0.110979105785 -0.0304744036494
* 99 9.82863998413 0.98 0.0 0.0 0.1 0.0 0.93844127655 0.0481462478638 0.0171458367258 0.103821828373 -0.029 0.114556288675 -0.0305601286327
* 100 9.92886090279 0.99 0.0 0.0 0.1 0.0 0.95690202713 0.0508255958557 0.0174948386848 0.103789453194 -0.03 0.111506267086 -0.0319575598355
* 101 10.0292539597 1.0 0.0 0.0 0.1 0.0 0.987497806549 0.0531845092773 0.0175519771874 0.105778465256 -0.03 0.104122868969 -0.0329774583151
* 102 10.1295619011 1.01 0.0 0.0 0.1 0.0 0.987497806549 0.0531845092773 0.0175519771874 0.107766999768 -0.031 0.107700026652 -0.0330652136951
* 103 10.229888916 1.02 0.0 0.0 0.1 0.0 1.00984621048 0.0539789199829 0.0173942130059 0.108747394678 -0.031 0.103281151491 -0.0332968241144
* 104 10.3302099705 1.03 0.0 0.0 0.1 0.0 1.01926326752 0.0552988052368 0.0173215623945 0.107736346927 -0.031 0.103483034605 -0.0339353892062
* 105 10.4305179119 1.04 0.0 0.0 0.1 0.0 1.02821969986 0.0545320510864 0.0172584429383 0.1067309198 -0.032 0.103862433167 -0.0335381830265
* 106 10.5308508873 1.05 0.0 0.0 0.1 0.0 1.02821969986 0.0545320510864 0.0172584429383 0.104728237635 -0.032 0.107439609127 -0.0336244709576
* 107 10.63123703 1.06 0.0 0.0 0.1 0.0 1.04624176025 0.0572729110718 0.0170613974333 0.103714887425 -0.033 0.104557445918 -0.0348537205421
* 108 10.7314589024 1.07 0.0 0.0 0.1 0.0 1.05817461014 0.0575675964355 0.0172037556767 0.104696244958 -0.033 0.103861044688 -0.035036257051
* 109 10.8317730427 1.08 0.0 0.0 0.1 0.0 1.07093715668 0.0596284866333 0.0164886582643 0.104686748448 -0.033 0.102876645009 -0.0357840659176
* 110 10.9320828915 1.09 0.0 0.0 0.1 0.0 1.08229970932 0.0581083297729 0.0163340587169 0.103681208298 -0.034 0.102401671173 -0.0349570253316
* 111 11.0324258804 1.1 0.0 0.0 0.1 0.0 1.08997392654 0.0600471496582 0.0170768667012 0.103665662966 -0.034 0.103205086891 -0.0362144055725
* 112 11.1326971054 1.11 0.0 0.0 0.1 0.0 1.099650383 0.060863494873 0.0155411818996 0.102649225718 -0.035 0.103351869714 -0.0360686741172
* 113 11.2330091 1.12 0.0 0.0 0.1 0.0 1.10680437088 0.0604577064514 0.0164789296687 0.101645547672 -0.035 0.104350370127 -0.0362291500297
* 114 11.3333010674 1.13 0.0 0.0 0.1 0.0 1.11585903168 0.0617890357971 0.0157763566822 0.101626871288 -0.035 0.104697409943 -0.0366465360665
* 115 11.4335360527 1.14 0.0 0.0 0.1 0.0 1.12539339066 0.0627431869507 0.0158992130309 0.10261441072 -0.036 0.104855634464 -0.0371720157101
* 116 11.5339241028 1.15 0.0 0.0 0.1 0.0 1.13695669174 0.0634865760803 0.015881376341 0.103592147867 -0.035 0.10429260788 -0.0375247474299
* 117 11.63418293 1.16 0.0 0.0 0.1 0.0 1.14822053909 0.0627822875977 0.0165321845561 0.10357433614 -0.035 0.103828783176 -0.0373989539236
* 118 11.7343819141 1.17 0.0 0.0 0.1 0.0 1.15845346451 0.0631818771362 0.0158688947558 0.102567811582 -0.037 0.103759207639 -0.0373560009252
* 119 11.8346738815 1.18 0.0 0.0 0.1 0.0 1.16695690155 0.0641441345215 0.0150302620605 0.102547144886 -0.036 0.104309703409 -0.0375438515814
* 120 11.9349930286 1.19 0.0 0.0 0.1 0.0 1.17670059204 0.0637369155884 0.0149297248572 0.102537167784 -0.037 0.104406032901 -0.0373056014827
* 121 12.0352449417 1.2 0.0 0.0 0.1 0.0 1.18672466278 0.063711643219 0.0134861515835 0.102515112116 -0.037 0.104432607129 -0.036767390907
* 122 12.1355381012 1.21 0.0 0.0 0.1 0.0 1.19481420517 0.0655145645142 0.0140369432047 0.102495526501 -0.037 0.105093644297 -0.0378826421739
* 123 12.2357690334 1.22 0.0 0.0 0.1 0.0 1.2054028511 0.0645079612732 0.0141928438097 0.102485416935 -0.037 0.104884290458 -0.0374321023394
* 124 12.3360209465 1.23 0.0 0.0 0.1 0.0 1.21778154373 0.063775062561 0.0151983117685 0.103460768451 -0.036 0.10401258933 -0.0374142082226
* 125 12.4365530014 1.24 0.0 0.0 0.1 0.0 1.22908163071 0.0654668807983 0.0143418023363 0.103437864271 -0.036 0.1035596844 -0.0379394450846
* 126 12.5367770195 1.25 0.0 0.0 0.1 0.0 1.23911046982 0.0644087791443 0.0145883746445 0.103427280405 -0.037 0.103548744816 -0.0374996857904
* 127 12.6370830536 1.26 0.0 0.0 0.1 0.0 1.24796199799 0.0667314529419 0.0134559785947 0.103416224155 -0.037 0.103976157585 -0.0382578522205
* 128 12.7373828888 1.27 0.0 0.0 0.1 0.0 1.25620794296 0.0661673545837 0.0136540681124 0.102387022131 -0.037 0.104601395507 -0.038059777218
* 129 12.8377048969 1.28 0.0 0.0 0.1 0.0 1.26524972916 0.0662970542908 0.0124466577545 0.102374049493 -0.037 0.104973846112 -0.0376908045748
* 130 12.9379971027 1.29 0.0 0.0 0.1 0.0 1.27435827255 0.064281463623 0.0140613233671 0.10334693499 -0.037 0.105262343272 -0.0372782544723
* 131 13.0382370949 1.3 0.0 0.0 0.1 0.0 1.28599309921 0.0656027793884 0.0133988587186 0.103322332129 -0.037 0.104687362967 -0.0376860021922
* 132 13.138520956 1.31 0.0 0.0 0.1 0.0 1.29893732071 0.0675249099731 0.0118785286322 0.103308360549 -0.037 0.103663610304 -0.0380755673131
* 133 13.2387259007 1.32 0.0 0.0 0.1 0.0 1.3076043129 0.066445350647 0.0117131266743 0.103284078324 -0.037 0.104149211275 -0.0374836063805
* 134 13.3389649391 1.33 0.0 0.0 0.1 0.0 1.31748437881 0.0685210227966 0.010115576908 0.103257380984 -0.037 0.104224402087 -0.0379411176621
* 135 13.4391670227 1.34 0.0 0.0 0.1 0.0 1.32509231567 0.0677313804626 0.0100578935817 0.103244818577 -0.037 0.105084485557 -0.0375373673871
* 136 13.5393970013 1.35 0.0 0.0 0.1 0.0 1.33385467529 0.0678701400757 0.00957434251904 0.102239595574 -0.037 0.105538998608 -0.0374362248367
* 137 13.6398289204 1.36 0.0 0.0 0.1 0.0 1.34126901627 0.0696167945862 0.00827162992209 0.103206202286 -0.038 0.106491732247 -0.0378440217929
* 138 13.7400319576 1.37 0.0 0.0 0.1 0.0 1.35073232651 0.0704202651978 0.0080370279029 0.103178871968 -0.038 0.10668747485 -0.0381618365242
* 139 13.8402500153 1.38 0.0 0.0 0.1 0.0 1.35073232651 0.0704202651978 0.0080370279029 0.104144377287 -0.037 0.110265068066 -0.0382020212311
* 140 13.9406049252 1.39 0.0 0.0 0.1 0.0 1.36145687103 0.0713129043579 0.00775860482827 0.104144148276 -0.037 0.11001063455 -0.0385419081646
* 141 14.0408461094 1.4 0.0 0.0 0.1 0.0 1.37426280975 0.0708975791931 0.00682115368545 0.105108005964 -0.037 0.109032458669 -0.0379761530331
* 142 14.1410739422 1.41 0.0 0.0 0.1 0.0 1.39621591568 0.0719842910767 0.00557985855266 0.107047867677 -0.038 0.104786208141 -0.0380263525407
* 143 14.241451025 1.42 0.0 0.0 0.1 0.0 1.40542840958 0.0729370117188 0.00540111633018 0.107033387201 -0.038 0.105070816002 -0.0384396872891
* 144 14.3417150974 1.43 0.0 0.0 0.1 0.0 1.40542840958 0.0729370117188 0.00540111633018 0.106013534578 -0.037 0.108648472582 -0.0384666927395
* 145 14.441945076 1.44 0.0 0.0 0.1 0.0 1.41584253311 0.0719237327576 0.0048225838691 0.106013534578 -0.037 0.108517479439 -0.037745078728
* 146 14.5421769619 1.45 0.0 0.0 0.1 0.0 1.41584253311 0.0719237327576 0.0048225838691 0.10500801901 -0.038 0.112095146599 -0.0377691915539
* 147 14.642482996 1.46 0.0 0.0 0.1 0.0 1.41584253311 0.0719237327576 0.0048225838691 0.10500801901 -0.038 0.115672813759 -0.0377933043798
* 148 14.7427949905 1.47 0.0 0.0 0.1 0.0 1.42422914505 0.0716795921326 0.00488970894367 0.105954378237 -0.038 0.116248692213 -0.0377006657034
* 149 14.8430240154 1.48 0.0 0.0 0.1 0.0 1.42422914505 0.0716795921326 0.00488970894367 0.105924303765 -0.037 0.119826358207 -0.0377251141506
* 150 14.9440510273 1.49 0.0 0.0 0.1 0.0 1.44678163528 0.0759191513062 0.00251846131869 0.106897973453 -0.037 0.115393500532 -0.0389149092166
* 151 15.0443909168 1.5 0.0 0.0 0.1 0.0 1.44678163528 0.0759191513062 0.00251846131869 0.108845994832 -0.038 0.11897119795 -0.0389275015099
* 152 15.1446359158 1.51 0.0 0.0 0.1 0.0 1.44678163528 0.0759191513062 0.00251846131869 0.108845994832 -0.038 0.122548895368 -0.0389400938031
* 153 15.2449190617 1.52 0.0 0.0 0.1 0.0 1.44678163528 0.0759191513062 0.00251846131869 0.108845994832 -0.038 0.126126592786 -0.0389526860964
* 154 15.3451678753 1.53 0.0 0.0 0.1 0.0 1.46711397171 0.0736246109009 0.0014377933694 0.113725920041 -0.038 0.122460790306 -0.0373718765359
* 155 15.4454770088 1.54 0.0 0.0 0.1 0.0 1.49807262421 0.0774574279785 0.000475266308058 0.117609892737 -0.037 0.11498721041 -0.038908709393
* 156 15.5457570553 1.55 0.0 0.0 0.1 0.0 1.54771280289 0.0777359008789 -0.00151378312148 0.119511933099 -0.039 0.100860277778 -0.0383245872322
* 157 15.6460170746 1.56 0.0 0.0 0.1 0.0 1.55751657486 0.0785422325134 -0.0011313597206 0.117517864118 -0.038 0.100920223963 -0.0388649187416
* 158 15.7463259697 1.57 0.0 0.0 0.1 0.0 1.5670132637 0.0801630020142 -0.000666443491355 0.110569526501 -0.038 0.101087658408 -0.0398420627887
* 159 15.8466448784 1.58 0.0 0.0 0.1 0.0 1.57401514053 0.0801286697388 -0.000699822092429 0.106603313035 -0.039 0.102161245696 -0.039811854927
* 160 15.946942091 1.59 0.0 0.0 0.1 0.0 1.57401514053 0.0801286697388 -0.000699822092429 0.10459498363 -0.038 0.105738953584 -0.0398083558168
* 161 16.0472669601 1.6 0.0 0.0 0.1 0.0 1.58242416382 0.0798025131226 -0.000856224680319 0.103608251109 -0.038 0.106312529434 -0.0395873852493
* 162 16.1475150585 1.61 0.0 0.0 0.1 0.0 1.59436702728 0.0791788101196 -0.000411812448874 0.101584130427 -0.038 0.105604679166 -0.0394388482758
* 163 16.2477519512 1.62 0.0 0.0 0.1 0.0 1.59436702728 0.0791788101196 -0.000411812448874 0.101567060053 -0.038 0.109182387627 -0.0394367892136
* 164 16.3480160236 1.63 0.0 0.0 0.1 0.0 1.6063337326 0.0826377868652 0.000519230845384 0.101567060053 -0.038 0.108451735342 -0.0415107976652
* 165 16.4482650757 1.64 0.0 0.0 0.1 0.0 1.6063337326 0.0826377868652 0.000519230845384 0.103486414476 -0.039 0.112029443624 -0.0415133938193
* 166 16.5484759808 1.65 0.0 0.0 0.1 0.0 1.62498664856 0.0805144309998 -0.00123340287246 0.1034145949 -0.04 0.108984494842 -0.0398004834861
* 167 16.6486890316 1.66 0.0 0.0 0.1 0.0 1.65309333801 0.0843453407288 -0.00143748917617 0.105365848525 -0.04 0.102514274739 -0.0416533709055
* 168 16.7489418983 1.67 0.0 0.0 0.1 0.0 1.66234588623 0.084080696106 -0.00151330628432 0.105328378639 -0.041 0.102783824045 -0.0414930914921
* 169 16.8491919041 1.68 0.0 0.0 0.1 0.0 1.66234588623 0.084080696106 -0.00151330628432 0.105328378639 -0.041 0.106361528712 -0.0414855249636
* 170 16.9493980408 1.69 0.0 0.0 0.1 0.0 1.68532848358 0.0857520103455 0.000596005411353 0.103284756333 -0.04 0.101653029275 -0.0430906230603
* 171 17.049654007 1.7 0.0 0.0 0.1 0.0 1.68532848358 0.0857520103455 0.000596005411353 0.103265803291 -0.041 0.105230737404 -0.0430936030872
* 172 17.1502189636 1.71 0.0 0.0 0.1 0.0 1.70547580719 0.0837774276733 -0.00173455872573 0.101242586119 -0.04 0.101670461674 -0.041264152489
* 173 17.2506220341 1.72 0.0 0.0 0.1 0.0 1.71384334564 0.0850219726562 -0.00104886689223 0.10220634227 -0.042 0.102234520239 -0.0421324801624
* 174 17.3508849144 1.73 0.0 0.0 0.1 0.0 1.72227191925 0.0864877700806 -0.000725571298972 0.101185165465 -0.041 0.102787306382 -0.0429814817413
* 175 17.451157093 1.74 0.0 0.0 0.1 0.0 1.72990512848 0.0879278182983 -0.00158292450942 0.100164557471 -0.042 0.103661316862 -0.0433895400746
* 176 17.5513970852 1.75 0.0 0.0 0.1 0.0 1.73940753937 0.0869588851929 -0.000991169596091 0.10014524376 -0.042 0.103820459567 -0.0431195601623
* 177 17.6518130302 1.76 0.0 0.0 0.1 0.0 1.74991321564 0.0900220870972 -0.00122052826919 0.101067892669 -0.042 0.103647990396 -0.0445681849526
* 178 17.7520580292 1.77 0.0 0.0 0.1 0.0 1.76215267181 0.0899758338928 -0.000608746195212 0.101027920209 -0.042 0.102827122419 -0.0447677284356
* 179 17.8523299694 1.78 0.0 0.0 0.1 0.0 1.7717294693 0.089280128479 -0.00219995179214 0.100987825859 -0.042 0.103028976296 -0.0438437801575
* 180 17.9526090622 1.79 0.0 0.0 0.1 0.0 1.78105735779 0.0883498191833 -0.00323135056533 0.100947384545 -0.043 0.103301017714 -0.0430041474584
* 181 18.0529000759 1.8 0.0 0.0 0.1 0.0 1.7897977829 0.0901741981506 -0.00250989594497 0.100926871026 -0.043 0.103730703108 -0.0441761861504
* 182 18.1531310081 1.81 0.0 0.0 0.1 0.0 1.7897977829 0.0901741981506 -0.00250989594497 0.100906047602 -0.044 0.107308400603 -0.0441636366839
* 183 18.2533740997 1.82 0.0 0.0 0.1 0.0 1.798787117 0.0906295776367 -0.00326997437514 0.100864737657 -0.043 0.107694804027 -0.044109962221
* 184 18.3536729813 1.83 0.0 0.0 0.1 0.0 1.8164358139 0.0905556678772 -0.0028255621437 0.101780203101 -0.044 0.104943995136 -0.0442475861498
* 185 18.4538869858 1.84 0.0 0.0 0.1 0.0 1.8278465271 0.0903792381287 -0.00222570099868 0.102715493015 -0.044 0.104419868308 -0.0443796911513
* 186 18.554115057 1.85 0.0 0.0 0.1 0.0 1.83980369568 0.0940275192261 -0.0022299925331 0.102671560718 -0.043 0.103722700593 -0.0462044475017
* 187 18.6544759274 1.86 0.0 0.0 0.1 0.0 1.83980369568 0.0940275192261 -0.0022299925331 0.101671904871 -0.044 0.107300400461 -0.0461932975483
* 188 18.7547008991 1.87 0.0 0.0 0.1 0.0 1.84974956512 0.0906572341919 -0.00221282639541 0.101605793759 -0.044 0.107316525164 -0.044514415949
* 189 18.8549220562 1.88 0.0 0.0 0.1 0.0 1.86895656586 0.0932207107544 -0.00286895432509 0.102537935286 -0.044 0.104046275552 -0.0455678937192
* 190 18.9551930428 1.89 0.0 0.0 0.1 0.0 1.87786388397 0.0923166275024 -0.00341254868545 0.10249269184 -0.045 0.104454051436 -0.0449164269463
* 191 19.0554189682 1.9 0.0 0.0 0.1 0.0 1.88535690308 0.0925331115723 -0.00316650071181 0.102469828835 -0.045 0.105343174916 -0.0451102584508
* 192 19.155659914 1.91 0.0 0.0 0.1 0.0 1.89615345001 0.0926313400269 -0.00282890000381 0.101425196307 -0.045 0.105047224241 -0.0452838014288
* 193 19.2559099197 1.92 0.0 0.0 0.1 0.0 1.90804767609 0.0925931930542 -0.00166684784926 0.101378992786 -0.044 0.104331266432 -0.0456902212484
* 194 19.3562040329 1.93 0.0 0.0 0.1 0.0 1.92029380798 0.0919241905212 -0.0022414366249 0.102306466354 -0.044 0.103546048753 -0.0451491811593
* 195 19.4564728737 1.94 0.0 0.0 0.1 0.0 1.92769145966 0.0925331115723 -0.00328761735 0.101308776341 -0.045 0.104511911568 -0.0450698591625
* 196 19.5567150116 1.95 0.0 0.0 0.1 0.0 1.93860340118 0.091944694519 -0.0037177244667 0.101261852321 -0.044 0.104198946658 -0.0446207513581
* 197 19.6570510864 1.96 0.0 0.0 0.1 0.0 1.94762420654 0.093252658844 -0.00428468408063 0.101190649378 -0.044 0.104569689748 -0.0450664531474
* 198 19.7573490143 1.97 0.0 0.0 0.1 0.0 1.95593738556 0.0940909385681 -0.00469047250226 0.101166585227 -0.045 0.105187933309 -0.0453338572822
* 199 19.8575809002 1.98 0.0 0.0 0.1 0.0 1.95593738556 0.0940909385681 -0.00469047250226 0.101118337588 -0.045 0.108765602718 -0.0453104050057
* 200 19.9578909874 1.99 0.0 0.0 0.1 0.0 1.974858284 0.0939035415649 -0.00399238290265 0.101069331919 -0.045 0.105550552426 -0.0454928125842
