### Ensaio do Controlador Klancar com Laser (Círculo) ###

# Parâmetros #

# Número do Ensaio: 1
# Frequência: 10.0 Hz
# Raio: 0.50 m
# Velocidade Linear da Base: 0.10 m/s
# Velocidade Angular da Base: 0.20 rad/s
# Parâmetro ksi: 0.80
# Parâmetro w_n: 0.30
# Parâmetro g: 5.00

* 1 0.0 0.0 0.0 0.0 0.1 0.2 0.0 0.0 0.0 0.0 0.0 0.1 0.2
* 2 0.100265979767 0.00999800006667 0.000199986666933 0.02 0.1 0.2 0.0 0.0 0.0 0.0 0.0 0.104779040699 0.209699993333
* 3 0.200468063354 0.0199900011333 0.0005998800088 0.04 0.1 0.2 0.0 0.0 0.0 0.0 0.0 0.10951521121 0.219499940004
* 4 0.300678014755 0.0299720065326 0.00119952007359 0.06 0.1 0.2 0.0 0.0 0.0 0.0 0.0 0.114206617129 0.229399760037
* 5 0.401046991348 0.0399400235957 0.00199866701329 0.08 0.1 0.2 0.0 0.0 0.0 0.0 0.0 0.118851381956 0.239399333507
* 6 0.501260995865 0.0498900652484 0.00299700117975 0.1 0.1 0.2 0.0 0.0 0.0 0.0 0.0 0.123447647847 0.24949850059
* 7 0.601567029953 0.059818151607 0.00419412325264 0.12 0.1 0.2 0.0 0.0 0.0 0.0619988840033 0.121 0.127993576357 0.259697061626
* 8 0.702013015747 0.0697203115691 0.00558955439909 0.14 0.1 0.2 0.0 0.0 0.0 0.076995341547 0.151 0.132487349174 0.2699947772
* 9 0.802242040634 0.0795925844029 0.00718273646523 0.16 0.1 0.2 0.0 0.0 0.0 0.0959746091193 0.189 0.136927168851 0.280391368233
* 10 0.902495145798 0.0894310213307 0.00897303219949 0.18 0.1 0.2 0.0502319335938 0.00218200683594 0.0463574565947 0.104939315846 0.209 0.118054717073 0.266632026056
* 11 1.00274014473 0.0992316871091 0.0109597255074 0.2 0.1 0.2 0.0502319335938 0.00218200683594 0.0463574565947 0.112001850102 0.225 0.12251188056 0.276997219929
* 12 1.10307908058 0.108990661602 0.0131420217382 0.22 0.1 0.2 0.0929718017578 0.00797510147095 0.0978552922606 0.123305628897 0.249 0.10714953462 0.26041804569
* 13 1.20347809792 0.118704041351 0.0155190480025 0.24 0.1 0.2 0.105360507965 0.00926733016968 0.11075502634 0.128234205137 0.259 0.105863278936 0.264406871998
* 14 1.30373096466 0.128367941132 0.0180898535214 0.26 0.1 0.2 0.105360507965 0.00926733016968 0.11075502634 0.129359137562 0.263 0.110332334094 0.274750329706
* 15 1.40401601791 0.137978495515 0.0208534100071 0.28 0.1 0.2 0.105360507965 0.00926733016968 0.11075502634 0.129359137562 0.263 0.114746612494 0.285192520499
* 16 1.50427913666 0.147531860407 0.0238086120737 0.3 0.1 0.2 0.105360507965 0.00926733016968 0.11075502634 0.129359137562 0.263 0.119104348481 0.295733107509
* 17 1.60451006889 0.157024214588 0.0269542776799 0.32 0.1 0.2 0.105360507965 0.00926733016968 0.11075502634 0.129359137562 0.263 0.12340379902 0.306371714516
* 18 1.70482301712 0.166451761243 0.0302891486013 0.34 0.1 0.2 0.105360507965 0.00926733016968 0.11075502634 0.129359137562 0.263 0.127643244387 0.317107926091
* 19 1.80510210991 0.17581072948 0.033811890934 0.36 0.1 0.2 0.136267662048 0.0189452171326 0.143586814404 0.122602507089 0.268 0.117473855101 0.308405983883
* 20 1.90553617477 0.185097375835 0.0375210956281 0.38 0.1 0.2 0.136267662048 0.0189452171326 0.143586814404 0.117449213673 0.266 0.121691379912 0.319177069362
* 21 2.00576305389 0.194307985775 0.0414152790512 0.4 0.1 0.2 0.136267662048 0.0189452171326 0.143586814404 0.112224283078 0.263 0.125846602039 0.330045132582
* 22 2.10598301888 0.203438875178 0.0454928835818 0.42 0.1 0.2 0.180613517761 0.0283517837524 0.20401071012 0.115878768376 0.281 0.110072371879 0.30975548065
* 23 2.20623111725 0.212486391811 0.0497522782325 0.44 0.1 0.2 0.240403652191 0.0471830368042 0.275597304106 0.120084820638 0.292 0.0860926229548 0.283947883654
* 24 2.30657911301 0.221446916786 0.0541917593021 0.46 0.1 0.2 0.250749111176 0.0511078834534 0.289929181337 0.121080386403 0.305 0.0855024256361 0.287300096339
* 25 2.40687203407 0.230316866014 0.0588095510576 0.48 0.1 0.2 0.250749111176 0.0511078834534 0.289929181337 0.121080386403 0.305 0.0898577892291 0.297844738532
* 26 2.50708913803 0.239092691633 0.0636038064436 0.5 0.1 0.2 0.26176071167 0.0571584701538 0.307715892792 0.105919810627 0.297 0.0887245141774 0.298800538566
* 27 2.60746002197 0.247770883429 0.068572607822 0.52 0.1 0.2 0.26176071167 0.0571584701538 0.307715892792 0.102735646405 0.295 0.0930149567505 0.309454004974
* 28 2.70778203011 0.256347970243 0.0737139677386 0.54 0.1 0.2 0.273497104645 0.0609130859375 0.32645830512 0.0955929692332 0.295 0.0919022799887 0.311312190669
* 29 2.8081510067 0.264820521353 0.0790258297178 0.56 0.1 0.2 0.273497104645 0.0609130859375 0.32645830512 0.0944160507165 0.295 0.0961286119653 0.322069313247
* 30 2.90838003159 0.273185147852 0.0845060690857 0.58 0.1 0.2 0.273497104645 0.0609130859375 0.32645830512 0.0944160507165 0.295 0.100292881945 0.33292348321
* 31 3.00862312317 0.281438504001 0.0901524938196 0.6 0.1 0.2 0.273497104645 0.0609130859375 0.32645830512 0.0944160507165 0.295 0.104393424274 0.343874198906
* 32 3.10896706581 0.289577288568 0.095962845425 0.62 0.1 0.2 0.273497104645 0.0609130859375 0.32645830512 0.0944160507165 0.295 0.108428598791 0.354920920066
* 33 3.20940494537 0.297598246147 0.101934799839 0.64 0.1 0.2 0.293238162994 0.0701322555542 0.378289014101 0.0951165712448 0.295 0.104177661388 0.339593135364
* 34 3.30973505974 0.305498168462 0.108065968358 0.66 0.1 0.2 0.293238162994 0.0701322555542 0.378289014101 0.0946651482422 0.3 0.108251699964 0.350583133342
* 35 3.41015315056 0.313273895649 0.114353898599 0.68 0.1 0.2 0.293238162994 0.0701322555542 0.378289014101 0.0946651482422 0.3 0.112259708264 0.361668905045
* 36 3.51037597656 0.320922317522 0.120796075471 0.7 0.1 0.2 0.293238162994 0.0701322555542 0.378289014101 0.0945191031398 0.302 0.116200083138 0.372849856184
* 37 3.61076498032 0.328440374814 0.127389922191 0.72 0.1 0.2 0.293238162994 0.0701322555542 0.378289014101 0.0945191031398 0.302 0.120071248488 0.3841253544
* 38 3.71101403236 0.335825060401 0.134132801307 0.74 0.1 0.2 0.329925537109 0.085620880127 0.461961895227 0.10785216117 0.345 0.109073089012 0.353857011952
* 39 3.81125617027 0.343073420508 0.141022015758 0.76 0.1 0.2 0.329925537109 0.085620880127 0.461961895227 0.10785216117 0.345 0.11309334434 0.364925238798
* 40 3.9115011692 0.350182555888 0.14805480995 0.78 0.1 0.2 0.329925537109 0.085620880127 0.461961895227 0.10785216117 0.345 0.117046258643 0.376088757077
* 41 4.01173400879 0.357149622982 0.155228370859 0.8 0.1 0.2 0.329925537109 0.085620880127 0.461961895227 0.10785216117 0.345 0.120930250806 0.387346941406
* 42 4.11196899414 0.363971835055 0.162539829156 0.82 0.1 0.2 0.329925537109 0.085620880127 0.461961895227 0.10785216117 0.345 0.124743767286 0.398699128531
* 43 4.21220302582 0.370646463313 0.169986260356 0.84 0.1 0.2 0.329925537109 0.085620880127 0.461961895227 0.10785216117 0.345 0.128485282725 0.410144617601
* 44 4.31244015694 0.377170837995 0.177564685985 0.86 0.1 0.2 0.384069919586 0.124346256256 0.559818267822 0.10785216117 0.345 0.106287358037 0.368466410343
* 45 4.41270899773 0.383542349437 0.185272074774 0.88 0.1 0.2 0.384069919586 0.124346256256 0.559818267822 0.10785216117 0.345 0.11023296034 0.379640105653
* 46 4.51294898987 0.38975844912 0.19310534387 0.9 0.1 0.2 0.384069919586 0.124346256256 0.559818267822 0.10785216117 0.345 0.114109472663 0.39090839773
* 47 4.61320114136 0.395816650686 0.201061360071 0.92 0.1 0.2 0.384069919586 0.124346256256 0.559818267822 0.111476655277 0.352 0.117915344452 0.40227061928
* 48 4.71355009079 0.401714530936 0.209136941075 0.94 0.1 0.2 0.384069919586 0.124346256256 0.559818267822 0.117569680941 0.377 0.121649053409 0.413726065438
* 49 4.81383013725 0.407449730797 0.217328856758 0.96 0.1 0.2 0.467378139496 0.194042205811 0.720015466213 0.11661848833 0.378 0.082878751492 0.343704261738
* 50 4.9141831398 0.413019956265 0.225633830463 0.98 0.1 0.2 0.467378139496 0.194042205811 0.720015466213 0.134299394103 0.39 0.0870226727702 0.354589589765
* 51 5.01442694664 0.418422979323 0.234048540311 1.0 0.1 0.2 0.484464168549 0.217492103577 0.757878243923 0.138351056666 0.392 0.0795224103467 0.34492864203
* 52 5.11471605301 0.423656638836 0.24256962053 1.02 0.1 0.2 0.484464168549 0.217492103577 0.757878243923 0.138351056666 0.392 0.0836595435057 0.355824294107
* 53 5.21494007111 0.428718841408 0.251193662803 1.04 0.1 0.2 0.484464168549 0.217492103577 0.757878243923 0.139545564724 0.398 0.0877322422197 0.366816264858
* 54 5.3151910305 0.433607562227 0.259917217626 1.06 0.1 0.2 0.494062900543 0.224531650543 0.777583539486 0.123142677116 0.379 0.0872755772675 0.369374479232
* 55 5.41544008255 0.438320845869 0.268736795695 1.08 0.1 0.2 0.494062900543 0.224531650543 0.777583539486 0.123142677116 0.379 0.0912812270043 0.380463618605
* 56 5.51572012901 0.442856807083 0.277648869295 1.1 0.1 0.2 0.494062900543 0.224531650543 0.777583539486 0.123142677116 0.379 0.0952191872562 0.391647915754
* 57 5.61609101295 0.447213631546 0.286649873717 1.12 0.1 0.2 0.494062900543 0.224531650543 0.777583539486 0.123142677116 0.379 0.0990878828917 0.402926736982
* 58 5.71641206741 0.451389576585 0.295736208678 1.14 0.1 0.2 0.494062900543 0.224531650543 0.777583539486 0.111883297011 0.365 0.102885766484 0.414299410784
* 59 5.81680107117 0.455382971879 0.304904239766 1.16 0.1 0.2 0.494062900543 0.224531650543 0.777583539486 0.101353641382 0.358 0.10661131893 0.425765228112
* 60 5.91720509529 0.459192220123 0.31415029989 1.18 0.1 0.2 0.511255741119 0.24622964859 0.82163721323 0.0943385465273 0.351 0.10050126182 0.414203972621
* 61 6.01755094528 0.462815797668 0.32347069075 1.2 0.1 0.2 0.511255741119 0.24622964859 0.82163721323 0.088591188602 0.354 0.104241595964 0.425650970376
* 62 6.11790704727 0.466252255131 0.332861684313 1.22 0.1 0.2 0.532240867615 0.287783145905 0.911949217319 0.106812991077 0.383 0.0930102063408 0.387751594625
* 63 6.21823000908 0.469500217975 0.342319524308 1.24 0.1 0.2 0.540390968323 0.308381080627 0.950176596642 0.113102340727 0.397 0.0892936480243 0.37781896363
* 64 6.3186981678 0.472558387059 0.351840427723 1.26 0.1 0.2 0.548124790192 0.316431522369 0.97007393837 0.116572454535 0.401 0.089344935224 0.380340150874
* 65 6.41896605492 0.475425539155 0.361420586326 1.28 0.1 0.2 0.548124790192 0.316431522369 0.97007393837 0.116572454535 0.401 0.0933253553221 0.391465091982
* 66 6.51925396919 0.478100527442 0.371056168181 1.3 0.1 0.2 0.551989078522 0.327325344086 0.988140106201 0.111593476385 0.397 0.0931886282037 0.392572675997
* 67 6.61947417259 0.480582281958 0.380743319182 1.32 0.1 0.2 0.551989078522 0.327325344086 0.988140106201 0.107818938133 0.392 0.0970940782684 0.403801686023
* 68 6.71974611282 0.482869810036 0.390478164599 1.34 0.1 0.2 0.551989078522 0.327325344086 0.988140106201 0.107818938133 0.392 0.100929529575 0.415124907757
* 69 6.82016611099 0.484962196695 0.400256810623 1.36 0.1 0.2 0.551989078522 0.327325344086 0.988140106201 0.107818938133 0.392 0.104693447994 0.426541651934
* 70 6.92061305046 0.486858605008 0.410075345927 1.38 0.1 0.2 0.551989078522 0.327325344086 0.988140106201 0.107818938133 0.392 0.108384328009 0.43805119188
* 71 7.02090811729 0.488558276437 0.419929843227 1.4 0.1 0.2 0.551989078522 0.327325344086 0.988140106201 0.107818938133 0.392 0.112000693317 0.449652763804
* 72 7.12138915062 0.490060531136 0.429816360855 1.42 0.1 0.2 0.567233085632 0.35922908783 1.0489603281 0.111076879459 0.39 0.104102649523 0.429142607671
* 73 7.22161412239 0.491364768224 0.439730944337 1.44 0.1 0.2 0.567233085632 0.35922908783 1.0489603281 0.111076879459 0.39 0.107796554154 0.440648356728
* 74 7.32186102867 0.492470466022 0.449669627971 1.46 0.1 0.2 0.567233085632 0.35922908783 1.0489603281 0.111076879459 0.39 0.111416004042 0.452246169813
* 75 7.42212510109 0.493377182266 0.459628436417 1.48 0.1 0.2 0.567233085632 0.35922908783 1.0489603281 0.111076879459 0.39 0.114959551453 0.463935247829
* 76 7.52234315872 0.494084554283 0.469603386283 1.5 0.1 0.2 0.567233085632 0.35922908783 1.0489603281 0.111076879459 0.39 0.118425779016 0.475714755171
* 77 7.62259316444 0.494592299132 0.479590487722 1.52 0.1 0.2 0.567233085632 0.35922908783 1.0489603281 0.111076879459 0.39 0.121813300286 0.487583820066
* 78 7.72292613983 0.494900213723 0.489585746028 1.54 0.1 0.2 0.567233085632 0.35922908783 1.0489603281 0.111076879459 0.39 0.1251207603 0.499541534917
* 79 7.82319498062 0.495008174894 0.499585163231 1.56 0.1 0.2 0.582839012146 0.403922080994 1.1632090807 0.111076879459 0.39 0.117675687355 0.449737706411
* 80 7.92345714569 0.494916139461 0.509584739696 1.58 0.1 0.2 0.582839012146 0.403922080994 1.1632090807 0.111076879459 0.39 0.121273457521 0.461361847323
* 81 8.0237569809 0.494624144238 0.519580475726 1.6 0.1 0.2 0.582839012146 0.403922080994 1.1632090807 0.111076879459 0.39 0.124794914493 0.473077016602
* 82 8.12407302856 0.494132306019 0.529568373161 1.62 0.1 0.2 0.582839012146 0.403922080994 1.1632090807 0.128570542937 0.428 0.128238649735 0.484882368208
* 83 8.22438097 0.493440821532 0.539544436974 1.64 0.1 0.2 0.582839012146 0.403922080994 1.1632090807 0.128570542937 0.428 0.131603285798 0.49677702003
* 84 8.32471394539 0.492549967363 0.549504676873 1.66 0.1 0.2 0.582839012146 0.403922080994 1.1632090807 0.128570542937 0.428 0.134887476874 0.508760054238
* 85 8.42502498627 0.491460099841 0.559445108895 1.68 0.1 0.2 0.582839012146 0.403922080994 1.1632090807 0.128570542937 0.428 0.138089909329 0.520830517649
* 86 8.52532911301 0.490171654898 0.569361757 1.7 0.1 0.2 0.582839012146 0.403922080994 1.1632090807 0.128570542937 0.428 0.141209302234 0.532987422113
* 87 8.62569403648 0.488685147895 0.57925065466 1.72 0.1 0.2 0.582839012146 0.403922080994 1.1632090807 0.128570542937 0.428 0.144244407872 0.5452297449
* 88 8.72608804703 0.487001173416 0.589107846448 1.74 0.1 0.2 0.582839012146 0.403922080994 1.1632090807 0.128570542937 0.428 0.147194012243 0.557556429117
* 89 8.82649517059 0.485120405027 0.598929389619 1.76 0.1 0.2 0.597584724426 0.472082614899 1.3661788702 0.128570542937 0.428 0.140992321739 0.456980394615
* 90 8.92691302299 0.483043595011 0.608711355688 1.78 0.1 0.2 0.597584724426 0.472082614899 1.3661788702 0.128570542937 0.428 0.144601301635 0.468590948851
* 91 9.02732110023 0.480771574064 0.618449831996 1.8 0.1 0.2 0.597584724426 0.472082614899 1.3661788702 0.128570542937 0.428 0.148134180106 0.480292653984
* 92 9.12765908241 0.478305250964 0.628140923285 1.82 0.1 0.2 0.597584724426 0.472082614899 1.3661788702 0.128570542937 0.428 0.151589544047 0.492084669362
* 93 9.22809100151 0.475645612208 0.637780753247 1.84 0.1 0.2 0.597584724426 0.472082614899 1.3661788702 0.128570542937 0.428 0.15496601136 0.503966118207
* 94 9.32835507393 0.472793721615 0.647365466077 1.86 0.1 0.2 0.597584724426 0.472082614899 1.3661788702 0.128570542937 0.428 0.158262231503 0.515936087969
* 95 9.42859101295 0.469750719905 0.65689122802 1.88 0.1 0.2 0.597584724426 0.472082614899 1.3661788702 0.24265240162 0.432 0.161476886031 0.527993630694
* 96 9.52895402908 0.466517824236 0.666354228897 1.9 0.1 0.2 0.597584724426 0.472082614899 1.3661788702 0.24265240162 0.432 0.164608689125 0.540137763395
* 97 9.6292860508 0.463096327725 0.675750683634 1.92 0.1 0.2 0.597584724426 0.472082614899 1.3661788702 0.235232809854 0.434 0.167656388106 0.552367468455
* 98 9.72958612442 0.459487598923 0.685076833774 1.94 0.1 0.2 0.597584724426 0.472082614899 1.3661788702 0.235232809854 0.434 0.170618763935 0.564681694026
* 99 9.82995295525 0.455693081275 0.694328948982 1.96 0.1 0.2 0.597584724426 0.472082614899 1.3661788702 0.235232809854 0.434 0.173494631702 0.577079354455
* 100 9.93017101288 0.451714292537 0.703503328535 1.98 0.1 0.2 0.597584724426 0.472082614899 1.3661788702 0.229901612978 0.434 0.176282841096 0.589559330713
* 101 10.0304069519 0.447552824172 0.712596302803 2.0 0.1 0.2 0.593596458435 0.601860046387 1.64064824581 0.214234233075 0.462 0.151528983487 0.441468158625
* 102 10.1306681633 0.443210340711 0.721604234718 2.02 0.1 0.2 0.593596458435 0.601860046387 1.64064824581 -0.555386712204 0.479 0.155265717026 0.452919750568
* 103 10.2309019566 0.438688579089 0.730523521228 2.04 0.1 0.2 0.550322055817 0.730947971344 1.87876558304 -0.125955513884 0.481 0.11475145679 0.330647472981
* 104 10.3312590122 0.433989347952 0.739350594736 2.06 0.1 0.2 0.550322055817 0.730947971344 1.87876558304 -0.015083813152 0.485 0.119132050126 0.341148692531
* 105 10.4314920902 0.429114526929 0.748081924531 2.08 0.1 0.2 0.507605075836 0.803043842316 2.03370451927 0.0273123843988 0.459 0.0931116680402 0.269608519684
* 106 10.5318491459 0.424066065883 0.756714018198 2.1 0.1 0.2 0.49807882309 0.81796503067 2.05298924446 0.0313891805012 0.404 0.0903155594974 0.269553836269
* 107 10.6320400238 0.418845984131 0.765243423013 2.12 0.1 0.2 0.481820583344 0.841429710388 2.08341097832 0.0311519474896 0.364 0.0828895526296 0.263685881459
* 108 10.7322599888 0.413456369637 0.773666727329 2.14 0.1 0.2 0.481820583344 0.841429710388 2.08341097832 0.0307032421604 0.327 0.0875887263318 0.273568675578
* 109 10.8324840069 0.407899378175 0.781980561937 2.16 0.1 0.2 0.476112365723 0.846646785736 2.0923948288 0.0303196660579 0.316 0.0891736947207 0.278132137658
* 110 10.9327230453 0.402177232466 0.790181601413 2.18 0.1 0.2 0.476112365723 0.846646785736 2.0923948288 0.0303196660579 0.316 0.0938002352883 0.288169603445
* 111 11.033000946 0.396292221294 0.798266565452 2.2 0.1 0.2 0.470965385437 0.85253572464 2.10168218613 0.0312649402651 0.291 0.0952005935039 0.293128253483
* 112 11.1332471371 0.390246698583 0.806232220174 2.22 0.1 0.2 0.461534023285 0.86541891098 2.12572002411 0.0321444275723 0.284 0.093438092253 0.291141481722
* 113 11.2335751057 0.384043082463 0.814075379425 2.24 0.1 0.2 0.456283569336 0.870438098907 2.14028573036 0.034554462221 0.285 0.0954160028742 0.293477914541
* 114 11.3339130878 0.377683854297 0.821792906045 2.26 0.1 0.2 0.449376106262 0.878765583038 2.15216445923 0.0362654431631 0.288 0.0954631325563 0.297361880996
* 115 11.4341449738 0.371171557692 0.829381713127 2.28 0.1 0.2 0.443709373474 0.888359546661 2.16667056084 0.0384553042965 0.289 0.0954691153642 0.300966528144
* 116 11.5344099998 0.364508797479 0.836838765249 2.3 0.1 0.2 0.43579864502 0.894202232361 2.17912125587 0.0385558090517 0.29 0.0962313613808 0.303663681634
* 117 11.6346709728 0.357698238674 0.844161079689 2.32 0.1 0.2 0.421572208405 0.911796569824 2.21958732605 0.0408594114098 0.295 0.0921528584076 0.294079424706
* 118 11.7349190712 0.350742605409 0.85134572762 2.34 0.1 0.2 0.414077758789 0.919229030609 2.23552083969 0.0413764184934 0.297 0.0925608239889 0.296011774058
* 119 11.83517313 0.343644679846 0.858389835277 2.36 0.1 0.2 0.407271385193 0.926503658295 2.25057983398 0.0427082463452 0.295 0.0931737640494 0.298672219735
* 120 11.9355120659 0.336407301059 0.865290585113 2.38 0.1 0.2 0.407271385193 0.926503658295 2.25057983398 0.0437486397758 0.295 0.0976953520624 0.308917515633
* 121 12.0358860493 0.329033363903 0.872045216918 2.4 0.1 0.2 0.402851104736 0.93249797821 2.26937580109 0.0435899364128 0.296 0.0997156050899 0.310402333598
* 122 12.1361870766 0.321525817856 0.878651028931 2.42 0.1 0.2 0.3974609375 0.939016819 2.28925228119 0.0452214697474 0.301 0.101324466175 0.311208833169
* 123 12.2365870476 0.313887665835 0.885105378915 2.44 0.1 0.2 0.388044834137 0.946280002594 2.30807423592 0.0471100893617 0.304 0.101322900992 0.311336782897
* 124 12.3368470669 0.306121963 0.891405685215 2.46 0.1 0.2 0.377892971039 0.954529285431 2.32355475426 0.0487767279925 0.306 0.100509905531 0.313260534115
* 125 12.437194109 0.298231815527 0.897549427793 2.48 0.1 0.2 0.370543479919 0.961550235748 2.3387336731 0.050365651357 0.307 0.101016416839 0.316045530284
* 126 12.5375721455 0.290220379372 0.903534149234 2.5 0.1 0.2 0.360865116119 0.968655109406 2.35265827179 0.0518816624757 0.309 0.10062835329 0.318731057938
* 127 12.6377949715 0.282090859001 0.909357455729 2.52 0.1 0.2 0.352799892426 0.976968288422 2.36957168579 0.0529589011626 0.311 0.100550172931 0.321090020249
* 128 12.7381110191 0.273846506114 0.915017018033 2.54 0.1 0.2 0.343138217926 0.983626365662 2.38707995415 0.0528401479618 0.311 0.100509910942 0.322126306817
* 129 12.8384950161 0.265490618343 0.920510572398 2.56 0.1 0.2 0.343138217926 0.983626365662 2.38707995415 0.0528401479618 0.311 0.104913931223 0.332586604699
* 130 12.9388141632 0.257026537931 0.925835921473 2.58 0.1 0.2 0.343138217926 0.983626365662 2.38707995415 0.0528401479618 0.311 0.109261087085 0.343145232615
* 131 13.0391459465 0.248457650397 0.930990935191 2.6 0.1 0.2 0.343138217926 0.983626365662 2.38707995415 0.0528401479618 0.311 0.113549639726 0.353801807125
* 132 13.1395540237 0.239787383183 0.935973551615 2.62 0.1 0.2 0.343138217926 0.983626365662 2.38707995415 0.0528401479618 0.311 0.117777873779 0.364555905616
* 133 13.2398979664 0.231019204279 0.940781777765 2.64 0.1 0.2 0.343138217926 0.983626365662 2.38707995415 0.0528401479618 0.311 0.121944098009 0.375407066462
* 134 13.3402240276 0.22215662084 0.945413690415 2.66 0.1 0.2 0.343138217926 0.983626365662 2.38707995415 0.0528401479618 0.311 0.126046645982 0.386354789215
* 135 13.4405469894 0.213203177782 0.94986743686 2.68 0.1 0.2 0.343138217926 0.983626365662 2.38707995415 0.0528401479618 0.311 0.130083876732 0.397398534806
* 136 13.5408811569 0.204162456361 0.954141235662 2.7 0.1 0.2 0.343138217926 0.983626365662 2.38707995415 0.0528401479618 0.311 0.134054175421 0.408537725754
* 137 13.6411471367 0.195038072747 0.958233377359 2.72 0.1 0.2 0.343138217926 0.983626365662 2.38707995415 0.0528401479618 0.311 0.137955953983 0.419771746404
* 138 13.7414040565 0.185833676572 0.962142225148 2.74 0.1 0.2 0.343138217926 0.983626365662 2.38707995415 0.0528401479618 0.311 0.141787651758 0.431099943169
* 139 13.8416621685 0.176552949469 0.965866215542 2.76 0.1 0.2 0.317956447601 1.00245571136 2.43165326118 0.0640773881243 0.331 0.134685847877 0.417563734705
* 140 13.9419050217 0.167199603608 0.969403858995 2.78 0.1 0.2 0.317956447601 1.00245571136 2.43165326118 0.0640773881243 0.331 0.138533706883 0.42887045626
* 141 14.0422799587 0.157777380202 0.972753740497 2.8 0.1 0.2 0.317956447601 1.00245571136 2.43165326118 0.0640773881243 0.331 0.142310300429 0.44027082405
* 142 14.1426939964 0.148290048013 0.975914520139 2.82 0.1 0.2 0.317956447601 1.00245571136 2.43165326118 0.0640773881243 0.331 0.146014117928 0.451764117949
* 143 14.2430281639 0.138741401849 0.978884933652 2.84 0.1 0.2 0.317956447601 1.00245571136 2.43165326118 0.0640773881243 0.331 0.149643677902 0.463349580668
* 144 14.3432619572 0.129135261041 0.98166379291 2.86 0.1 0.2 0.20804977417 1.05690765381 2.60020661354 0.0688734431483 0.342 0.110494405623 0.37727592474
* 145 14.4434940815 0.119475467917 0.984249986407 2.88 0.1 0.2 0.173932552338 1.07269716263 2.64876270294 0.0707618374357 0.341 0.100280921204 0.362837166231
* 146 14.5437400341 0.109765886266 0.986642479699 2.9 0.1 0.2 0.173932552338 1.07269716263 2.64876270294 0.072008795998 0.343 0.104452427338 0.373680179242
* 147 14.6439940929 0.10001039979 0.988840315821 2.92 0.1 0.2 0.173932552338 1.07269716263 2.64876270294 0.0863489199779 0.388 0.108560396452 0.384619797757
* 148 14.7442040443 0.0902129105544 0.990842615669 2.94 0.1 0.2 0.158953666687 1.07723903656 2.6718287468 0.094041708941 0.418 0.107074439382 0.382799611588
* 149 14.8444831371 0.0803773374241 0.992648578348 2.96 0.1 0.2 0.158953666687 1.07723903656 2.6718287468 0.094041708941 0.418 0.111127326208 0.3938206084
* 150 14.9447920322 0.0705076144971 0.994257481497 2.98 0.1 0.2 0.158953666687 1.07723903656 2.6718287468 0.0963951319414 0.425 0.115113662001 0.404937191152
* 151 15.0450730324 0.0606076895311 0.995668681578 3.0 0.1 0.2 0.117300510406 1.09073114395 2.7596681118 0.0963951319414 0.425 0.105371151816 0.370030774433
* 152 15.1453411579 0.0506815223641 0.996881614128 3.02 0.1 0.2 0.117300510406 1.09073114395 2.7596681118 0.0963951319414 0.425 0.109513971135 0.380917780789
* 153 15.2455739975 0.0407330833305 0.997895793991 3.04 0.1 0.2 0.0841073989868 1.10102510452 2.83987832069 0.0823437330193 0.39 0.103173541784 0.351738309121
* 154 15.3458440304 0.0307663516733 0.998710815509 3.06 0.1 0.2 0.0633940696716 1.10647106171 2.88408231735 0.0840797287834 0.392 0.100428559691 0.340698734901
* 155 15.4461071491 0.0207853139523 0.999326352683 3.08 0.1 0.2 0.0633940696716 1.10647106171 2.88408231735 0.0852133209712 0.398 0.104767042207 0.35127206862
* 156 15.5463650227 0.0107939624496 0.999742159308 3.1 0.1 0.2 0.0203156471252 1.11036348343 2.95999693871 0.0850244694694 0.389 0.0939273101676 0.322462449694
* 157 15.6466331482 0.000796293572488 0.999958069065 3.12 0.1 0.2 0.0203156471252 1.11036348343 2.95999693871 0.0842890406321 0.381 0.0983671214493 0.332859055838
* 158 15.7468600273 -0.00920369374479 0.999973995594 3.14 0.1 0.2 0.0109510421753 1.11415481567 2.97643923759 0.0826335260365 0.369 0.0991975724381 0.336479511242
* 159 15.8470880985 -0.0192019996406 0.999789932525 3.16 0.1 0.2 -0.000743389129639 1.11339426041 2.99184966087 0.0829952529575 0.359 0.0992155689739 0.33825554411
* 160 15.9473609924 -0.0291946249259 0.99940595348 3.18 0.1 0.2 -0.0236864089966 1.11273336411 3.02861452103 0.0814353623983 0.348 0.0953507728444 0.329277982754
* 161 16.0476670265 -0.0391775726839 0.998822212045 3.2 0.1 0.2 -0.0236864089966 1.11273336411 3.02861452103 0.0810682063258 0.345 0.0997590837566 0.33973072122
* 162 16.1479539871 -0.0491468498685 0.998038941711 3.22 0.1 0.2 -0.0348205566406 1.11519384384 3.04300808907 0.080628387174 0.342 0.0997461453733 0.343954176478
* 163 16.2485599518 -0.0590984689017 0.997056455773 3.24 0.1 0.2 -0.044508934021 1.11229848862 3.05932116508 0.0796308644057 0.334 0.100805671462 0.344751434981
* 164 16.3488819599 -0.0690284492687 0.995875147214 3.26 0.1 0.2 -0.044508934021 1.11229848862 3.05932116508 0.0802416315281 0.335 0.105130297984 0.355348107923
* 165 16.4491641521 -0.0789328191097 0.994495488541 3.28 0.1 0.2 -0.053286075592 1.10913085938 3.07661890984 0.0802416315281 0.335 0.106650723199 0.355652261813
* 166 16.5494570732 -0.0888076168087 0.9929180316 3.3 0.1 0.2 -0.053286075592 1.10913085938 3.07661890984 0.0833315605304 0.34 0.110907938521 0.366359901646
* 167 16.649750948 -0.0986488925785 0.991143407352 3.32 0.1 0.2 -0.053286075592 1.10913085938 3.07661890984 0.0833315605304 0.34 0.1151039476 0.37716482886
* 168 16.7500560284 -0.10845271004 0.989172325622 3.34 0.1 0.2 -0.053286075592 1.10913085938 3.07661890984 0.0833315605304 0.34 0.119237072086 0.388066561499
* 169 16.850413084 -0.118215147797 0.987005574818 3.36 0.1 0.2 -0.053286075592 1.10913085938 3.07661890984 0.083653076224 0.339 0.123305658786 0.399064578889
* 170 16.9507210255 -0.127932301004 0.984644021611 3.38 0.1 0.2 -0.053286075592 1.10913085938 3.07661890984 0.0839715804159 0.34 0.127308080318 0.410158321839
* 171 17.0510420799 -0.13760028293 0.982088610591 3.4 0.1 0.2 -0.053286075592 1.10913085938 3.07661890984 0.0839715804159 0.34 0.131242735769 0.421347192874
* 172 17.1513080597 -0.14721522651 0.979340363888 3.42 0.1 0.2 -0.053286075592 1.10913085938 3.07661890984 0.0839715804159 0.34 0.135108051327 0.432630556466
* 173 17.2515389919 -0.156773285896 0.976400380764 3.44 0.1 0.2 -0.053286075592 1.10913085938 3.07661890984 0.0839715804159 0.34 0.138902480919 0.444007739293
* 174 17.3517701626 -0.166270637992 0.973269837173 3.46 0.1 0.2 -0.053286075592 1.10913085938 3.07661890984 0.0839715804159 0.34 0.142624506823 0.455478030503
* 175 17.4520180225 -0.175703483982 0.969949985291 3.48 0.1 0.2 -0.053286075592 1.10913085938 3.07661890984 0.0839715804159 0.34 0.146272640278 0.467040682007
* 176 17.5522601604 -0.185068050855 0.966442153014 3.5 0.1 0.2 -0.0895810127258 1.1116437912 3.13551640511 0.0908890655344 0.35 0.138840236513 0.447841704106
* 177 17.6526451111 -0.194360592909 0.962747743428 3.52 0.1 0.2 -0.0895810127258 1.1116437912 3.13551640511 0.0908890655344 0.35 0.142558227582 0.459317106522
* 178 17.7529399395 -0.20357739325 0.958868234249 3.54 0.1 0.2 -0.0895810127258 1.1116437912 3.13551640511 0.0908890655344 0.35 0.146202244988 0.470884826916
* 179 17.8532381058 -0.212714765281 0.954805177227 3.56 0.1 0.2 -0.0895810127258 1.1116437912 3.13551640511 0.0908890655344 0.35 0.149770831173 0.482544078225
* 180 17.9535911083 -0.221769054176 0.950560197533 3.58 0.1 0.2 -0.140904426575 1.10376739502 3.24897009531 0.099009068052 0.365 0.14104359304 0.43072358032
* 181 18.0539331436 -0.230736638339 0.9461349931 3.6 0.1 0.2 -0.140904426575 1.10376739502 3.24897009531 0.111044594241 0.394 0.144881979965 0.442042905769
* 182 18.1542930603 -0.239613930857 0.941531333951 3.62 0.1 0.2 -0.140904426575 1.10376739502 3.24897009531 0.111044594241 0.394 0.148648897102 0.45345578301
* 183 18.254611969 -0.248397380931 0.93675106149 3.64 0.1 0.2 -0.140904426575 1.10376739502 3.24897009531 0.111044594241 0.394 0.152342837736 0.464961486918
* 184 18.354995966 -0.257083475297 0.931796087761 3.66 0.1 0.2 -0.140904426575 1.10376739502 3.24897009531 0.111044594241 0.394 0.15596232434 0.476559255235
* 185 18.4552540779 -0.265668739634 0.926668394687 3.68 0.1 0.2 -0.140904426575 1.10376739502 3.24897009531 0.113966384458 0.4 0.159505909167 0.488248288881
* 186 18.5555281639 -0.274149739952 0.921370033278 3.7 0.1 0.2 -0.140904426575 1.10376739502 3.24897009531 0.115229768379 0.403 0.162972174831 0.500027752271
* 187 18.6558890343 -0.282523083961 0.915903122807 3.72 0.1 0.2 -0.140904426575 1.10376739502 3.24897009531 0.115229768379 0.403 0.166359734871 0.511896773648
* 188 18.7561631203 -0.290785422438 0.910269849966 3.74 0.1 0.2 -0.140904426575 1.10376739502 3.24897009531 0.115229768379 0.403 0.16966723431 0.523854445434
* 189 18.8564441204 -0.298933450556 0.904472467989 3.76 0.1 0.2 -0.140904426575 1.10376739502 3.24897009531 0.115229768379 0.403 0.17289335019 0.535899824591
* 190 18.9567410946 -0.306963909212 0.898513295751 3.78 0.1 0.2 -0.140904426575 1.10376739502 3.24897009531 0.115229768379 0.403 0.176036792109 0.548031933001
* 191 19.0570399761 -0.314873586331 0.892394716842 3.8 0.1 0.2 -0.140904426575 1.10376739502 3.24897009531 0.115229768379 0.403 0.179096302731 0.560249757854
* 192 19.157351017 -0.322659318148 0.886119178611 3.82 0.1 0.2 -0.25239276886 1.06386709213 3.45406300226 0.140679704475 0.45 0.151701565487 0.449419847248
* 193 19.2576200962 -0.330317990472 0.87968919119 3.84 0.1 0.2 -0.25239276886 1.06386709213 3.45406300226 0.140679704475 0.45 0.155414230635 0.460901984147
* 194 19.3579540253 -0.337846539938 0.873107326489 3.86 0.1 0.2 -0.25239276886 1.06386709213 3.45406300226 0.140679704475 0.45 0.159052815195 0.472476383068
* 195 19.4581990242 -0.345241955225 0.866376217166 3.88 0.1 0.2 -0.25239276886 1.06386709213 3.45406300226 0.140679704475 0.45 0.162615863782 0.484142254277
* 196 19.5584430695 -0.352501278267 0.859498555574 3.9 0.1 0.2 -0.25239276886 1.06386709213 3.45406300226 0.140679704475 0.45 0.166101951224 0.495898771454
* 197 19.6588301659 -0.359621605431 0.852477092687 3.92 0.1 0.2 -0.25239276886 1.06386709213 3.45406300226 0.140679704475 0.45 0.169509683133 0.50774507202
* 198 19.7591760159 -0.366600088681 0.845314636995 3.94 0.1 0.2 -0.25239276886 1.06386709213 3.45406300226 0.140679704475 0.45 0.17283769646 0.519680257485
* 199 19.8594479561 -0.373433936717 0.838014053387 3.96 0.1 0.2 -0.25239276886 1.06386709213 3.45406300226 0.140679704475 0.45 0.176084660046 0.531703393807
* 200 19.9596979618 -0.380120416091 0.830578261998 3.98 0.1 0.2 -0.487103462219 0.863909244537 3.9522412459 0.202565473959 0.464 0.0761735072669 0.263574338299
* 201 20.0599679947 -0.386656852299 0.823010237045 4.0 0.1 0.2 -0.487103462219 0.863909244537 3.9522412459 0.203020042959 0.466 0.0808925358441 0.273413041303
* 202 20.1602680683 -0.393040630856 0.815313005637 4.02 0.1 0.2 -0.487103462219 0.863909244537 3.9522412459 0.211492305835 0.477 0.0855660696968 0.283351575885
* 203 20.2605221272 -0.399269198334 0.807489646565 4.04 0.1 0.2 -0.487103462219 0.863909244537 3.9522412459 0.21504205748 0.48 0.0901922394738 0.293389806637
* 204 20.3607540131 -0.405340063389 0.799543289067 4.06 0.1 0.2 -0.502867698669 0.852375030518 3.97542626063 0.178718961746 0.391 0.0869609508675 0.294458214274
* 205 20.4611980915 -0.411250797757 0.791477111581 4.08 0.1 0.2 -0.543517112732 0.791049003601 4.06763035456 0.17658581229 0.347 0.061671573202 0.258665368207
* 206 20.5614349842 -0.416999037222 0.783294340471 4.1 0.1 0.2 -0.548302650452 0.788773536682 4.07459599177 0.118404857835 0.231 0.0645536986964 0.266570583212
* 207 20.6616520882 -0.422582482566 0.774998248734 4.12 0.1 0.2 -0.546682357788 0.787972927094 4.0747004191 0.0853636403667 0.167 0.0694381582586 0.275461481619
* 208 20.7619071007 -0.427998900484 0.766592154699 4.14 0.1 0.2 -0.546682357788 0.787972927094 4.0747004191 0.0853636403667 0.167 0.0741173872513 0.28538774754
* 209 20.8621900082 -0.433246124482 0.75807942069 4.16 0.1 0.2 -0.546682357788 0.787972927094 4.0747004191 0.0853636403667 0.167 0.0787494810147 0.295413728432
* 210 20.962471962 -0.43832205574 0.749463451686 4.18 0.1 0.2 -0.548836708069 0.79093837738 4.07472139994 0.0458539863848 0.088 0.0838619941548 0.307277731296
* 211 21.062718153 -0.443224663954 0.740747693962 4.2 0.1 0.2 -0.550027370453 0.790022850037 4.07521588007 0.0425679007358 0.063 0.0877344991439 0.31747688423
* 212 21.162979126 -0.447951988145 0.731935633704 4.22 0.1 0.2 -0.550027370453 0.790022850037 4.07521588007 0.0425679007358 0.063 0.0922155288031 0.327798278288
* 213 21.2632789612 -0.452502137446 0.723030795618 4.24 0.1 0.2 -0.550027370453 0.790022850037 4.07521588007 0.0425679007358 0.063 0.0966421785322 0.338218475184
* 214 21.3635790348 -0.456873291859 0.714036741521 4.26 0.1 0.2 -0.550027370453 0.790022850037 4.07521588007 0.0425679007358 0.063 0.10101267773 0.348737146848
* 215 21.4639151096 -0.46106370298 0.704957068915 4.28 0.1 0.2 -0.550027370453 0.790022850037 4.07521588007 0.0425679007358 0.063 0.105325278256 0.359353925825
* 216 21.5641670227 -0.465071694701 0.695795409548 4.3 0.1 0.2 -0.566124916077 0.76226568222 4.14761215845 0.119699552642 0.265 0.099830677918 0.333614752451
* 217 21.6644871235 -0.468895663878 0.68655542796 4.32 0.1 0.2 -0.573139667511 0.743959903717 4.19623381296 0.163217802571 0.297 0.0985042415481 0.318905181318
* 218 21.7648460865 -0.472534080975 0.677240820023 4.34 0.1 0.2 -0.573139667511 0.743959903717 4.19623381296 0.163217802571 0.297 0.10298799121 0.329221538592
* 219 21.8651871681 -0.475985490673 0.667855311454 4.36 0.1 0.2 -0.573139667511 0.743959903717 4.19623381296 0.163217802571 0.297 0.107417451648 0.339636714345
* 220 21.9654331207 -0.479248512455 0.658402656332 4.38 0.1 0.2 -0.573139667511 0.743959903717 4.19623381296 0.163217802571 0.297 0.111790851135 0.350150382516
* 221 22.0656709671 -0.482321841154 0.648886635593 4.4 0.1 0.2 -0.589593887329 0.695356845856 4.27604967753 0.207382403009 0.32 0.0976873769172 0.317926468668
* 222 22.1659469604 -0.485204247482 0.639311055519 4.42 0.1 0.2 -0.589593887329 0.695356845856 4.27604967753 0.217872849647 0.321 0.102170634898 0.328243737109
* 223 22.2663891315 -0.487894578513 0.629679746213 4.44 0.1 0.2 -0.589593887329 0.695356845856 4.27604967753 0.217872849647 0.321 0.106599587242 0.338659821207
* 224 22.3666760921 -0.490391758151 0.619996560071 4.46 0.1 0.2 -0.589593887329 0.695356845856 4.27604967753 0.217872849647 0.321 0.110972462428 0.349174394538
* 225 22.4669129848 -0.492694787558 0.610265370239 4.48 0.1 0.2 -0.589593887329 0.695356845856 4.27604967753 0.217872849647 0.321 0.115287511363 0.359787091287
* 226 22.5671601295 -0.494802745552 0.600490069063 4.5 0.1 0.2 -0.594469547272 0.682231903076 4.29460806051 0.22582775726 0.32 0.11434925381 0.360718127276
* 227 22.6675281525 -0.496714788979 0.590674566532 4.52 0.1 0.2 -0.605469703674 0.651627540588 4.33786577383 0.24738390014 0.321 0.10647817412 0.349181735128
* 228 22.7678170204 -0.498430153046 0.580822788717 4.54 0.1 0.2 -0.605469703674 0.651627540588 4.33786577383 0.24738390014 0.321 0.110798545556 0.359785537931
* 229 22.8680980206 -0.499948151631 0.570938676197 4.56 0.1 0.2 -0.605469703674 0.651627540588 4.33786577383 0.24738390014 0.321 0.115059520533 0.370487097483
* 230 22.9683811665 -0.501268177555 0.561026182487 4.58 0.1 0.2 -0.605469703674 0.651627540588 4.33786577383 0.24738390014 0.321 0.119259394716 0.381285973175
* 231 23.0686321259 -0.502389702824 0.55108927245 4.6 0.1 0.2 -0.605469703674 0.651627540588 4.33786577383 0.24738390014 0.321 0.123396488213 0.392181685473
* 232 23.1688921452 -0.503312278844 0.54113192072 4.62 0.1 0.2 -0.608817100525 0.640471458435 4.35242838064 0.270281728963 0.337 0.123230472439 0.395301471363
* 233 23.2692260742 -0.504035536597 0.531158110103 4.64 0.1 0.2 -0.608817100525 0.640471458435 4.35242838064 0.278047803461 0.347 0.127285329679 0.40631959338
* 234 23.3694679737 -0.504559186788 0.521171829991 4.66 0.1 0.2 -0.608817100525 0.640471458435 4.35242838064 0.278047803461 0.347 0.131273684105 0.417433318934
* 235 23.4697439671 -0.504883019966 0.511177074762 4.68 0.1 0.2 -0.608817100525 0.640471458435 4.35242838064 0.278047803461 0.347 0.135193940428 0.428642042556
* 236 23.5699970722 -0.505006906601 0.501177842187 4.7 0.1 0.2 -0.608817100525 0.640471458435 4.35242838064 0.278047803461 0.347 0.139044530598 0.439945120777
* 237 23.6702799797 -0.504930797139 0.491178131823 4.72 0.1 0.2 -0.608817100525 0.640471458435 4.35242838064 0.278047803461 0.347 0.142823914429 0.451341872388
* 238 23.7706701756 -0.504654722025 0.481181943423 4.74 0.1 0.2 -0.622641563416 0.580431938171 4.43285555044 0.280698328314 0.359 0.125485253763 0.417824778978
* 239 23.8710441589 -0.504178791683 0.471193275328 4.76 0.1 0.2 -0.622641563416 0.580431938171 4.43285555044 0.280698328314 0.359 0.129406981044 0.429031480174
* 240 23.9714000225 -0.503503196481 0.461216122873 4.78 0.1 0.2 -0.622641563416 0.580431938171 4.43285555044 0.366245592556 0.379 0.133259075375 0.440332550109
* 241 24.0717229843 -0.502628206647 0.451254476784 4.8 0.1 0.2 -0.632647037506 0.484461307526 4.57311767737 0.76017169411 0.418 0.104558470585 0.375588382492
* 242 24.1719961166 -0.501554172164 0.441312321589 4.82 0.1 0.2 -0.632647037506 0.484461307526 4.57311767737 0.76017169411 0.418 0.108743591471 0.38641029252
* 243 24.2723810673 -0.500281522634 0.431393634016 4.84 0.1 0.2 -0.632647037506 0.484461307526 4.57311767737 0.76017169411 0.418 0.112865536519 0.397328919612
* 244 24.3727140427 -0.498810767098 0.421502381408 4.86 0.1 0.2 -0.632647037506 0.484461307526 4.57311767737 0.76017169411 0.418 0.116922657006 0.408343736337
* 245 24.4730131626 -0.49714249384 0.411642520134 4.88 0.1 0.2 -0.632647037506 0.484461307526 4.57311767737 0.76017169411 0.418 0.120913330138 0.419454176787
* 246 24.5733001232 -0.495277370146 0.401817994008 4.9 0.1 0.2 -0.632647037506 0.484461307526 4.57311767737 0.761301844279 0.423 0.124835959699 0.430659636804
* 247 24.6736400127 -0.49321614204 0.392032732709 4.92 0.1 0.2 -0.632647037506 0.484461307526 4.57311767737 0.761301844279 0.423 0.128688976689 0.441959474228
* 248 24.7739040852 -0.490959633988 0.38229065021 4.94 0.1 0.2 -0.632647037506 0.484461307526 4.57311767737 0.761301844279 0.423 0.132470839953 0.453353009145
* 249 24.8741600513 -0.488508748561 0.372595643216 4.96 0.1 0.2 -0.632647037506 0.484461307526 4.57311767737 0.761301844279 0.423 0.136180036796 0.464839524165
* 250 24.974419117 -0.485864466081 0.362951589599 4.98 0.1 0.2 -0.632647037506 0.484461307526 4.57311767737 0.761301844279 0.423 0.139815083589 0.476418264708
* 251 25.0746409893 -0.483027844226 0.353362346852 5.0 0.1 0.2 -0.632647037506 0.484461307526 4.57311767737 0.761301844279 0.423 0.143374526361 0.488088439303
* 252 25.1749031544 -0.480000017608 0.343831750545 5.02 0.1 0.2 -0.632441043854 0.458889961243 4.60813516775 0.918050418942 0.439 0.138951052749 0.479488562601
* 253 25.2751209736 -0.476782197315 0.334363612789 5.04 0.1 0.2 -0.628254413605 0.361463069916 4.75449270407 -2.18398430456 0.438 0.11200841839 0.412142165029
* 254 25.3753361702 -0.473375670434 0.324961720713 5.06 0.1 0.2 -0.628254413605 0.361463069916 4.75449270407 -2.16364119514 0.439 0.116003711271 0.423246050125
* 255 25.4755580425 -0.46978179953 0.315629834948 5.08 0.1 0.2 -0.628254413605 0.361463069916 4.75449270407 -2.16364119514 0.439 0.11993106946 0.434444997546
* 256 25.5758330822 -0.466002022103 0.306371688125 5.1 0.1 0.2 -0.628254413605 0.361463069916 4.75449270407 -2.16364119514 0.439 0.123788922064 0.445738367733
* 257 25.6760671139 -0.462037850013 0.297190983378 5.12 0.1 0.2 -0.628254413605 0.361463069916 4.75449270407 -2.16364119514 0.439 0.127575725994 0.457125483362
* 258 25.7764050961 -0.457890868878 0.288091392868 5.14 0.1 0.2 -0.628254413605 0.361463069916 4.75449270407 -2.16364119514 0.439 0.13128996658 0.468605629609
* 259 25.8766491413 -0.453562737433 0.279076556308 5.16 0.1 0.2 -0.628254413605 0.361463069916 4.75449270407 -2.16364119514 0.439 0.134930158174 0.480178054442
* 260 25.9769141674 -0.449055186874 0.270150079514 5.18 0.1 0.2 -0.628254413605 0.361463069916 4.75449270407 -2.16364119514 0.439 0.138494844749 0.491841968917
* 261 26.0771739483 -0.444370020161 0.261315532957 5.2 0.1 0.2 -0.628254413605 0.361463069916 4.75449270407 -2.16364119514 0.439 0.141982600476 0.503596547495
* 262 26.177531004 -0.439509111298 0.252576450337 5.22 0.1 0.2 -0.628254413605 0.361463069916 4.75449270407 -2.03974946626 0.441 0.145392030302 0.515440928374
* 263 26.2778010368 -0.434474404584 0.243936327173 5.24 0.1 0.2 -0.614035606384 0.285968780518 4.87688917318 -0.494754810758 0.439 0.127497168475 0.459420186595
* 264 26.3780169487 -0.429267913835 0.235398619396 5.26 0.1 0.2 -0.614035606384 0.285968780518 4.87688917318 -0.490711433714 0.448 0.13122018277 0.470889224519
* 265 26.478233099 -0.423891721576 0.226966741978 5.28 0.1 0.2 -0.614035606384 0.285968780518 4.87688917318 -0.444662732916 0.475 0.13486932454 0.482450633092
* 266 26.5784780979 -0.418347978215 0.218644067555 5.3 0.1 0.2 -0.614035606384 0.285968780518 4.87688917318 -0.435709574558 0.476 0.138443134174 0.494103627778
* 267 26.67882514 -0.412638901173 0.210433925088 5.32 0.1 0.2 -0.577722549438 0.176190376282 5.06740326086 -0.19324976368 0.477 0.108958922134 0.404592669719
* 268 26.779225111 -0.406766774006 0.202339598524 5.34 0.1 0.2 -0.577722549438 0.176190376282 5.06740326086 -0.19324976368 0.477 0.113062512573 0.4155388357
* 269 26.8794670105 -0.400733945486 0.194364325485 5.36 0.1 0.2 -0.577722549438 0.176190376282 5.06740326086 -0.19324976368 0.477 0.11710081211 0.426581033538
* 270 26.9798531532 -0.394542828664 0.186511295974 5.38 0.1 0.2 -0.577722549438 0.176190376282 5.06740326086 -0.19324976368 0.477 0.12107220548 0.437718686373
* 271 27.0801661015 -0.388195899904 0.178783651098 5.4 0.1 0.2 -0.577722549438 0.176190376282 5.06740326086 -0.178943771155 0.489 0.124975104178 0.448951179164
* 272 27.1805231571 -0.381695697894 0.171184481813 5.42 0.1 0.2 -0.577722549438 0.176190376282 5.06740326086 -0.170713705885 0.496 0.128807947096 0.460277858937
* 273 27.2809009552 -0.375044822627 0.163716827684 5.44 0.1 0.2 -0.534996986389 0.105027198792 5.26968712011 -0.100958395703 0.499 0.115251791881 0.365145188437
* 274 27.3812940121 -0.368245934365 0.156383675674 5.46 0.1 0.2 -0.534996986389 0.105027198792 5.26968712011 -0.091111289921 0.497 0.119606459545 0.375691019112
* 275 27.4816651344 -0.361301752573 0.149187958946 5.48 0.1 0.2 -0.534996986389 0.105027198792 5.26968712011 -0.0732069590282 0.493 0.12390274934 0.386334848592
* 276 27.582018137 -0.35421505483 0.14213255569 5.5 0.1 0.2 -0.534996986389 0.105027198792 5.26968712011 -0.0732069590282 0.493 0.128138942808 0.397076259357
* 277 27.6823861599 -0.346988675721 0.135220287974 5.52 0.1 0.2 -0.534996986389 0.105027198792 5.26968712011 -0.0732069590282 0.493 0.132313345527 0.407914794858
* 278 27.784083128 -0.339625505702 0.128453920613 5.54 0.1 0.2 -0.476494312286 0.0485200881958 5.42411375443 -0.039435644392 0.473 0.113184848399 0.333550448485
* 279 27.8844180107 -0.332128489942 0.121836160063 5.56 0.1 0.2 -0.476494312286 0.0485200881958 5.42411375443 -0.039435644392 0.473 0.117689496532 0.343827790685
* 280 27.9846580029 -0.324500627148 0.115369653341 5.58 0.1 0.2 -0.476494312286 0.0485200881958 5.42411375443 -0.0321797505331 0.464 0.122140559497 0.354204068982
* 281 28.0851781368 -0.316744968363 0.109056986962 5.6 0.1 0.2 -0.476494312286 0.0485200881958 5.42411375443 -0.0306073801817 0.465 0.126536256929 0.364678972875
* 282 28.1854391098 -0.308864615747 0.102900685909 5.62 0.1 0.2 -0.406789302826 -8.34465026855e-05 5.59476852814 -0.0200616827123 0.461 0.104861875039 0.282982527735
* 283 28.2856631279 -0.300862721336 0.0969032126214 5.64 0.1 0.2 -0.406789302826 -8.34465026855e-05 5.59476852814 -0.0172397301658 0.46 0.109586518556 0.292808607987
* 284 28.3860120773 -0.292742485782 0.0910669660074 5.66 0.1 0.2 -0.406789302826 -8.34465026855e-05 5.59476852814 -0.0144661918976 0.441 0.114265904878 0.302734534088
* 285 28.4864151478 -0.284507157069 0.0853942804881 5.68 0.1 0.2 -0.38577747345 -0.0134377479553 5.64743614594 -0.00542678692419 0.394 0.110891133513 0.285458281776
* 286 28.5866630077 -0.276160029221 0.0798874250621 5.7 0.1 0.2 -0.350968360901 -0.0306010246277 5.70725012222 -0.00202740367606 0.382 0.101229221823 0.263223385452
* 287 28.6868920326 -0.267704440976 0.0745486023982 5.72 0.1 0.2 -0.350968360901 -0.0306010246277 5.70725012222 -0.00202740367606 0.382 0.106023332028 0.272887133114
* 288 28.7871179581 -0.259143774458 0.0693799479542 5.74 0.1 0.2 -0.350968360901 -0.0306010246277 5.70725012222 -0.00202740367606 0.382 0.110775263055 0.282650853232
* 289 28.8873641491 -0.250481453818 0.0643835291231 5.76 0.1 0.2 -0.338031768799 -0.0336499214172 5.72577858368 0.00496014504937 0.313 0.110712342665 0.281179832352
* 290 28.9877820015 -0.24172094387 0.0595613444056 5.78 0.1 0.2 -0.284794330597 -0.0575804710388 5.79471922318 0.00718683416766 0.301 0.0918602478421 0.254762596117
* 291 29.0880980492 -0.232865748701 0.0549153226115 5.8 0.1 0.2 -0.273676872253 -0.060887336731 5.81134319702 0.00920545678066 0.287 0.0921773699735 0.255404758909
* 292 29.1883270741 -0.22391941027 0.0504473220874 5.82 0.1 0.2 -0.26494884491 -0.0658960342407 5.82588339249 0.0100444970534 0.276 0.0930116717965 0.258428177824
* 293 29.2885479927 -0.214885506994 0.0461591299741 5.84 0.1 0.2 -0.25873374939 -0.0670156478882 5.83979368607 0.0107530616343 0.268 0.0957066792521 0.260620093483
* 294 29.3888671398 -0.205767652314 0.0420524614912 5.86 0.1 0.2 -0.250053882599 -0.0698671340942 5.85772371689 0.0117468944353 0.264 0.0971889582377 0.26120288063
* 295 29.4892520905 -0.19656949325 0.0381289592512 5.88 0.1 0.2 -0.238678455353 -0.0733880996704 5.87932396332 0.012994986103 0.264 0.0975511311802 0.259871099399
* 296 29.5895581245 -0.187294708942 0.0343901926029 5.9 0.1 0.2 -0.238678455353 -0.0733880996704 5.87932396332 0.0135969029692 0.262 0.102328753908 0.269574472217
* 297 29.6897921562 -0.177947009182 0.0308376570031 5.92 0.1 0.2 -0.219422340393 -0.0811147689819 5.90601015488 0.0149120854697 0.261 0.0987078391455 0.26639429132
* 298 29.7900760174 -0.168530132923 0.0274727734185 5.94 0.1 0.2 -0.219422340393 -0.0811147689819 5.90601015488 0.0153449444404 0.262 0.103457092381 0.276164207823
* 299 29.890433073 -0.159047846792 0.0242968877578 5.96 0.1 0.2 -0.198342323303 -0.0865888595581 5.92992496887 0.0174008657433 0.264 0.0992377297536 0.273252409876
* 300 29.9907591343 -0.149503943577 0.0213112703328 5.98 0.1 0.2 -0.198342323303 -0.0865888595581 5.92992496887 0.0180188936152 0.266 0.103951585715 0.283102680408
* 301 30.0909819603 -0.13990224071 0.0185171153508 6.0 0.1 0.2 -0.198342323303 -0.0865888595581 5.92992496887 0.0180188936152 0.266 0.108619729509 0.293052768881
* 302 30.191229105 -0.130246578746 0.0159155404365 6.02 0.1 0.2 -0.198342323303 -0.0865888595581 5.92992496887 0.0180188936152 0.266 0.113240293941 0.303102535263
* 303 30.2914581299 -0.12054081982 0.0135075861852 6.04 0.1 0.2 -0.157104492188 -0.0948877334595 5.98536539475 0.0230400740709 0.278 0.101361306604 0.28340097019
* 304 30.3917770386 -0.110788846107 0.0112942157464 6.06 0.1 0.2 -0.157104492188 -0.0948877334595 5.98536539475 0.0246773660633 0.285 0.10601876696 0.293373796863
* 305 30.4920041561 -0.100994558266 0.00927631443884 6.08 0.1 0.2 -0.157104492188 -0.0948877334595 5.98536539475 0.0246773660633 0.285 0.11062822491 0.303446263939
* 306 30.5924601555 -0.0911618738819 0.00745468939611 6.1 0.1 0.2 -0.157104492188 -0.0948877334595 5.98536539475 0.0246773660633 0.285 0.115187836733 0.313618182437
* 307 30.6926970482 -0.0812947258967 0.00583006924396 6.12 0.1 0.2 -0.157104492188 -0.0948877334595 5.98536539475 0.0246773660633 0.285 0.119695778643 0.323889323596
* 308 30.7930400372 -0.0713970610384 0.00440310380878 6.14 0.1 0.2 -0.157104492188 -0.0948877334595 5.98536539475 0.0246773660633 0.285 0.124150247526 0.33425941897
* 309 30.8933680058 -0.061472838241 0.00317436385771 6.16 0.1 0.2 -0.0893397331238 -0.0973610877991 6.08911991516 0.0312406162228 0.296 0.103567579312 0.286033616877
* 310 30.9936971664 -0.0515260270613 0.00214434087036 6.18 0.1 0.2 -0.0673537254333 -0.100921630859 6.14086246887 0.0347600092985 0.31 0.100426700811 0.270920483432
* 311 31.0940570831 -0.041560606091 0.00131344684219 6.2 0.1 0.2 -0.0673537254333 -0.100921630859 6.14086246887 0.0347814321819 0.308 0.10512007598 0.280815998769
* 312 31.1943490505 -0.0315805613658 0.00068201411972 6.22 0.1 0.2 -0.0673537254333 -0.100921630859 6.14086246887 0.0347814321819 0.308 0.109766890599 0.290811273538
* 313 31.2946281433 -0.0215898847705 0.000250295267632 6.24 0.1 0.2 -0.0673537254333 -0.100921630859 6.14086246887 0.0347814321819 0.308 0.114365286003 0.300906149636
* 314 31.3948669434 -0.0115925724424 1.84629677081e-05 6.26 0.1 0.2 -0.0512008666992 -0.102701187134 6.16362571368 0.0351293963996 0.286 0.11253131561 0.299614976912
* 315 31.4950959682 -0.0015926231733 -1.33900502237e-05 6.28 0.1 0.2 -0.00871181488037 -0.101500988007 6.22534704233 0.0374388614039 0.281 0.100446222439 0.277098132675
