### Ensaio do Controlador Klancar com Laser (Círculo) ###

# Parâmetros #

# Número do Ensaio: 12
# Frequência: 10.0 Hz
# Raio: 1.00 m
# Velocidade Linear da Base: 0.20 m/s
# Velocidade Angular da Base: 0.20 rad/s
# Parâmetro ksi: 0.80
# Parâmetro w_n: 1.11
# Parâmetro g: 30.00

* 1 0.0 0.0 0.0 0.0 0.2 0.2 0.0 0.0 0.0 0.0 0.0 0.2 0.2
* 2 0.102430105209 0.0199960001333 0.000399973333867 0.02 0.2 0.2 -0.00221157073975 0.00124216079712 0.000396222516429 -0.0 -0.0 0.23952785972 0.229821829149
* 3 0.202832937241 0.0399800022666 0.0011997600176 0.04 0.2 0.2 -0.00164604187012 0.000247955322266 0.000731601088773 0.0190000014914 0.011 0.274011521546 0.275492006159
* 4 0.303348064423 0.0599440130653 0.00239904014719 0.06 0.2 0.2 0.00151681900024 0.00370693206787 0.00539821665734 0.0730000195363 0.007 0.303786674355 0.287543512394
* 5 0.403940916061 0.0798800471913 0.00399733402657 0.08 0.2 0.2 0.0224089622498 0.00579309463501 0.00501239532605 0.125001821319 0.006 0.301815972845 0.321101432298
* 6 0.506062030792 0.0997801304969 0.00599400235951 0.1 0.2 0.2 0.0537505149841 0.00393772125244 0.006263689138 0.169002038508 0.015 0.28115358949 0.37761610587
* 7 0.606467962265 0.119636303214 0.00838824650529 0.12 0.2 0.2 0.0833840370178 0.00564193725586 0.00891184341162 0.196007391496 0.037 0.263398355655 0.412462837102
* 8 0.70703792572 0.139440623138 0.0111791087982 0.14 0.2 0.2 0.111254692078 0.00483846664429 0.0102225849405 0.207005632743 0.086 0.248649442808 0.467535518123
* 9 0.808387041092 0.159185168806 0.0143654729305 0.16 0.2 0.2 0.137848854065 0.00621271133423 0.0177293755114 0.210002467721 0.136 0.236245444864 0.500120703604
* 10 0.910248994827 0.178862042661 0.017946064399 0.18 0.2 0.2 0.162708282471 0.0101990699768 0.0281897578388 0.208048963785 0.211 0.22685830192 0.514209607333
* 11 1.01096892357 0.198463374218 0.0219194510149 0.2 0.2 0.2 0.183329105377 0.0115561485291 0.0448402650654 0.205006732221 0.258 0.225362421143 0.534492640735
* 12 1.11263394356 0.217981323205 0.0262840434765 0.22 0.2 0.2 0.201020717621 0.0146760940552 0.0689749568701 0.201317921109 0.304 0.229295459822 0.53154750125
* 13 1.21400094032 0.237408082702 0.031038096005 0.24 0.2 0.2 0.221463680267 0.0174283981323 0.0998185947537 0.200184475382 0.337 0.22872102503 0.521477327153
* 14 1.31646490097 0.256735882265 0.0361797070429 0.26 0.2 0.2 0.243827819824 0.0191278457642 0.123053014278 0.200025133816 0.353 0.224680728898 0.53602765653
* 15 1.41787910461 0.275956991031 0.0417068200142 0.28 0.2 0.2 0.262773990631 0.0242567062378 0.144222065806 0.200327153502 0.368 0.225871785133 0.534158963484
* 16 1.51837706566 0.295063720813 0.0476172241474 0.3 0.2 0.2 0.28429889679 0.0291414260864 0.165290489793 0.200659648247 0.381 0.222522490927 0.538726371621
* 17 1.61895298958 0.314048429175 0.0539085553597 0.32 0.2 0.2 0.303593635559 0.0338387489319 0.18388658762 0.199922919115 0.39 0.22300170588 0.549429721327
* 18 1.72008991241 0.332903522486 0.0605782972025 0.34 0.2 0.2 0.321753025055 0.0368514060974 0.209099397063 0.200456592601 0.401 0.226498047976 0.558596401836
* 19 1.82050490379 0.351621458959 0.067623781868 0.36 0.2 0.2 0.343844413757 0.0416474342346 0.235774353147 0.200113445771 0.408 0.222742883356 0.561976878806
* 20 1.92093110085 0.370194751671 0.0750421912563 0.38 0.2 0.2 0.360934257507 0.0487351417542 0.260107129812 0.199689240417 0.411 0.226563015371 0.551854235939
* 21 2.02135491371 0.388615971551 0.0828305581025 0.4 0.2 0.2 0.382779598236 0.0568976402283 0.283964037895 0.200307163156 0.416 0.221581949751 0.546294868134
* 22 2.12176394463 0.406877750357 0.0909857671637 0.42 0.2 0.2 0.401918888092 0.0607552528381 0.303336679935 0.200691647385 0.416 0.223160958955 0.572071844938
* 23 2.22221493721 0.424972783621 0.099504556465 0.44 0.2 0.2 0.419697761536 0.071427822113 0.322699457407 0.20103534052 0.422 0.223402906651 0.558720383839
* 24 2.32280611992 0.442893833572 0.108383518604 0.46 0.2 0.2 0.439363002777 0.0788125991821 0.346246272326 0.201939698344 0.429 0.222504916171 0.562379618346
* 25 2.42312693596 0.460633732027 0.117619102115 0.48 0.2 0.2 0.456652164459 0.0858674049377 0.371149927378 0.202812604715 0.431 0.225944984262 0.562810629434
* 26 2.52357411385 0.478185383265 0.127207612887 0.5 0.2 0.2 0.474038600922 0.0945739746094 0.397731751204 0.204939364502 0.434 0.228286939337 0.55309068551
* 27 2.62415099144 0.495541766859 0.137145215644 0.52 0.2 0.2 0.495178222656 0.102316856384 0.422096788883 0.20690176842 0.433 0.225054702867 0.564168286962
* 28 2.72458910942 0.512695940486 0.147427935477 0.54 0.2 0.2 0.511503696442 0.111835479736 0.440861195326 0.207402409781 0.427 0.227999202212 0.566717159816
* 29 2.82502913475 0.529641042706 0.158051659436 0.56 0.2 0.2 0.529779911041 0.124377250671 0.459940284491 0.207942534376 0.426 0.225410354937 0.559694295738
* 30 2.92546200752 0.546370295705 0.169012138171 0.58 0.2 0.2 0.547694206238 0.135173797607 0.477549701929 0.207203534196 0.424 0.224565617063 0.566500773109
* 31 3.02604293823 0.562877008003 0.180304987639 0.6 0.2 0.2 0.562200069427 0.143241882324 0.49834600091 0.207944584372 0.423 0.231589793514 0.574505694578
* 32 3.1264770031 0.579154577136 0.19192569085 0.62 0.2 0.2 0.580479621887 0.155188560486 0.523285269737 0.208329790733 0.42 0.229729679006 0.567214392134
* 33 3.22690296173 0.595196492294 0.203869599677 0.64 0.2 0.2 0.598069190979 0.165273189545 0.543954253197 0.209059146397 0.412 0.23028705962 0.578197863164
* 34 3.3273100853 0.610996336924 0.216131936717 0.66 0.2 0.2 0.614915370941 0.176036834717 0.561937987804 0.208584873383 0.407 0.231193891181 0.5908212302
* 35 3.42772698402 0.626547791299 0.228707797197 0.68 0.2 0.2 0.630560874939 0.188635826111 0.576701164246 0.208751366855 0.408 0.231869527814 0.598720837233
* 36 3.52813911438 0.641844635044 0.241592150942 0.7 0.2 0.2 0.645647525787 0.198796749115 0.592739224434 0.207898671041 0.409 0.235825635795 0.61682196131
* 37 3.62855291367 0.656880749627 0.254779844381 0.72 0.2 0.2 0.660186767578 0.210548400879 0.610753893852 0.207758815491 0.408 0.239176656044 0.623428430961
* 38 3.72899508476 0.671650120802 0.268265602614 0.74 0.2 0.2 0.675380706787 0.225865364075 0.630854189396 0.209668616999 0.41 0.238000898591 0.613101239358
* 39 3.82940602303 0.686146841017 0.282044031516 0.76 0.2 0.2 0.690052986145 0.237435340881 0.650913357735 0.21173814785 0.41 0.24143182733 0.621484202301
* 40 3.92983794212 0.700365111777 0.2961096199 0.78 0.2 0.2 0.705851554871 0.251947879791 0.669648885727 0.212422043074 0.409 0.239958367198 0.624791178076
* 41 4.03027200699 0.714299245964 0.310456741718 0.8 0.2 0.2 0.722583770752 0.26652765274 0.68706458807 0.21289342483 0.405 0.236957422169 0.636515483882
* 42 4.1307489872 0.72794367011 0.325079658313 0.82 0.2 0.2 0.736748695374 0.28030872345 0.704884529114 0.21248534254 0.407 0.238412281833 0.643939007057
* 43 4.23137903214 0.741292926626 0.339972520712 0.84 0.2 0.2 0.74769449234 0.295126438141 0.7267588377 0.215353367362 0.418 0.243285939953 0.628370644519
* 44 4.33189201355 0.75434167599 0.35512937197 0.86 0.2 0.2 0.762439727783 0.307984352112 0.754518985748 0.217477094562 0.42 0.245909164685 0.627313370151
* 45 4.43228793144 0.767084698874 0.370544149548 0.88 0.2 0.2 0.776734828949 0.323607444763 0.782950341702 0.217366393287 0.416 0.245859393845 0.613375999118
* 46 4.53299808502 0.779516898239 0.38621068774 0.9 0.2 0.2 0.789799690247 0.343337059021 0.805458605289 0.225858145067 0.41 0.241501208159 0.591147568241
* 47 4.63377308846 0.791633301372 0.402122720141 0.92 0.2 0.2 0.805112361908 0.359220981598 0.822756886482 0.225507693344 0.405 0.238750166892 0.607630724813
* 48 4.7344379425 0.803429061873 0.418273882149 0.94 0.2 0.2 0.816212177277 0.373217105865 0.841583311558 0.230349505884 0.4 0.243719733344 0.6126650162
* 49 4.83503699303 0.814899461594 0.434657713515 0.96 0.2 0.2 0.829121112823 0.391133785248 0.864727199078 0.228809445477 0.408 0.241658272628 0.60411757815
* 50 4.93560910225 0.826039912529 0.451267660925 0.98 0.2 0.2 0.842075824738 0.408224582672 0.890527248383 0.237784820965 0.407 0.240847257047 0.596655621657
* 51 5.03671908379 0.836845958647 0.468097080621 1.0 0.2 0.2 0.852166652679 0.426362037659 0.920028150082 0.243221742957 0.409 0.241985701839 0.567319167992
* 52 5.1372859478 0.847313277672 0.48513924106 1.02 0.2 0.2 0.868637561798 0.448069095612 0.944337069988 0.248502464668 0.406 0.230658641567 0.568858294392
* 53 5.23784899712 0.857437682816 0.502387325605 1.04 0.2 0.2 0.878237724304 0.46671962738 0.960132777691 0.249943007934 0.402 0.230175657223 0.567256562206
* 54 5.33873510361 0.867215124454 0.519834435252 1.06 0.2 0.2 0.885778903961 0.483972072601 0.978559076786 0.251639717202 0.407 0.233887772203 0.557629802286
* 55 5.43931508064 0.876641691737 0.53747359139 1.08 0.2 0.2 0.89607667923 0.50257730484 0.999390304089 0.2538267092 0.411 0.23292101441 0.554941152947
* 56 5.53977203369 0.885713614166 0.555297738591 1.1 0.2 0.2 0.90399980545 0.51868724823 1.02426946163 0.2598607497 0.406 0.238220907901 0.542827020693
* 57 5.64020204544 0.894427263091 0.573299747435 1.12 0.2 0.2 0.913786411285 0.541557312012 1.04835581779 0.266255775191 0.403 0.231286386416 0.523343821939
* 58 5.74080991745 0.90277915317 0.591472417357 1.14 0.2 0.2 0.923073291779 0.559869289398 1.06842756271 0.272500588191 0.397 0.231427679102 0.525541621813
* 59 5.84120297432 0.910765943758 0.609808479532 1.16 0.2 0.2 0.93013381958 0.580082893372 1.08912014961 0.276144849817 0.395 0.230447340716 0.511895683982
* 60 5.94164395332 0.918384440246 0.62830059978 1.18 0.2 0.2 0.939256191254 0.600292205811 1.10964643955 0.28214811883 0.393 0.227647311912 0.512275703307
* 61 6.04206395149 0.925631595335 0.6469413815 1.2 0.2 0.2 0.946707725525 0.617391109467 1.13055956364 0.28668631128 0.391 0.231144691777 0.51367792328
* 62 6.14249992371 0.932504510262 0.665723368626 1.22 0.2 0.2 0.952237606049 0.638731479645 1.16022312641 0.30037670602 0.391 0.2297042235 0.479702701848
* 63 6.24303507805 0.93900043595 0.684639048615 1.24 0.2 0.2 0.961622714996 0.661315917969 1.18421053886 0.308795216841 0.383 0.222980231382 0.477876876353
* 64 6.34352898598 0.945116774118 0.703680855447 1.26 0.2 0.2 0.96732378006 0.680464267731 1.19925940037 0.317183387628 0.377 0.223809207594 0.482943988363
* 65 6.44410610199 0.950851078311 0.722841172653 1.28 0.2 0.2 0.971422672272 0.702133178711 1.21894979477 0.322704612785 0.379 0.221630769534 0.467460024484
* 66 6.54464912415 0.956201054883 0.742112336361 1.3 0.2 0.2 0.977320194244 0.722016334534 1.23896288872 0.334050316556 0.378 0.221220809858 0.46783188744
* 67 6.64509296417 0.961164563916 0.761486638363 1.32 0.2 0.2 0.979908466339 0.739864349365 1.26199269295 0.346727406715 0.379 0.226215838967 0.449922935598
* 68 6.74554204941 0.965739620072 0.780956329197 1.34 0.2 0.2 0.984795093536 0.761085510254 1.29085946083 0.372564610416 0.378 0.224403496561 0.430376378958
* 69 6.84627795219 0.96992439339 0.800513621246 1.36 0.2 0.2 0.990333557129 0.783289432526 1.30835521221 0.385091956968 0.366 0.219936743538 0.437088532437
* 70 6.94689512253 0.973717210016 0.820150691854 1.38 0.2 0.2 0.993196964264 0.808150291443 1.3241328001 0.400891229776 0.364 0.211947399355 0.430459447248
* 71 7.04749107361 0.977116552874 0.839859686453 1.4 0.2 0.2 0.997856616974 0.828050136566 1.3388043642 0.409991311052 0.367 0.211606905578 0.446429258477
* 72 7.14806699753 0.980121062272 0.85963272171 1.42 0.2 0.2 1.00042963028 0.848031520844 1.35706877708 0.429000996657 0.371 0.212128821148 0.4459664966
* 73 7.24860191345 0.982729536447 0.879461888674 1.44 0.2 0.2 1.00211954117 0.868546009064 1.38128614426 0.464290196543 0.38 0.212247959027 0.431204582246
* 74 7.34914112091 0.984940932044 0.899339255942 1.46 0.2 0.2 1.01260614395 0.888700962067 1.40028727055 0.501447197172 0.384 0.209958924606 0.480804294354
* 75 7.44973802567 0.986754364533 0.919256872833 1.48 0.2 0.2 1.02840852737 0.910406589508 1.42608249187 0.563221826387 0.391 0.204610520436 0.551034315394
* 76 7.55020499229 0.988169108566 0.939206772565 1.5 0.2 0.2 1.06711959839 0.931213855743 1.45860755444 0.697165649982 0.406 0.198232085829 0.749842272392
* 77 7.65072107315 0.989184598265 0.959180975445 1.52 0.2 0.2 1.12838125229 0.951849937439 1.50470304489 1.07805910123 0.457 0.196630177651 1.0
* 78 7.75131297112 0.989800427446 0.979171492057 1.54 0.2 0.2 1.21235322952 0.982830047607 1.55133426189 3.31120498834 0.521 0.18575340658 1.0
* 79 7.85190391541 0.990016349788 0.999170326461 1.56 0.2 0.2 1.29919481277 1.01101922989 1.59138321877 -2.63491988844 0.607 0.190134645698 1.0
* 80 7.95254397392 0.989832278922 1.01916947939 1.58 0.2 0.2 1.36715364456 1.03764867783 1.63889622688 -0.701191957577 0.653 0.212551418463 1.0
* 81 8.05297398567 0.989248288476 1.03916095145 1.6 0.2 0.2 1.40552043915 1.05940675735 1.69602549076 -0.321250181913 0.693 0.255925058063 1.0
* 82 8.15342211723 0.988264612038 1.05913674632 1.62 0.2 0.2 1.41531991959 1.07529687881 1.75225973129 -0.200898557096 0.689 0.307248751444 1.0
* 83 8.25395298004 0.986881643065 1.07908887395 1.64 0.2 0.2 1.41443300247 1.09290981293 1.7980222702 -0.148839757265 0.624 0.345122857639 1.0
* 84 8.35446000099 0.985099934726 1.09900935375 1.66 0.2 0.2 1.41053438187 1.11337280273 1.83664631844 -0.124068532876 0.576 0.371341935651 1.0
* 85 8.45499897003 0.982920199681 1.11889021779 1.68 0.2 0.2 1.40499019623 1.13267946243 1.85720825195 -0.109090050151 0.475 0.385748550462 1.0
* 86 8.55657505989 0.980343309795 1.138723514 1.7 0.2 0.2 1.3945851326 1.15259027481 1.87015509605 -0.0985008418238 0.39 0.391160309503 1.0
* 87 8.65704298019 0.97737029579 1.15850130932 1.72 0.2 0.2 1.38512945175 1.1805639267 1.88800680637 -0.0882571082838 0.349 0.386443969753 1.0
* 88 8.75760293007 0.974002346831 1.1782156929 1.74 0.2 0.2 1.37682342529 1.20613622665 1.89217090607 -0.0777057310559 0.304 0.377190846105 1.0
* 89 8.8582971096 0.970240810053 1.19785877924 1.76 0.2 0.2 1.36681127548 1.22930574417 1.90387248993 -0.0687836708172 0.291 0.375996450406 1.0
* 90 8.95963692665 0.966087190021 1.21742271138 1.78 0.2 0.2 1.35556554794 1.25165224075 1.91502785683 -0.0581475881224 0.287 0.374953139761 1.0
* 91 9.06017804146 0.961543148127 1.23689966399 1.8 0.2 0.2 1.34721517563 1.27473068237 1.9284465313 -0.0491018796342 0.283 0.375766579754 1.0
* 92 9.16103291512 0.956610501928 1.25628184657 1.82 0.2 0.2 1.3347196579 1.2973241806 1.94146096706 -0.0374499372781 0.28 0.374395478669 1.0
* 93 9.26163911819 0.951291224416 1.27556150649 1.84 0.2 0.2 1.32577371597 1.31546783447 1.95498764515 -0.0301462323486 0.278 0.382838394128 1.0
* 94 9.36224794388 0.945587443231 1.29473093215 1.86 0.2 0.2 1.31657791138 1.33453607559 1.97507977486 -0.0200761918584 0.274 0.393480473061 1.0
* 95 9.46328806877 0.93950143981 1.31378245604 1.88 0.2 0.2 1.30409383774 1.35846185684 1.99077856541 -0.0138032347197 0.261 0.390953439998 1.0
* 96 9.56372690201 0.933035648472 1.33270845779 1.9 0.2 0.2 1.29275035858 1.37789201736 1.99553537369 -0.00717299818025 0.249 0.389841371963 1.0
* 97 9.66448712349 0.926192655449 1.35150136727 1.92 0.2 0.2 1.28041505814 1.39712429047 2.0042681694 -0.00208785506937 0.243 0.390604999898 1.0
* 98 9.76501202583 0.918975197846 1.37015366755 1.94 0.2 0.2 1.2666311264 1.42211532593 2.01751208305 0.00494257603768 0.238 0.383495101642 1.0
* 99 9.86556601524 0.911386162551 1.38865789796 1.96 0.2 0.2 1.25530004501 1.43773555756 2.02510285378 0.00909457154955 0.236 0.389901968424 1.0
* 100 9.9663040638 0.903428585075 1.40700665707 1.98 0.2 0.2 1.241355896 1.46059036255 2.03572869301 0.0156935254228 0.248 0.384304081201 1.0
* 101 10.066824913 0.895105648344 1.42519260561 2.0 0.2 0.2 1.23005723953 1.48071813583 2.05010581017 0.0202198947508 0.244 0.387182075903 1.0
* 102 10.1675441265 0.886420681422 1.44320846944 2.02 0.2 0.2 1.22078752518 1.4990272522 2.0664293766 0.0259413898664 0.247 0.395625600181 1.0
* 103 10.2681219578 0.877377158179 1.46104704246 2.04 0.2 0.2 1.2032995224 1.51987457275 2.08261108398 0.0295738797575 0.245 0.392836579909 1.0
* 104 10.3687169552 0.867978695904 1.47870118947 2.06 0.2 0.2 1.1895980835 1.54078960419 2.08845090866 0.034585417355 0.236 0.38734781961 1.0
* 105 10.4692881107 0.858229053857 1.49616384906 2.08 0.2 0.2 1.17813873291 1.55868768692 2.09913492203 0.037813785418 0.237 0.391080695213 1.0
* 106 10.5699429512 0.848132131765 1.5134280364 2.1 0.2 0.2 1.16408443451 1.58114004135 2.11885762215 0.0426921178258 0.24 0.390296582591 1.0
* 107 10.670511961 0.837691968262 1.53048684603 2.12 0.2 0.2 1.15099859238 1.60091304779 2.1274895668 0.0456238660522 0.239 0.388413109218 1.0
* 108 10.7710831165 0.826912739274 1.54733345466 2.14 0.2 0.2 1.13691186905 1.61861896515 2.13739538193 0.0507604123886 0.246 0.389305218487 1.0
* 109 10.8716349602 0.815798756349 1.56396112387 2.16 0.2 0.2 1.12346935272 1.64025783539 2.15456151962 0.0532432439347 0.247 0.388708049312 1.0
* 110 10.9722309113 0.804354464932 1.58036320283 2.18 0.2 0.2 1.10842180252 1.65687942505 2.16802310944 0.0565006199694 0.246 0.391911533578 1.0
* 111 11.0726649761 0.792584442587 1.5965331309 2.2 0.2 0.2 1.09058380127 1.67640590668 2.18140816689 0.0599636250055 0.25 0.387797741687 1.0
* 112 11.173197031 0.780493397166 1.61246444035 2.22 0.2 0.2 1.0771446228 1.69701004028 2.18944835663 0.0645130707767 0.245 0.383710928556 1.0
* 113 11.2736179829 0.768086164926 1.62815075885 2.24 0.2 0.2 1.06499099731 1.71379566193 2.20251107216 0.0666211250661 0.246 0.389099738241 1.0
* 114 11.3742640018 0.755367708594 1.64358581209 2.26 0.2 0.2 1.04620742798 1.73241519928 2.22362947464 0.0695031462071 0.249 0.388912409164 1.0
* 115 11.4747850895 0.742343115383 1.65876342625 2.28 0.2 0.2 1.0289349556 1.7515001297 2.23489379883 0.0718416405977 0.244 0.384401931542 1.0
* 116 11.575275898 0.729017594958 1.6736775305 2.3 0.2 0.2 1.01587724686 1.76855373383 2.24221467972 0.0759519283638 0.243 0.385268134118 1.0
* 117 11.6756930351 0.715396477348 1.68832215938 2.32 0.2 0.2 0.997141838074 1.78798961639 2.25683903694 0.0778255832134 0.248 0.380195445919 1.0
* 118 11.7762839794 0.701485210818 1.70269145524 2.34 0.2 0.2 0.982666015625 1.80362033844 2.26936244965 0.0809081267053 0.25 0.383986261164 1.0
* 119 11.8768501282 0.687289359691 1.71677967055 2.36 0.2 0.2 0.964525699615 1.82108974457 2.2831428051 0.0827052469908 0.253 0.381604343443 1.0
* 120 11.9774000645 0.672814602117 1.73058117023 2.38 0.2 0.2 0.94572687149 1.83940219879 2.29446911812 0.085669658362 0.253 0.375937785777 1.0
* 121 12.0779531002 0.658066727806 1.74409043384 2.4 0.2 0.2 0.931461334229 1.85604476929 2.30890130997 0.0866182126266 0.254 0.379381114644 1.0
* 122 12.1785640717 0.643051635712 1.75730205786 2.42 0.2 0.2 0.9135389328 1.87332439423 2.32915735245 0.0892019887136 0.262 0.380541655215 1.0
* 123 12.2790870667 0.62777533167 1.77021075783 2.44 0.2 0.2 0.893253803253 1.88807201385 2.34172987938 0.0904897391233 0.26 0.378004479394 1.0
* 124 12.3797690868 0.612243926 1.78281137043 2.46 0.2 0.2 0.879355430603 1.90416049957 2.35256195068 0.0942537446377 0.262 0.380705303287 1.0
* 125 12.4801959991 0.596463631055 1.79509885559 2.48 0.2 0.2 0.861173152924 1.9200592041 2.36948013306 0.0957418897855 0.266 0.381348040265 1.0
* 126 12.5806999207 0.580440758744 1.80706829847 2.5 0.2 0.2 0.843605041504 1.93120574951 2.38294625282 0.0981167698652 0.263 0.38677213756 1.0
* 127 12.6812660694 0.564181718002 1.81871491146 2.52 0.2 0.2 0.824399471283 1.94881534576 2.40071129799 0.0995907340616 0.265 0.384226889093 1.0
* 128 12.7818160057 0.547693012228 1.83003403607 2.54 0.2 0.2 0.80289888382 1.96511459351 2.41041445732 0.103996211734 0.259 0.376086375728 1.0
* 129 12.8824350834 0.530981236686 1.8410211448 2.56 0.2 0.2 0.787825584412 1.97806549072 2.42385745049 0.104920836481 0.259 0.382284266391 1.0
* 130 12.9830770493 0.514053075862 1.85167184295 2.58 0.2 0.2 0.766663551331 1.99150276184 2.4429962635 0.107173363196 0.267 0.382537463794 1.0
* 131 13.0838160515 0.496915300794 1.86198187038 2.6 0.2 0.2 0.748039245605 2.00699710846 2.45724439621 0.108503923532 0.264 0.38130918569 1.0
* 132 13.1858820915 0.479574766365 1.87194710323 2.62 0.2 0.2 0.729026794434 2.01930332184 2.46798729897 0.111119002171 0.259 0.38128586976 1.0
* 133 13.2868211269 0.462038408557 1.88156355553 2.64 0.2 0.2 0.707533359528 2.03284358978 2.4808306694 0.113271446498 0.26 0.377388113274 1.0
* 134 13.3875041008 0.44431324168 1.89082738083 2.66 0.2 0.2 0.687829017639 2.04400253296 2.49392580986 0.114749683396 0.262 0.378601520476 1.0
* 135 13.4884850979 0.426406355563 1.89973487372 2.68 0.2 0.2 0.665678501129 2.05968952179 2.50904560089 0.11660720245 0.264 0.372426322897 1.0
* 136 13.5889339447 0.408324912723 1.90828247132 2.7 0.2 0.2 0.644671440125 2.06928157806 2.51856994629 0.118369159519 0.266 0.371321680805 1.0
* 137 13.6898701191 0.390076145495 1.91646675472 2.72 0.2 0.2 0.627237796783 2.07917118073 2.53114438057 0.120052367084 0.277 0.376501542632 1.0
* 138 13.7903261185 0.371667353143 1.9242844503 2.74 0.2 0.2 0.606574058533 2.09018039703 2.55140042305 0.121387726627 0.282 0.379688898214 1.0
* 139 13.8908879757 0.353105898939 1.93173243108 2.76 0.2 0.2 0.584122657776 2.10497570038 2.56617379189 0.123369565353 0.278 0.373600636479 1.0
* 140 13.9914009571 0.334399207216 1.93880771799 2.78 0.2 0.2 0.565702915192 2.11362743378 2.57782649994 0.124849663253 0.276 0.377818919236 1.0
* 141 14.0918540955 0.315554760403 1.94550748099 2.8 0.2 0.2 0.543568611145 2.12325000763 2.58632898331 0.127740122405 0.279 0.373722406304 1.0
* 142 14.1923959255 0.296580096026 1.95182904028 2.82 0.2 0.2 0.523590087891 2.13499259949 2.60279870033 0.129359686367 0.277 0.375015167498 1.0
* 143 14.2929561138 0.277482803699 1.9577698673 2.84 0.2 0.2 0.50168132782 2.14579486847 2.61786055565 0.131099493363 0.281 0.373454495048 1.0
* 144 14.3934950829 0.258270522083 1.96332758582 2.86 0.2 0.2 0.477425575256 2.15717124939 2.63010025024 0.132449909321 0.282 0.366178756046 1.0
* 145 14.4939289093 0.238950935835 1.96849997281 2.88 0.2 0.2 0.461447715759 2.16658592224 2.64201831818 0.134552509521 0.287 0.37326428243 1.0
* 146 14.5945079327 0.219531772532 1.9732849594 2.9 0.2 0.2 0.43775844574 2.17255496979 2.65823316574 0.135572348191 0.293 0.373446244346 1.0
* 147 14.6950230598 0.20002079958 1.97768063164 2.92 0.2 0.2 0.414160728455 2.18328762054 2.67375063896 0.136683073415 0.287 0.369299482033 1.0
* 148 14.7954130173 0.180425821109 1.98168523134 2.94 0.2 0.2 0.395519256592 2.19203662872 2.68591928482 0.13818008075 0.285 0.37277657215 1.0
* 149 14.8959999084 0.160754674848 1.9852971567 2.96 0.2 0.2 0.37366771698 2.20125389099 2.69740343094 0.140122340803 0.287 0.370331695475 1.0
* 150 14.9965720177 0.141015228994 1.98851496299 2.98 0.2 0.2 0.353141784668 2.20967292786 2.71105647087 0.141271076139 0.284 0.371809619313 1.0
* 151 15.0971119404 0.121215379062 1.99133736316 3.0 0.2 0.2 0.333273887634 2.21708869934 2.72625565529 0.142684268867 0.284 0.375958085749 1.0
* 152 15.1976749897 0.101363044728 1.99376322826 3.02 0.2 0.2 0.307536125183 2.22295284271 2.7407643795 0.144600654775 0.283 0.371145034378 1.0
* 153 15.2982280254 0.0814661666609 1.99579158798 3.04 0.2 0.2 0.286922454834 2.23424625397 2.7514257431 0.147146863637 0.278 0.368688511632 1.0
* 154 15.3988409042 0.0615327033466 1.99742163102 3.06 0.2 0.2 0.26850605011 2.23767948151 2.76528954506 0.147603385701 0.28 0.37702919329 1.0
* 155 15.4995400906 0.0415706279047 1.99865270537 3.08 0.2 0.2 0.244756221771 2.24581241608 2.78204965591 0.149492945859 0.284 0.375113418323 1.0
* 156 15.600135088 0.0215879248992 1.99948431862 3.1 0.2 0.2 0.224021911621 2.25281715393 2.79632663727 0.150575032395 0.276 0.377476256827 1.0
* 157 15.7005999088 0.00159258714498 1.99991613813 3.12 0.2 0.2 0.202637672424 2.25790309906 2.80851078033 0.153365002529 0.278 0.378601400152 1.0
* 158 15.8013710976 -0.0184073874896 1.99994799119 3.14 0.2 0.2 0.180114746094 2.26236343384 2.82117915154 0.155211098771 0.277 0.378366859602 1.0
* 159 15.9019780159 -0.0384039992812 1.99957986505 3.16 0.2 0.2 0.161028862 2.26799488068 2.83585834503 0.157174407288 0.271 0.384489107492 1.0
* 160 16.0025820732 -0.0583892498519 1.99881190696 3.18 0.2 0.2 0.137271881104 2.27194786072 2.86168885231 0.157369146288 0.269 0.390551121733 1.0
* 161 16.1031680107 -0.0783551453678 1.99764442409 3.2 0.2 0.2 0.112718105316 2.27862930298 2.87328600883 0.161404418377 0.262 0.384956822566 1.0
* 162 16.2037670612 -0.0982936997369 1.99607788342 3.22 0.2 0.2 0.0911545753479 2.28300571442 2.88048577309 0.163368023194 0.255 0.382709344637 1.0
* 163 16.3058130741 -0.118196937803 1.99411291155 3.24 0.2 0.2 0.0661811828613 2.28672122955 2.89723491669 0.1650805735 0.254 0.380982140653 1.0
* 164 16.4068551064 -0.138056898537 1.99175029443 3.26 0.2 0.2 0.0442032814026 2.2905664444 2.9087998867 0.16699554257 0.257 0.380941378599 1.0
* 165 16.5103900433 -0.157865638219 1.98899097708 3.28 0.2 0.2 0.0206069946289 2.29318714142 2.921261549 0.168024038289 0.26 0.379111304017 1.0
* 166 16.6109941006 -0.177615233617 1.9858360632 3.3 0.2 0.2 -0.0231370925903 2.30049991608 2.94533991814 0.170033711341 0.266 0.348180348914 1.0
* 167 16.7114160061 -0.197297785157 1.9822868147 3.32 0.2 0.2 -0.0459537506104 2.30269432068 2.96459579468 0.170780199148 0.269 0.352421202504 1.0
* 168 16.8120219707 -0.21690542008 1.97834465124 3.34 0.2 0.2 -0.0704946517944 2.30446052551 2.98172187805 0.168237689092 0.303 0.352336289109 1.0
* 169 16.9125890732 -0.236430295593 1.97401114964 3.36 0.2 0.2 -0.0900421142578 2.30503368378 2.99952340126 0.167176185838 0.314 0.36182792281 1.0
* 170 17.0131969452 -0.255864602008 1.96928804322 3.38 0.2 0.2 -0.0900421142578 2.30503368378 2.99952340126 0.167724808232 0.322 0.393465154432 1.0
* 171 17.113795042 -0.275200565859 1.96417722118 3.4 0.2 0.2 -0.134058952332 2.3063287735 3.03965425491 0.171120745786 0.317 0.375284691248 1.0
* 172 17.2144610882 -0.29443045302 1.95868072778 3.42 0.2 0.2 -0.156799793243 2.30854797363 3.05381298065 0.176190669671 0.286 0.37636270299 1.0
* 173 17.3150570393 -0.313546571793 1.95280076153 3.44 0.2 0.2 -0.184390068054 2.30737495422 3.06856942177 0.178317746857 0.288 0.369774042237 1.0
* 174 17.4161949158 -0.332541275984 1.94653967435 3.46 0.2 0.2 -0.204916954041 2.30966377258 3.07907128334 0.179953900717 0.285 0.372182699672 1.0
* 175 17.5167570114 -0.351406967965 1.93989997058 3.48 0.2 0.2 -0.224260807037 2.30711555481 3.09889888763 0.179773649684 0.286 0.384054620046 1.0
* 176 17.6181769371 -0.37013610171 1.93288430603 3.5 0.2 0.2 -0.25031709671 2.30379772186 3.11853718758 0.18162891346 0.28 0.383812279497 1.0
* 177 17.7189030647 -0.388721185817 1.92549548686 3.52 0.2 0.2 -0.274157524109 2.30878162384 3.1287484169 0.18446815647 0.272 0.380214950297 1.0
* 178 17.8197119236 -0.407154786499 1.9177364685 3.54 0.2 0.2 -0.299431800842 2.3050699234 3.14083766937 0.18724232247 0.264 0.375684685292 1.0
* 179 17.9210779667 -0.425429530562 1.90961035445 3.56 0.2 0.2 -0.324818611145 2.30150318146 3.15087563196 0.187583339929 0.263 0.369224658467 1.0
* 180 18.0214910507 -0.443538108352 1.90112039507 3.58 0.2 0.2 -0.343930244446 2.29978656769 3.16752368609 0.189133108631 0.27 0.379052999439 1.0
* 181 18.1224029064 -0.461473276678 1.8922699862 3.6 0.2 0.2 -0.366461277008 2.29952907562 3.18613082567 0.18878228169 0.277 0.384534418258 1.0
* 182 18.2228279114 -0.479227861714 1.8830626679 3.62 0.2 0.2 -0.390292167664 2.29704093933 3.1964088122 0.191595856783 0.272 0.380952080288 1.0
* 183 18.3242890835 -0.496794761861 1.87350212298 3.64 0.2 0.2 -0.416261196136 2.29098987579 3.20795756975 0.193756187593 0.263 0.374120124998 1.0
* 184 18.4250359535 -0.514166950594 1.86359217552 3.66 0.2 0.2 -0.429425239563 2.2861032486 3.22406584421 0.196423427919 0.266 0.393778941328 1.0
* 185 18.5257229805 -0.531337479269 1.85333678937 3.68 0.2 0.2 -0.460164546967 2.28198242188 3.23988849321 0.196974160892 0.268 0.382085245906 1.0
* 186 18.6264619827 -0.548299479903 1.84274006656 3.7 0.2 0.2 -0.484391689301 2.28228855133 3.24920922915 0.201254658572 0.254 0.377341304183 1.0
* 187 18.7269799709 -0.565046167923 1.83180624561 3.72 0.2 0.2 -0.509473800659 2.27664279938 3.25692159334 0.202345135149 0.26 0.368493442857 1.0
* 188 18.8275339603 -0.581570844875 1.82053969993 3.74 0.2 0.2 -0.532000541687 2.27222824097 3.27414685885 0.203460447712 0.267 0.372594677739 1.0
* 189 18.927959919 -0.597866901111 1.80894493598 3.76 0.2 0.2 -0.553005218506 2.26411533356 3.29493791262 0.204359219025 0.281 0.381621807163 1.0
* 190 19.0287899971 -0.613927818425 1.7970265915 3.78 0.2 0.2 -0.57270860672 2.2634601593 3.30570632616 0.204518679693 0.279 0.386149198479 1.0
* 191 19.1292190552 -0.629747172663 1.78478943368 3.8 0.2 0.2 -0.596578121185 2.25539684296 3.31909066836 0.208719454745 0.268 0.383530434371 1.0
* 192 19.2300820351 -0.645318636295 1.77223835722 3.82 0.2 0.2 -0.620645999908 2.24907398224 3.33255416552 0.210348386664 0.265 0.38111726679 1.0
* 193 19.3306729794 -0.660635980944 1.75937838238 3.84 0.2 0.2 -0.64381313324 2.24533462524 3.35005647341 0.21396399816 0.264 0.384983838072 1.0
* 194 19.4310801029 -0.675693079875 1.74621465298 3.86 0.2 0.2 -0.666595935822 2.23386573792 3.36402565638 0.214951692159 0.265 0.383379115009 1.0
* 195 19.5316610336 -0.69048391045 1.73275243433 3.88 0.2 0.2 -0.691430568695 2.22809886932 3.37413055102 0.218410133707 0.265 0.376691458156 1.0
* 196 19.6322081089 -0.705002556534 1.71899711115 3.9 0.2 0.2 -0.711290359497 2.22050571442 3.38507348696 0.219355215874 0.263 0.378607589277 1.0
* 197 19.7331149578 -0.719243210862 1.70495418537 3.92 0.2 0.2 -0.730416297913 2.21018505096 3.40600830713 0.221565209419 0.272 0.390195820215 1.0
* 198 19.8335061073 -0.733200177363 1.69062927399 3.94 0.2 0.2 -0.754066467285 2.208360672 3.41715485254 0.221231069735 0.27 0.388489060785 1.0
* 199 19.9341759682 -0.746867873434 1.67602810677 3.96 0.2 0.2 -0.773940086365 2.19896793365 3.42390281359 0.225598017477 0.257 0.385169250105 1.0
* 200 20.0350251198 -0.760240832181 1.661156524 3.98 0.2 0.2 -0.794266223907 2.1899394989 3.43547469774 0.226366103466 0.254 0.385956439824 1.0
* 201 20.1355900764 -0.773313704599 1.64602047409 4.0 0.2 0.2 -0.816904067993 2.18160915375 3.45009142557 0.229345030064 0.254 0.386254321401 1.0
* 202 20.2361109257 -0.786081261711 1.63062601127 4.02 0.2 0.2 -0.837681770325 2.17316246033 3.45958620707 0.230071908553 0.254 0.384307914761 1.0
* 203 20.3366379738 -0.798538396667 1.61497929313 4.04 0.2 0.2 -0.857927799225 2.16389560699 3.47172290484 0.233828393307 0.256 0.385499817309 1.0
* 204 20.4371860027 -0.810680126778 1.59908657813 4.06 0.2 0.2 -0.877007007599 2.14867115021 3.48211723963 0.234364338011 0.258 0.383166439176 1.0
* 205 20.5381140709 -0.822501595514 1.58295422316 4.08 0.2 0.2 -0.897161483765 2.14135837555 3.50004202524 0.237804476072 0.258 0.391764693312 1.0
* 206 20.6389000416 -0.833998074444 1.56658868094 4.1 0.2 0.2 -0.921478271484 2.13230419159 3.51210362116 0.237430185249 0.256 0.386098078966 1.0
* 207 20.7393050194 -0.845164965132 1.54999649747 4.12 0.2 0.2 -0.937739372253 2.12221813202 3.51752406756 0.24104032836 0.247 0.385671966909 1.0
* 208 20.8398160934 -0.855997800968 1.5331843094 4.14 0.2 0.2 -0.957392215729 2.11008071899 3.52775365511 0.241644029028 0.249 0.383445124597 1.0
* 209 20.9402229786 -0.866492248964 1.51615884138 4.16 0.2 0.2 -0.979893684387 2.10116672516 3.54462749163 0.245066658705 0.254 0.386257212682 1.0
* 210 21.0412869453 -0.876644111481 1.49892690337 4.18 0.2 0.2 -0.999439239502 2.09133625031 3.55803877512 0.244640289078 0.253 0.389422017408 1.0
* 211 21.1421179771 -0.886449327908 1.48149538792 4.2 0.2 0.2 -1.01934576035 2.07611465454 3.56800753275 0.248014696033 0.253 0.383981137135 1.0
* 212 21.2425451279 -0.895903976289 1.46387126741 4.22 0.2 0.2 -1.04149103165 2.07094573975 3.58601385752 0.250616679978 0.253 0.391966233577 1.0
* 213 21.3433721066 -0.905004274892 1.44606159124 4.24 0.2 0.2 -1.05943536758 2.05893993378 3.60194999376 0.254383911971 0.253 0.399270177648 1.0
* 214 21.4439690113 -0.913746583718 1.42807348304 4.26 0.2 0.2 -1.08591079712 2.04747104645 3.61803394953 0.257048252817 0.249 0.393722227126 1.0
* 215 21.5445380211 -0.922127405961 1.40991413783 4.28 0.2 0.2 -1.10618209839 2.03289890289 3.62412959734 0.261795144147 0.237 0.383072190774 1.0
* 216 21.6454639435 -0.930143389402 1.3915908191 4.3 0.2 0.2 -1.1190829277 2.01911258698 3.63931733767 0.26216956746 0.234 0.395912918777 1.0
* 217 21.7458879948 -0.937791327756 1.37311085592 4.32 0.2 0.2 -1.14566850662 2.0086555481 3.65075213114 0.264238991595 0.242 0.385417971426 1.0
* 218 21.8465559483 -0.94506816195 1.35448164005 4.34 0.2 0.2 -1.16521120071 1.99566745758 3.66410261789 0.266810046764 0.236 0.386256536086 1.0
* 219 21.9471240044 -0.951970981346 1.33571062291 4.36 0.2 0.2 -1.18442487717 1.98124790192 3.67143565813 0.268274284657 0.243 0.378339430434 1.0
* 220 22.0477011204 -0.958497024909 1.31680531266 4.38 0.2 0.2 -1.20747518539 1.97703361511 3.68651253382 0.270033131338 0.25 0.38419516815 1.0
* 221 22.1482059956 -0.964643682309 1.29777327119 4.4 0.2 0.2 -1.22699165344 1.96350383759 3.69991046587 0.271450834555 0.257 0.384874854672 1.0
* 222 22.2487950325 -0.970408494964 1.27862211104 4.42 0.2 0.2 -1.24560117722 1.94670677185 3.72029120127 0.276647205522 0.26 0.393558863458 1.0
* 223 22.349832058 -0.975789157026 1.25935949243 4.44 0.2 0.2 -1.26428127289 1.93065929413 3.73233420054 0.279126262652 0.259 0.391252653054 1.0
* 224 22.4506089687 -0.980783516303 1.23999312014 4.46 0.2 0.2 -1.28496646881 1.91228866577 3.7465587298 0.284636368061 0.249 0.386691117419 1.0
* 225 22.5513300896 -0.985389575116 1.22053074048 4.48 0.2 0.2 -1.30211830139 1.90383625031 3.76039439837 0.287580996393 0.25 0.396924962889 1.0
* 226 22.6521661282 -0.989605491105 1.20098013813 4.5 0.2 0.2 -1.32230806351 1.88620471954 3.77543646494 0.291004774458 0.253 0.395174662225 1.0
* 227 22.7531030178 -0.993429577958 1.18134913306 4.52 0.2 0.2 -1.3382153511 1.87351894379 3.81023794809 0.302812339505 0.248 0.434193077807 1.0
* 228 22.8538439274 -0.996860306093 1.16164557743 4.54 0.2 0.2 -1.33543348312 1.85245323181 3.86545092264 0.324013594202 0.239 0.5 1.0
* 229 22.9546070099 -0.999896303263 1.14187735239 4.56 0.2 0.2 -1.33482551575 1.83541679382 3.95209819475 0.363995519515 0.209 0.5 1.0
* 230 23.0553739071 -1.00253635511 1.12205236497 4.58 0.2 0.2 -1.32464838028 1.80610942841 4.05284887949 0.430701023461 0.158 0.5 1.0
* 231 23.1561160088 -1.00477940565 1.1021785449 4.6 0.2 0.2 -1.30968856812 1.77338027954 4.15187412897 0.509652290532 0.132 0.5 1.0
* 232 23.2567279339 -1.00662455769 1.08226384144 4.62 0.2 0.2 -1.29797315598 1.76125717163 4.24359900156 0.610805863089 0.101 0.5 1.0
* 233 23.3578829765 -1.00807107319 1.06231622021 4.64 0.2 0.2 -1.30145692825 1.71101379395 4.25035244623 0.628081550582 0.082 0.5 1.0
* 234 23.4584391117 -1.00911837358 1.04234365998 4.66 0.2 0.2 -1.31465673447 1.68706130981 4.25129896799 0.63379705784 0.056 0.5 1.0
* 235 23.5594329834 -1.00976603993 1.02235414952 4.68 0.2 0.2 -1.32496929169 1.65888690948 4.25112492243 0.638073074343 0.044 0.5 1.0
* 236 23.6599669456 -1.0100138132 1.00235568437 4.7 0.2 0.2 -1.33443784714 1.6280670166 4.24902922312 0.637639770543 0.033 0.5 1.0
* 237 23.7605519295 -1.00986159428 0.982356263647 4.72 0.2 0.2 -1.34738302231 1.60559654236 4.24950367609 0.640487994434 0.026 0.5 1.0
* 238 23.8610861301 -1.00930944405 0.962363886847 4.74 0.2 0.2 -1.35859537125 1.58009958267 4.24893623987 0.644236508147 0.021 0.5 1.0
* 239 23.9616289139 -1.00835758337 0.942386550657 4.76 0.2 0.2 -1.36681747437 1.55254268646 4.2609158198 0.662400231325 0.02 0.5 1.0
* 240 24.0621519089 -1.00700639296 0.922432245746 4.78 0.2 0.2 -1.3714632988 1.53602838516 4.26941687266 0.669580352893 0.011 0.5 1.0
* 241 24.1630101204 -1.00525641329 0.902508953569 4.8 0.2 0.2 -1.38471698761 1.50176239014 4.26747900644 0.671504822851 0.012 0.5 1.0
* 242 24.2635960579 -1.00310834433 0.882624643178 4.82 0.2 0.2 -1.39069223404 1.47554016113 4.26999289194 0.675066233476 0.01 0.5 1.0
* 243 24.3641870022 -1.00056304527 0.862787268032 4.84 0.2 0.2 -1.40571641922 1.44777917862 4.27111202875 0.67432386858 0.006 0.5 1.0
* 244 24.4659800529 -0.997621534197 0.843004762816 4.86 0.2 0.2 -1.42105531693 1.41386651993 4.27355152765 0.682533159373 0.009 0.5 1.0
* 245 24.5665140152 -0.99428498768 0.823285040269 4.88 0.2 0.2 -1.42690229416 1.39086151123 4.27726561228 0.685609585946 0.006 0.5 1.0
* 246 24.6671059132 -0.990554740291 0.803635988016 4.9 0.2 0.2 -1.44075250626 1.36388397217 4.27555185953 0.683090873543 0.007 0.5 1.0
* 247 24.7676410675 -0.986432284081 0.784065465417 4.92 0.2 0.2 -1.45248985291 1.3415350914 4.27632147471 0.684218854981 0.008 0.5 1.0
* 248 24.8682260513 -0.981919267975 0.76458130042 4.94 0.2 0.2 -1.46198797226 1.30955266953 4.27731234232 0.688049795648 0.007 0.5 1.0
* 249 24.9687809944 -0.977017497121 0.745191286431 4.96 0.2 0.2 -1.47382879257 1.28340530396 4.2784810702 0.689782782587 0.011 0.5 1.0
* 250 25.069206953 -0.971728932162 0.725903179197 4.98 0.2 0.2 -1.48402690887 1.25689077377 4.28028208414 0.692475460534 0.009 0.5 1.0
* 251 25.1731181145 -0.966055688453 0.706724693704 5.0 0.2 0.2 -1.49442195892 1.22920274734 4.27940136591 0.691153105259 0.009 0.5 1.0
* 252 25.2737469673 -0.960000035216 0.68766350109 5.02 0.2 0.2 -1.50645828247 1.19926118851 4.2827788035 0.69624427543 0.011 0.5 1.0
* 253 25.3746459484 -0.953564394631 0.668727225578 5.04 0.2 0.2 -1.51623249054 1.17459249496 4.28377622763 0.697760280099 0.013 0.5 1.0
* 254 25.4751079082 -0.946751340868 0.649923441426 5.06 0.2 0.2 -1.52026224136 1.14597177505 4.29364341894 0.718114022273 0.019 0.5 1.0
* 255 25.5756409168 -0.93956359906 0.631259669897 5.08 0.2 0.2 -1.51224279404 1.12034749985 4.35681194464 0.8387466263 0.022 0.5 1.0
* 256 25.6762580872 -0.932004044205 0.61274337625 5.1 0.2 0.2 -1.49011707306 1.09539031982 4.44803756872 1.11370323018 0.021 0.5 1.0
* 257 25.776747942 -0.924075700027 0.594381966757 5.12 0.2 0.2 -1.4635181427 1.07207727432 4.56803936163 2.02983683397 0.026 0.5 1.0
* 258 25.8776299953 -0.915781737756 0.576182785736 5.14 0.2 0.2 -1.43618965149 1.05263805389 4.69167751471 14.195422711 0.029 0.5 1.0
* 259 25.9780809879 -0.907125474866 0.558153112616 5.16 0.2 0.2 -1.40310716629 1.0334649086 4.78786272207 -3.89884150835 0.03 0.5 1.0
* 260 26.0786731243 -0.898110373748 0.540300159028 5.18 0.2 0.2 -1.37567949295 0.998842716217 4.83362526098 -2.42251236619 0.028 0.5 1.0
* 261 26.1792259216 -0.888740040322 0.522631065913 5.2 0.2 0.2 -1.37036085129 0.969075679779 4.83986992041 -2.2965479209 0.024 0.5 1.0
* 262 26.2797629833 -0.879018222597 0.505152900675 5.22 0.2 0.2 -1.36485719681 0.942143917084 4.83487838904 -2.38960315355 0.02 0.5 1.0
* 263 26.3801929951 -0.868948809169 0.487872654345 5.24 0.2 0.2 -1.35688447952 0.914591312408 4.83997339407 -2.28677103232 0.014 0.5 1.0
* 264 26.4807350636 -0.858535827669 0.470797238792 5.26 0.2 0.2 -1.35163545609 0.88925409317 4.84465021292 -2.20632198059 0.016 0.5 1.0
* 265 26.5813579559 -0.847783443153 0.453933483955 5.28 0.2 0.2 -1.34497880936 0.855101585388 4.84157127539 -2.25084266323 0.012 0.5 1.0
* 266 26.6818749905 -0.836695956429 0.437288135111 5.3 0.2 0.2 -1.34158849716 0.832144737244 4.84666103521 -2.16596945067 0.011 0.5 1.0
* 267 26.783039093 -0.825277802345 0.420867850177 5.32 0.2 0.2 -1.33500003815 0.802650928497 4.84600729147 -2.18396918148 0.011 0.5 1.0
* 268 26.8839111328 -0.813533548011 0.404679197048 5.34 0.2 0.2 -1.33284425735 0.773621559143 4.84395307699 -2.21024607811 0.008 0.5 1.0
* 269 26.9860680103 -0.801467890971 0.388728650969 5.36 0.2 0.2 -1.32527923584 0.741944313049 4.8492850701 -2.13199263187 0.012 0.5 1.0
* 270 27.0867071152 -0.789085657327 0.373022591948 5.38 0.2 0.2 -1.3196978569 0.718781471252 4.84940523306 -2.13009429908 0.012 0.5 1.0
* 271 27.1874389648 -0.776391799809 0.357567302196 5.4 0.2 0.2 -1.3162355423 0.693887233734 4.85353893438 -2.06100250925 0.01 0.5 1.0
* 272 27.2881660461 -0.763391395788 0.342368963626 5.42 0.2 0.2 -1.3098988533 0.657183647156 4.84815162817 -2.14221075761 0.01 0.5 1.0
* 273 27.3887379169 -0.750089645255 0.327433655368 5.44 0.2 0.2 -1.30697250366 0.63537311554 4.85353130499 -2.05396499351 0.008 0.5 1.0
* 274 27.4892981052 -0.736491868731 0.312767351349 5.46 0.2 0.2 -1.3009223938 0.600720882416 4.8569487969 -2.01263285693 0.009 0.5 1.0
* 275 27.5899341106 -0.722603505146 0.298375917892 5.48 0.2 0.2 -1.29368638992 0.566615104675 4.85421651999 -2.04406502195 0.005 0.5 1.0
* 276 27.6905350685 -0.70843010966 0.284265111381 5.5 0.2 0.2 -1.28664255142 0.546321868896 4.85603803793 -2.02530455661 0.006 0.5 1.0
* 277 27.7911779881 -0.693977351442 0.270440575949 5.52 0.2 0.2 -1.2815785408 0.511296749115 4.85878271261 -1.99440711928 0.011 0.5 1.0
* 278 27.8917119503 -0.679251011404 0.256907841226 5.54 0.2 0.2 -1.2745423317 0.486207485199 4.85835451285 -2.00021605363 0.012 0.5 1.0
* 279 27.9923341274 -0.664256979884 0.243672320126 5.56 0.2 0.2 -1.26812267303 0.459153175354 4.86203617254 -1.95802149946 0.012 0.5 1.0
* 280 28.0930809975 -0.649001254296 0.230739306681 5.58 0.2 0.2 -1.26062631607 0.421807765961 4.86266798178 -1.94980455295 0.014 0.5 1.0
* 281 28.1938400269 -0.633489936726 0.218113973924 5.6 0.2 0.2 -1.25681495667 0.400994300842 4.86066574255 -1.96916945709 0.014 0.5 1.0
* 282 28.2947030067 -0.617729231494 0.205801371819 5.62 0.2 0.2 -1.25384140015 0.368727207184 4.86375946203 -1.92917388262 0.014 0.5 1.0
* 283 28.3953559399 -0.601725442672 0.193806425243 5.64 0.2 0.2 -1.2462143898 0.342890262604 4.85967535177 -1.98226441137 0.013 0.5 1.0
* 284 28.4959199429 -0.585484971563 0.182133932015 5.66 0.2 0.2 -1.23972463608 0.316190242767 4.86325735251 -1.92884405119 0.008 0.5 1.0
* 285 28.5963709354 -0.569014314139 0.170788560976 5.68 0.2 0.2 -1.23521089554 0.278265476227 4.86501735846 -1.91334702386 0.013 0.5 1.0
* 286 28.6970260143 -0.552320058442 0.159774850124 5.7 0.2 0.2 -1.22933387756 0.253214836121 4.86344808737 -1.92637526628 0.012 0.480109134462 1.0
* 287 28.7975311279 -0.535408881953 0.149097204796 5.72 0.2 0.2 -1.22538900375 0.226037025452 4.86419862906 -1.9235341505 0.012 0.452536324785 1.0
* 288 28.8981161118 -0.518287548916 0.138759895908 5.74 0.2 0.2 -1.21392250061 0.198744297028 4.86051601568 -1.94384512646 0.03 0.416131012272 1.0
* 289 28.99909091 -0.500962907637 0.128767058246 5.76 0.2 0.2 -1.2130150795 0.176124572754 4.86513418356 -1.83941498638 0.052 0.401546398777 1.0
* 290 29.0998790264 -0.483441887741 0.119122688811 5.78 0.2 0.2 -1.20825719833 0.141184806824 4.86709493796 -1.72524689544 0.115 0.360118287062 1.0
* 291 29.2005310059 -0.465731497402 0.109830645223 5.8 0.2 0.2 -1.20224237442 0.112341880798 4.86828703085 -1.65385876324 0.157 0.327458409531 1.0
* 292 29.3010079861 -0.44783882054 0.100894644175 5.82 0.2 0.2 -1.19638776779 0.0933256149292 4.87456220785 -1.48459205295 0.223 0.319108993931 1.0
* 293 29.4015860558 -0.429771013988 0.0923182599482 5.84 0.2 0.2 -1.18723535538 0.0812287330627 4.91863722006 -1.1016924982 0.274 0.37798348807 1.0
* 294 29.5021419525 -0.411535304628 0.0841049229823 5.86 0.2 0.2 -1.15454053879 0.0926351547241 5.01171821753 -0.733802968927 0.331 0.5 1.0
* 295 29.6027889252 -0.393138986499 0.0762579185025 5.88 0.2 0.2 -1.11311626434 0.120436668396 5.10836452643 -0.578532491512 0.297 0.5 1.0
* 296 29.7036559582 -0.374589417884 0.0687803852059 5.9 0.2 0.2 -1.02125120163 0.0692048072815 5.08538002173 -0.660822370221 0.23 0.5 1.0
* 297 29.8042399883 -0.355894018363 0.0616753140061 5.92 0.2 0.2 -1.00712251663 -0.0757217407227 5.17661756674 -0.564093565697 0.188 0.447843708285 1.0
* 298 29.9049201012 -0.337060265847 0.054945546837 5.94 0.2 0.2 -0.982305526733 -0.111612319946 5.19760078589 -0.566537259148 0.14 0.421048089309 1.0
* 299 30.0055010319 -0.318095693585 0.0485937755155 5.96 0.2 0.2 -0.971530437469 -0.13695526123 5.19747490088 -0.564207941269 0.133 0.395022575658 1.0
* 300 30.1071629524 -0.299007887153 0.0426225406656 5.98 0.2 0.2 -0.954359054565 -0.155090332031 5.19999546209 -0.548261977019 0.153 0.378022843165 1.0
* 301 30.2082800865 -0.27980448142 0.0370342307017 6.0 0.2 0.2 -0.943271636963 -0.176104068756 5.20174736181 -0.526907006495 0.189 0.360068000155 1.0
* 302 30.3086829185 -0.260493157492 0.031831080873 6.02 0.2 0.2 -0.929864406586 -0.207098960876 5.20366615454 -0.509813097964 0.219 0.324244183618 1.0
* 303 30.4096810818 -0.241081639641 0.0270151723704 6.04 0.2 0.2 -0.918124198914 -0.227046489716 5.21802610556 -0.468978031449 0.277 0.324418381306 1.0
* 304 30.510299921 -0.221577692215 0.0225884314928 6.06 0.2 0.2 -0.906702518463 -0.241245269775 5.23887151877 -0.433583145338 0.32 0.343251564788 1.0
* 305 30.6110579967 -0.201989116533 0.0185526288777 6.08 0.2 0.2 -0.895755290985 -0.256587982178 5.26506036917 -0.400586013954 0.35 0.36884123161 1.0
* 306 30.7115249634 -0.182323747764 0.0149093787922 6.1 0.2 0.2 -0.886713504791 -0.270386219025 5.29895925919 -0.378963737023 0.349 0.410504305862 1.0
* 307 30.8122498989 -0.162589451793 0.0116601384879 6.12 0.2 0.2 -0.875144004822 -0.293794631958 5.32772446076 -0.375540377956 0.311 0.428867077045 1.0
* 308 30.9129300117 -0.142794122077 0.00880620761756 6.14 0.2 0.2 -0.858590602875 -0.309493541718 5.33677101532 -0.380146821921 0.278 0.424316360124 1.0
* 309 31.0136449337 -0.122945676482 0.00634872771543 6.16 0.2 0.2 -0.841500282288 -0.328099250793 5.34317398468 -0.395422224021 0.224 0.410752469644 1.0
* 310 31.1143770218 -0.103052054123 0.00428868174072 6.18 0.2 0.2 -0.82479429245 -0.352293968201 5.34467792908 -0.400394052682 0.21 0.381659229359 1.0
* 311 31.2153661251 -0.0831212121821 0.00262689368437 6.2 0.2 0.2 -0.805767536163 -0.370674133301 5.3505978624 -0.394445403124 0.212 0.364953006807 1.0
* 312 31.3162469864 -0.0631611227317 0.00136402823944 6.22 0.2 0.2 -0.788540363312 -0.384318351746 5.35736799637 -0.382025294342 0.233 0.357931966576 1.0
* 313 31.4174370766 -0.043179769541 0.000500590535265 6.24 0.2 0.2 -0.774307727814 -0.401475429535 5.36856794754 -0.362371135596 0.266 0.356016695679 1.0
* 314 31.5180549622 -0.0231851448849 3.69259354162e-05 6.26 0.2 0.2 -0.7581615448 -0.415779590607 5.38749885956 -0.3465715784 0.283 0.368656611025 1.0
* 315 31.6186630726 -0.0031852463466 -2.67801004475e-05 6.28 0.2 0.2 -0.745810508728 -0.438616275787 5.40193176666 -0.333016494586 0.289 0.366578027221 1.0
