### Ensaio do Controlador Klancar com Laser (Círculo) ###

# Parâmetros #

# Número do Ensaio: 4
# Frequência: 5.0 Hz
# Raio: 1.00 m
# Velocidade Linear da Base: 0.10 m/s
# Velocidade Angular da Base: 0.10 rad/s
# Parâmetro ksi: 0.80
# Parâmetro w_n: 0.24
# Parâmetro g: 5.00

* 1 0.0 0.0 0.0 0.0 0.1 0.1 0.0 0.0 0.0 0.0 0.0 0.1 0.1
* 2 0.200478076935 0.0199960001333 0.000399973333867 0.02 0.1 0.1 0.0 0.0 0.0 0.0 0.0 0.107816800222 0.108038353844
* 3 0.400866985321 0.0399800022666 0.0011997600176 0.04 0.1 0.1 0.0225639343262 0.00432825088501 0.0114999040961 0.0810038982388 0.077 0.106770515534 0.109505429464
* 4 0.601221084595 0.0599440130653 0.00239904014719 0.06 0.1 0.1 0.0549330711365 0.000302314758301 0.0232157818973 0.0970166376323 0.097 0.101914780358 0.115406329335
* 5 0.801553964615 0.0798800471913 0.00399733402657 0.08 0.1 0.1 0.0786809921265 0.00422525405884 0.0273892525584 0.100011061528 0.106 0.100328946553 0.120488781963
* 6 1.00188088417 0.0997801304969 0.00599400235951 0.1 0.1 0.1 0.0978722572327 0.00865650177002 0.0365458242595 0.100015587208 0.112 0.100507850765 0.12350364098
* 7 1.20251607895 0.119636303214 0.00838824650529 0.12 0.1 0.1 0.120340824127 0.0090970993042 0.0507551506162 0.10003638772 0.119 0.0994704998532 0.126802229105
* 8 1.40287804604 0.139440623138 0.0111791087982 0.14 0.1 0.1 0.141215324402 0.00945425033569 0.0629666373134 0.0990572932228 0.122 0.099051817677 0.131107345769
* 9 1.60317897797 0.159185168806 0.0143654729305 0.16 0.1 0.1 0.162764072418 0.0146064758301 0.0753191113472 0.0990782181707 0.125 0.098235902782 0.133202487618
* 10 1.80369091034 0.178862042661 0.017946064399 0.18 0.1 0.1 0.182779788971 0.0186719894409 0.0848562791944 0.0980699811583 0.126 0.0979937000223 0.137092937655
* 11 2.00401997566 0.198463374218 0.0219194510149 0.2 0.1 0.1 0.202785491943 0.0202188491821 0.0971286073327 0.0981001925924 0.131 0.0978500410973 0.14137305136
* 12 2.20443487167 0.217981323205 0.0262840434765 0.22 0.1 0.1 0.219419002533 0.0243291854858 0.115692995489 0.0970912623821 0.135 0.0989852492067 0.141933704246
* 13 2.40474295616 0.237408082702 0.031038096005 0.24 0.1 0.1 0.243681907654 0.0288610458374 0.128913715482 0.0982227372795 0.139 0.0970548900823 0.145019518855
* 14 2.60507893562 0.256735882265 0.0361797070429 0.26 0.1 0.1 0.254544734955 0.030613899231 0.135170176625 0.0981672682678 0.139 0.100366760011 0.151532980576
* 15 2.80552506447 0.275956991031 0.0417068200142 0.28 0.1 0.1 0.281994819641 0.0371232032776 0.152610301971 0.098236836808 0.146 0.0971239432717 0.152650464672
* 16 3.00586891174 0.295063720813 0.0476172241474 0.3 0.1 0.1 0.303398132324 0.0445852279663 0.167766913772 0.0981992168554 0.15 0.0961048676122 0.154015132104
* 17 3.20660495758 0.314048429175 0.0539085553597 0.32 0.1 0.1 0.321186065674 0.0443830490112 0.186736911535 0.0964505866848 0.151 0.0970577071568 0.157570768619
* 18 3.40692090988 0.332903522486 0.0605782972025 0.34 0.1 0.1 0.329453468323 0.0483713150024 0.198984995484 0.0964705714235 0.154 0.10127854606 0.160908430676
* 19 3.60723495483 0.351621458959 0.067623781868 0.36 0.1 0.1 0.329453468323 0.0483713150024 0.198984995484 0.0964705714235 0.154 0.108714646166 0.170349999498
* 20 3.80757594109 0.370194751671 0.0750421912563 0.38 0.1 0.1 0.33814239502 0.0516533851624 0.210735678673 0.0966552623741 0.154 0.112772343125 0.174421140469
* 21 4.00776004791 0.388615971551 0.0828305581025 0.4 0.1 0.1 0.33814239502 0.0516533851624 0.210735678673 0.0965325710681 0.156 0.120114134344 0.184140871689
* 22 4.20810103416 0.406877750357 0.0909857671637 0.42 0.1 0.1 0.361002445221 0.0555458068848 0.227981746197 0.0986769469907 0.156 0.118815465631 0.187332762499
* 23 4.40843987465 0.424972783621 0.099504556465 0.44 0.1 0.1 0.361002445221 0.0555458068848 0.227981746197 0.0986769469907 0.156 0.126077030435 0.197275463562
* 24 4.60887694359 0.442893833572 0.108383518604 0.46 0.1 0.1 0.469786167145 0.0956087112427 0.304213583469 0.113117053573 0.175 0.0902330475434 0.171177373388
* 25 4.80923485756 0.460633732027 0.117619102115 0.48 0.1 0.1 0.482838630676 0.0996108055115 0.312073707581 0.113357674792 0.18 0.0924781521631 0.177791451701
* 26 5.00956892967 0.478185383265 0.127207612887 0.5 0.1 0.1 0.508000850677 0.111429691315 0.33098050952 0.098013347956 0.176 0.0895335203504 0.178547195466
* 27 5.20993494987 0.495541766859 0.137145215644 0.52 0.1 0.1 0.516716003418 0.1155128479 0.341004639864 0.0959358451046 0.177 0.0934169451162 0.183885639526
* 28 5.41027498245 0.512695940486 0.147427935477 0.54 0.1 0.1 0.535922050476 0.124807834625 0.359102368355 0.0922963437512 0.177 0.0929617042166 0.185566937676
* 29 5.61069607735 0.529641042706 0.158051659436 0.56 0.1 0.1 0.551629543304 0.131954193115 0.376051843166 0.0930856284856 0.181 0.0940536826325 0.188267221748
* 30 5.81113290787 0.546370295705 0.169012138171 0.58 0.1 0.1 0.56996011734 0.140290260315 0.391039520502 0.0933069028085 0.183 0.093963075398 0.191829587103
* 31 6.01153898239 0.562877008003 0.180304987639 0.6 0.1 0.1 0.596504211426 0.152639865875 0.412026762962 0.0941892128119 0.187 0.090504381449 0.193078388584
* 32 6.21196103096 0.579154577136 0.19192569085 0.62 0.1 0.1 0.603272438049 0.157171726227 0.419042646885 0.093112839635 0.191 0.0948952589285 0.199538993987
* 33 6.41238689423 0.595196492294 0.203869599677 0.64 0.1 0.1 0.603272438049 0.157171726227 0.419042646885 0.093112839635 0.191 0.102124275074 0.209568999178
* 34 6.61280202866 0.610996336924 0.216131936717 0.66 0.1 0.1 0.603272438049 0.157171726227 0.419042646885 0.093112839635 0.191 0.109278380052 0.219793690663
* 35 6.81322789192 0.626547791299 0.228707797197 0.68 0.1 0.1 0.603272438049 0.157171726227 0.419042646885 0.093112839635 0.191 0.116354712314 0.230212113944
* 36 7.0135910511 0.641844635044 0.241592150942 0.7 0.1 0.1 0.603272438049 0.157171726227 0.419042646885 0.093112839635 0.191 0.123350441424 0.240823237032
* 37 7.21407294273 0.656880749627 0.254779844381 0.72 0.1 0.1 0.612335205078 0.16047000885 0.426411569118 0.093112839635 0.191 0.126903711125 0.248783004307
* 38 7.41448402405 0.671650120802 0.268265602614 0.74 0.1 0.1 0.612335205078 0.16047000885 0.426411569118 0.0933834548806 0.19 0.133761939814 0.259706111966
* 39 7.61482691765 0.686146841017 0.282044031516 0.76 0.1 0.1 0.612335205078 0.16047000885 0.426411569118 0.092833861855 0.193 0.140532273854 0.270818836567
* 40 7.81516289711 0.700365111777 0.2961096199 0.78 0.1 0.1 0.639764308929 0.174587249756 0.451474905014 0.0948259649958 0.197 0.136802060835 0.270208352196
* 41 8.01548099518 0.714299245964 0.310456741718 0.8 0.1 0.1 0.639764308929 0.174587249756 0.451474905014 0.0978528095815 0.209 0.143504983811 0.281461838868
* 42 8.21579504013 0.72794367011 0.325079658313 0.82 0.1 0.1 0.753575325012 0.25031375885 0.570864319801 0.0967903616248 0.209 0.104293632422 0.236021295391
* 43 8.41613507271 0.741292926626 0.339972520712 0.84 0.1 0.1 0.753575325012 0.25031375885 0.570864319801 0.0967903616248 0.209 0.111337344997 0.246518645877
* 44 8.61648702621 0.75434167599 0.35512937197 0.86 0.1 0.1 0.753575325012 0.25031375885 0.570864319801 0.0967903616248 0.209 0.118299306229 0.257208251946
* 45 8.81687998772 0.767084698874 0.370544149548 0.88 0.1 0.1 0.753575325012 0.25031375885 0.570864319801 0.0967903616248 0.209 0.125176731427 0.268088973141
* 46 9.01719594002 0.779516898239 0.38621068774 0.9 0.1 0.1 0.753575325012 0.25031375885 0.570864319801 0.0967903616248 0.209 0.131966869713 0.279159592562
* 47 9.21751403809 0.791633301372 0.402122720141 0.92 0.1 0.1 0.753575325012 0.25031375885 0.570864319801 0.103260750274 0.209 0.138667005122 0.290418817349
* 48 9.41787004471 0.803429061873 0.418273882149 0.94 0.1 0.1 0.753575325012 0.25031375885 0.570864319801 0.103260750274 0.209 0.145274457688 0.301865279206
* 49 9.61820006371 0.814899461594 0.434657713515 0.96 0.1 0.1 0.753575325012 0.25031375885 0.570864319801 0.103260750274 0.209 0.15178658452 0.313497534943
* 50 9.81852889061 0.826039912529 0.451267660925 0.98 0.1 0.1 0.753575325012 0.25031375885 0.570864319801 0.103260750274 0.209 0.158200780853 0.325314067055
* 51 10.019067049 0.836845958647 0.468097080621 1.0 0.1 0.1 0.753575325012 0.25031375885 0.570864319801 0.103015133545 0.209 0.164514481094 0.337313284329
* 52 10.2195289135 0.847313277672 0.48513924106 1.02 0.1 0.1 0.753575325012 0.25031375885 0.570864319801 0.103015133545 0.209 0.170725159847 0.34949352248
* 53 10.4198498726 0.857437682816 0.502387325605 1.04 0.1 0.1 0.753575325012 0.25031375885 0.570864319801 0.103015133545 0.209 0.176830332923 0.361853044819
* 54 10.6203129292 0.867215124454 0.519834435252 1.06 0.1 0.1 0.753575325012 0.25031375885 0.570864319801 0.103015133545 0.209 0.182827558335 0.374390042943
* 55 10.8206288815 0.876641691737 0.53747359139 1.08 0.1 0.1 0.753575325012 0.25031375885 0.570864319801 0.103015133545 0.209 0.188714437273 0.387102637463
* 56 11.021064043 0.885713614166 0.555297738591 1.1 0.1 0.1 0.753575325012 0.25031375885 0.570864319801 0.102767868577 0.21 0.194488615063 0.399988878752
* 57 11.2213890553 0.894427263091 0.573299747435 1.12 0.1 0.1 0.753575325012 0.25031375885 0.570864319801 0.102079423569 0.21 0.200147782111 0.413046747729
* 58 11.421751976 0.90277915317 0.591472417357 1.14 0.1 0.1 0.753575325012 0.25031375885 0.570864319801 0.110131505712 0.223 0.205689674826 0.426274156661
* 59 11.6222949028 0.910765943758 0.609808479532 1.16 0.1 0.1 0.753575325012 0.25031375885 0.570864319801 0.115765841105 0.23 0.211112076525 0.439668950005
* 60 11.8226239681 0.918384440246 0.62830059978 1.18 0.1 0.1 0.753575325012 0.25031375885 0.570864319801 0.130366080264 0.258 0.216412818319 0.453228905264
* 61 12.0231149197 0.925631595335 0.6469413815 1.2 0.1 0.1 0.753575325012 0.25031375885 0.570864319801 0.131504610044 0.261 0.221589779983 0.466951733879
* 62 12.2235279083 0.932504510262 0.665723368626 1.22 0.1 0.1 0.753575325012 0.25031375885 0.570864319801 0.132521105084 0.267 0.2266408908 0.480835082144
* 63 12.4239389896 0.93900043595 0.684639048615 1.24 0.1 0.1 0.753575325012 0.25031375885 0.570864319801 0.132993120176 0.268 0.231564130394 0.494876532146
* 64 12.624368906 0.945116774118 0.703680855447 1.26 0.1 0.1 0.753575325012 0.25031375885 0.570864319801 0.132993120176 0.268 0.236357529534 0.509073602737
* 65 12.8247449398 0.950851078311 0.722841172653 1.28 0.1 0.1 0.753575325012 0.25031375885 0.570864319801 0.132993120176 0.268 0.241019170925 0.523423750518
* 66 13.0251429081 0.956201054883 0.742112336361 1.3 0.1 0.1 0.753575325012 0.25031375885 0.570864319801 0.132993120176 0.268 0.245547189972 0.537924370865
* 67 13.2255458832 0.961164563916 0.761486638363 1.32 0.1 0.1 0.753575325012 0.25031375885 0.570864319801 0.132993120176 0.268 0.249939775528 0.552572798965
* 68 13.4258780479 0.965739620072 0.780956329197 1.34 0.1 0.1 0.753575325012 0.25031375885 0.570864319801 0.132993120176 0.268 0.254195170618 0.567366310885
* 69 13.6262900829 0.96992439339 0.800513621246 1.36 0.1 0.1 0.753575325012 0.25031375885 0.570864319801 0.132993120176 0.268 0.25831167314 0.582302124659
* 70 13.8267700672 0.973717210016 0.820150691854 1.38 0.1 0.1 0.753575325012 0.25031375885 0.570864319801 0.132993120176 0.268 0.262287636547 0.597377401403
* 71 14.0272948742 0.977116552874 0.839859686453 1.4 0.1 0.1 0.753575325012 0.25031375885 0.570864319801 0.132993120176 0.268 0.266121470509 0.612589246451
* 72 14.2276170254 0.980121062272 0.85963272171 1.42 0.1 0.1 0.753575325012 0.25031375885 0.570864319801 0.132993120176 0.268 0.269811641541 0.627934710508
* 73 14.4281299114 0.982729536447 0.879461888674 1.44 0.1 0.1 0.753575325012 0.25031375885 0.570864319801 0.132993120176 0.268 0.273356673626 0.643410790838
* 74 14.6284918785 0.984940932044 0.899339255942 1.46 0.1 0.1 0.753575325012 0.25031375885 0.570864319801 0.132993120176 0.268 0.276755148797 0.659014432455
* 75 14.8289759159 0.986754364533 0.919256872833 1.48 0.1 0.1 0.753575325012 0.25031375885 0.570864319801 0.132993120176 0.268 0.280005707709 0.674742529355
* 76 15.0294940472 0.988169108566 0.939206772565 1.5 0.1 0.1 1.11645936966 0.835918903351 1.28877818584 0.132993120176 0.268 0.12266635113 0.258765062135
* 77 15.2299749851 0.989184598265 0.959180975445 1.52 0.1 0.1 1.11645936966 0.835918903351 1.28877818584 0.132993120176 0.268 0.129857280462 0.268895099236
* 78 15.4303119183 0.989800427446 0.979171492057 1.54 0.1 0.1 1.11645936966 0.835918903351 1.28877818584 0.132993120176 0.268 0.136971826199 0.279219342465
* 79 15.6308279037 0.990016349788 0.999170326461 1.56 0.1 0.1 1.11645936966 0.835918903351 1.28877818584 0.132993120176 0.268 0.144007142618 0.289736797505
* 80 15.8313729763 0.989832278922 1.01916947939 1.58 0.1 0.1 1.11645936966 0.835918903351 1.28877818584 0.132993120176 0.268 0.150960415686 0.300446392755
* 81 16.0318338871 0.989248288476 1.03916095145 1.6 0.1 0.1 1.11645936966 0.835918903351 1.28877818584 0.132993120176 0.268 0.157828864186 0.311346979762
* 82 16.232198 0.988264612038 1.05913674632 1.62 0.1 0.1 1.11645936966 0.835918903351 1.28877818584 0.132993120176 0.268 0.164609740831 0.322437333681
* 83 16.4325408936 0.986881643065 1.07908887395 1.64 0.1 0.1 1.12857055664 1.03387117386 1.52439820766 0.835648234635 0.235 0.114459544075 0.217123310517
* 84 16.6328818798 0.985099934726 1.09900935375 1.66 0.1 0.1 1.12536668777 1.07834768295 1.58677351475 -2.22152556258 0.235 0.108706946886 0.19865817847
* 85 16.8332910538 0.982920199681 1.11889021779 1.68 0.1 0.1 1.12536668777 1.07834768295 1.58677351475 -2.17303800807 0.236 0.1163450183 0.207427460673
* 86 17.0336079597 0.980343309795 1.138723514 1.7 0.1 0.1 1.12536668777 1.07834768295 1.58677351475 -1.93472728033 0.234 0.12392711119 0.216395674935
* 87 17.233948946 0.97737029579 1.15850130932 1.72 0.1 0.1 1.12536668777 1.07834768295 1.58677351475 -0.398145279321 0.234 0.131450192821 0.225562369334
* 88 17.4343140125 0.974002346831 1.1782156929 1.74 0.1 0.1 1.0938911438 1.2251625061 1.74322724342 -0.0316794954628 0.234 0.0899348696271 0.161818155913
* 89 17.6346628666 0.970240810053 1.19785877924 1.76 0.1 0.1 1.0938911438 1.2251625061 1.74322724342 -0.0213890865992 0.25 0.0977585890803 0.169824242791
* 90 17.83502388 0.966087190021 1.21742271138 1.78 0.1 0.1 1.06147003174 1.31553173065 1.80362474918 0.0243218202902 0.303 0.0711840941605 0.148463996846
* 91 18.035474062 0.961543148127 1.23689966399 1.8 0.1 0.1 1.06147003174 1.31553173065 1.80362474918 0.03474599722 0.265 0.0790496580452 0.15626611661
* 92 18.2359669209 0.956610501928 1.25628184657 1.82 0.1 0.1 1.02021169662 1.43479585648 1.88681185246 0.0364466418994 0.197 0.0410251461864 0.131780539197
* 93 18.4363019466 0.951291224416 1.27556150649 1.84 0.1 0.1 1.02021169662 1.43479585648 1.88681185246 0.0335963893407 0.193 0.0489684873308 0.139150958799
* 94 18.6366388798 0.945587443231 1.29473093215 1.86 0.1 0.1 1.02021169662 1.43479585648 1.88681185246 0.0344591736708 0.185 0.0568776431228 0.146721239574
* 95 18.8369920254 0.93950143981 1.31378245604 1.88 0.1 0.1 1.02021169662 1.43479585648 1.88681185246 0.0344591736708 0.185 0.0647494500058 0.154491488753
* 96 19.0373280048 0.933035648472 1.33270845779 1.9 0.1 0.1 1.02021169662 1.43479585648 1.88681185246 0.0344591736708 0.185 0.0725807593618 0.162461733583
* 97 19.2376818657 0.926192655449 1.35150136727 1.92 0.1 0.1 1.02021169662 1.43479585648 1.88681185246 0.0344591736708 0.185 0.0803684387715 0.170631921313
* 98 19.4380800724 0.918975197846 1.37015366755 1.94 0.1 0.1 1.00971364975 1.45254898071 1.90453159809 0.0344591736708 0.185 0.0810758080183 0.170262014134
* 99 19.6385018826 0.911386162551 1.38865789796 1.96 0.1 0.1 1.00971364975 1.45254898071 1.90453159809 0.0344591736708 0.185 0.088811216005 0.178654780937
* 100 19.838837862 0.903428585075 1.40700665707 1.98 0.1 0.1 1.00971364975 1.45254898071 1.90453159809 0.0344591736708 0.185 0.0964964310356 0.187247115956
* 101 20.039233923 0.895105648344 1.42519260561 2.0 0.1 0.1 1.00971364975 1.45254898071 1.90453159809 0.0344591736708 0.185 0.104128379126 0.196038717613
* 102 20.2396800518 0.886420681422 1.44320846944 2.02 0.1 0.1 1.00971364975 1.45254898071 1.90453159809 0.0344591736708 0.185 0.1117040076 0.205029204628
* 103 20.4400968552 0.877377158179 1.46104704246 2.04 0.1 0.1 1.00971364975 1.45254898071 1.90453159809 0.0344591736708 0.185 0.119220286306 0.214218116168
* 104 20.6405339241 0.867978695904 1.47870118947 2.06 0.1 0.1 1.00971364975 1.45254898071 1.90453159809 0.0344591736708 0.185 0.126674208834 0.223604912033
* 105 20.8409738541 0.858229053857 1.49616384906 2.08 0.1 0.1 1.00971364975 1.45254898071 1.90453159809 0.0344591736708 0.185 0.134062793713 0.233188972873
* 106 21.0414159298 0.848132131765 1.5134280364 2.1 0.1 0.1 1.00971364975 1.45254898071 1.90453159809 0.0344591736708 0.185 0.141383085608 0.242969600433
* 107 21.2418220043 0.837691968262 1.53048684603 2.12 0.1 0.1 1.00971364975 1.45254898071 1.90453159809 0.0344591736708 0.185 0.1486321565 0.252946017835
* 108 21.442180872 0.826912739274 1.54733345466 2.14 0.1 0.1 1.00971364975 1.45254898071 1.90453159809 0.0344591736708 0.185 0.155807106858 0.263117369887
* 109 21.6425349712 0.815798756349 1.56396112387 2.16 0.1 0.1 1.00971364975 1.45254898071 1.90453159809 0.0344591736708 0.185 0.162905066796 0.273482723426
* 110 21.8431580067 0.804354464932 1.58036320283 2.18 0.1 0.1 1.00971364975 1.45254898071 1.90453159809 0.0344591736708 0.185 0.169923197226 0.284041067693
* 111 22.0435359478 0.792584442587 1.5965331309 2.2 0.1 0.1 1.00971364975 1.45254898071 1.90453159809 0.0344591736708 0.185 0.176858690988 0.294791314731
* 112 22.2438640594 0.780493397166 1.61246444035 2.22 0.1 0.1 1.00971364975 1.45254898071 1.90453159809 0.0344591736708 0.185 0.183708773979 0.305732299829
* 113 22.4443769455 0.768086164926 1.62815075885 2.24 0.1 0.1 1.00971364975 1.45254898071 1.90453159809 0.0344591736708 0.185 0.190470706255 0.31686278198
* 114 22.6447398663 0.755367708594 1.64358581209 2.26 0.1 0.1 1.00971364975 1.45254898071 1.90453159809 0.0344591736708 0.185 0.197141783135 0.328181444382
* 115 22.8451888561 0.742343115383 1.65876342625 2.28 0.1 0.1 0.993377685547 1.49080514908 1.95758795738 0.0344591736708 0.185 0.192923086195 0.310925251261
* 116 23.0455219746 0.729017594958 1.6736775305 2.3 0.1 0.1 0.993377685547 1.49080514908 1.95758795738 0.0344591736708 0.185 0.199653779787 0.322121219281
* 117 23.245857954 0.715396477348 1.68832215938 2.32 0.1 0.1 0.993377685547 1.49080514908 1.95758795738 0.0344591736708 0.185 0.206292687409 0.333504892751
* 118 23.4462959766 0.701485210818 1.70269145524 2.34 0.1 0.1 0.993377685547 1.49080514908 1.95758795738 0.0344591736708 0.185 0.212837153586 0.345074853597
* 119 23.6466319561 0.687289359691 1.71677967055 2.36 0.1 0.1 0.993377685547 1.49080514908 1.95758795738 0.0174312343956 0.133 0.219284560619 0.356829609232
* 120 23.8470420837 0.672814602117 1.73058117023 2.38 0.1 0.1 0.913757324219 1.61905670166 2.10229754448 0.0174312343956 0.133 0.181707270238 0.284426824559
* 121 24.0475459099 0.658066727806 1.74409043384 2.4 0.1 0.1 0.913757324219 1.61905670166 2.10229754448 0.0174312343956 0.133 0.188633360401 0.295198436742
* 122 24.2479050159 0.643051635712 1.75730205786 2.42 0.1 0.1 0.913757324219 1.61905670166 2.10229754448 0.0174312343956 0.133 0.195473732017 0.306160652135
* 123 24.4484159946 0.62777533167 1.77021075783 2.44 0.1 0.1 0.913757324219 1.61905670166 2.10229754448 0.0174312343956 0.133 0.20222564903 0.317312221243
* 124 24.6487419605 0.612243926 1.78281137043 2.46 0.1 0.1 0.913757324219 1.61905670166 2.10229754448 0.0174312343956 0.133 0.208886410762 0.328651818828
* 125 24.8493368626 0.596463631055 1.79509885559 2.48 0.1 0.1 0.913757324219 1.61905670166 2.10229754448 0.0174312343956 0.133 0.215453352998 0.340178044445
* 126 25.0497078896 0.580440758744 1.80706829847 2.5 0.1 0.1 0.913757324219 1.61905670166 2.10229754448 0.0174312343956 0.133 0.221923849048 0.351889422999
* 127 25.250056982 0.564181718002 1.81871491146 2.52 0.1 0.1 0.913757324219 1.61905670166 2.10229754448 0.0174312343956 0.133 0.2282953108 0.363784405339
* 128 25.4503929615 0.547693012228 1.83003403607 2.54 0.1 0.1 0.913757324219 1.61905670166 2.10229754448 0.0174312343956 0.133 0.234565189755 0.375861368871
* 129 25.6507589817 0.530981236686 1.8410211448 2.56 0.1 0.1 0.913757324219 1.61905670166 2.10229754448 0.0174312343956 0.133 0.240730978045 0.388118618213
* 130 25.8511250019 0.514053075862 1.85167184295 2.58 0.1 0.1 0.913757324219 1.61905670166 2.10229754448 0.0174312343956 0.133 0.246790209435 0.400554385873
* 131 26.0515730381 0.496915300794 1.86198187038 2.6 0.1 0.1 0.913757324219 1.61905670166 2.10229754448 0.0174312343956 0.133 0.252740460316 0.41316683295
* 132 26.252063036 0.479574766365 1.87194710323 2.62 0.1 0.1 0.913757324219 1.61905670166 2.10229754448 0.0174312343956 0.133 0.258579350665 0.425954049877
* 133 26.4526329041 0.462038408557 1.88156355553 2.64 0.1 0.1 0.814106464386 1.74236965179 2.24961853027 0.0174312343956 0.133 0.221571068297 0.346308887691
* 134 26.652960062 0.44431324168 1.89082738083 2.66 0.1 0.1 0.791220188141 1.76407814026 2.28338479996 0.0174312343956 0.133 0.21946882376 0.337415828485
* 135 26.8532938957 0.426406355563 1.89973487372 2.68 0.1 0.1 0.791220188141 1.76407814026 2.28338479996 0.0174312343956 0.133 0.22594462977 0.349117180765
* 136 27.0537450314 0.408324912723 1.90828247132 2.7 0.1 0.1 0.5676445961 1.9308681488 2.50911068916 0.0174312343956 0.133 0.143312925392 0.231012199776
* 137 27.2542068958 0.390076145495 1.91646675472 2.72 0.1 0.1 0.5676445961 1.9308681488 2.50911068916 0.0174312343956 0.133 0.150578559639 0.24094386286
* 138 27.4545638561 0.371667353143 1.9242844503 2.74 0.1 0.1 0.5676445961 1.9308681488 2.50911068916 0.0174312343956 0.133 0.157770734638 0.251070663291
* 139 27.6548950672 0.353105898939 1.93173243108 2.76 0.1 0.1 0.5676445961 1.9308681488 2.50911068916 0.0174312343956 0.133 0.164886573613 0.261391685724
* 140 27.8552260399 0.334399207216 1.93880771799 2.78 0.1 0.1 0.5676445961 1.9308681488 2.50911068916 0.0174312343956 0.133 0.171923230325 0.271905937131
* 141 28.0555400848 0.315554760403 1.94550748099 2.8 0.1 0.1 0.5676445961 1.9308681488 2.50911068916 0.0174312343956 0.133 0.178877890204 0.282612347194
* 142 28.2558529377 0.296580096026 1.95182904028 2.82 0.1 0.1 0.5676445961 1.9308681488 2.50911068916 0.0174312343956 0.133 0.18574777148 0.293509768733
* 143 28.4561710358 0.277482803699 1.9577698673 2.84 0.1 0.1 0.5676445961 1.9308681488 2.50911068916 0.021411258278 0.168 0.192530126291 0.304596978168
* 144 28.656498909 0.258270522083 1.96332758582 2.86 0.1 0.1 0.5676445961 1.9308681488 2.50911068916 0.021411258278 0.168 0.199222241786 0.315872676006
* 145 28.8569800854 0.238950935835 1.96849997281 2.88 0.1 0.1 0.5676445961 1.9308681488 2.50911068916 0.021411258278 0.168 0.205821441207 0.32733548736
* 146 29.0573370457 0.219531772532 1.9732849594 2.9 0.1 0.1 0.360896110535 2.02612495422 2.70667743683 0.0235875170233 0.17 0.139657305049 0.229507876253
* 147 29.2576799393 0.20002079958 1.97768063164 2.92 0.1 0.1 0.360896110535 2.02612495422 2.70667743683 0.0238389757216 0.17 0.146914156753 0.239463326558
* 148 29.4581110477 0.180425821109 1.98168523134 2.94 0.1 0.1 0.360896110535 2.02612495422 2.70667743683 0.0243412472052 0.17 0.154097197619 0.249613807008
* 149 29.6584150791 0.160754674848 1.9852971567 2.96 0.1 0.1 0.360896110535 2.02612495422 2.70667743683 0.0250930057594 0.17 0.161203554527 0.259958392789
* 150 29.8587150574 0.141015228994 1.98851496299 2.98 0.1 0.1 0.360896110535 2.02612495422 2.70667743683 0.0259259065829 0.171 0.168230385029 0.270496081448
* 151 30.059030056 0.121215379062 1.99133736316 3.0 0.1 0.1 0.360896110535 2.02612495422 2.70667743683 0.0259259065829 0.171 0.175174878485 0.281225793292
* 152 30.2593688965 0.101363044728 1.99376322826 3.02 0.1 0.1 0.360896110535 2.02612495422 2.70667743683 0.0259259065829 0.171 0.182034257192 0.292146371821
* 153 30.4601759911 0.0814661666609 1.99579158798 3.04 0.1 0.1 0.360896110535 2.02612495422 2.70667743683 0.0259259065829 0.171 0.18880577749 0.303256584192
* 154 30.660656929 0.0615327033466 1.99742163102 3.06 0.1 0.1 0.360896110535 2.02612495422 2.70667743683 0.0259259065829 0.171 0.19548673086 0.314555121711
* 155 30.8610460758 0.0415706279047 1.99865270537 3.08 0.1 0.1 0.360896110535 2.02612495422 2.70667743683 0.0259259065829 0.171 0.20207444501 0.326040600356
* 156 31.0615160465 0.0215879248992 1.99948431862 3.1 0.1 0.1 0.360896110535 2.02612495422 2.70667743683 0.0259259065829 0.171 0.208566284942 0.33771156133
* 157 31.2619109154 0.00159258714498 1.99991613813 3.12 0.1 0.1 0.360896110535 2.02612495422 2.70667743683 0.0259259065829 0.171 0.214959654008 0.349566471647
* 158 31.4622879028 -0.0184073874896 1.99994799119 3.14 0.1 0.1 0.360896110535 2.02612495422 2.70667743683 0.0259259065829 0.171 0.221251994944 0.361603724744
* 159 31.6626079082 -0.0384039992812 1.99957986505 3.16 0.1 0.1 0.360896110535 2.02612495422 2.70667743683 0.0259259065829 0.171 0.227440790898 0.373821641122
* 160 31.8630008698 -0.0583892498519 1.99881190696 3.18 0.1 0.1 0.360896110535 2.02612495422 2.70667743683 0.0259259065829 0.171 0.233523566435 0.38621846902
* 161 32.0633189678 -0.0783551453678 1.99764442409 3.2 0.1 0.1 -0.0481696128845 2.13093566895 2.93270850182 0.0259259065829 0.171 0.0971893101573 0.27308314953
* 162 32.263835907 -0.0982936997369 1.99607788342 3.22 0.1 0.1 -0.415684700012 2.13457584381 3.18315083185 0.0259259065829 0.171 -0.0220967195042 0.190224252636
* 163 32.4641759396 -0.118196937803 1.99411291155 3.24 0.1 0.1 -0.415684700012 2.13457584381 3.18315083185 0.0259259065829 0.171 -0.0143646775468 0.198630805332
* 164 32.6645028591 -0.138056898537 1.99175029443 3.26 0.1 0.1 -0.415684700012 2.13457584381 3.18315083185 0.0259259065829 0.171 -0.0066830414275 0.207236907988
* 165 32.8649358749 -0.157865638219 1.98899097708 3.28 0.1 0.1 -0.415684700012 2.13457584381 3.18315083185 0.216532756483 0.274 0.000945116301734 0.21604225352
* 166 33.0653259754 -0.177615233617 1.9858360632 3.3 0.1 0.1 -0.824031352997 2.0314617157 3.41858846346 0.226266268588 0.274 -0.139497595287 0.163853042729
* 167 33.2656970024 -0.197297785157 1.9822868147 3.32 0.1 0.1 -0.824031352997 2.0314617157 3.41858846346 0.225965855701 0.271 -0.131480543735 0.170707121576
* 168 33.4661579132 -0.21690542008 1.97834465124 3.34 0.1 0.1 -0.824031352997 2.0314617157 3.41858846346 0.225636849194 0.27 -0.123489427231 0.177760412825
* 169 33.6665608883 -0.236430295593 1.97401114964 3.36 0.1 0.1 -0.824031352997 2.0314617157 3.41858846346 0.225636849194 0.27 -0.115527442115 0.185013230495
* 170 33.866904974 -0.255864602008 1.96928804322 3.38 0.1 0.1 -0.886850833893 2.00169658661 3.45398885409 0.230675082929 0.273 -0.131695886288 0.183385964754
* 171 34.0673210621 -0.275200565859 1.96417722118 3.4 0.1 0.1 -0.886850833893 2.00169658661 3.45398885409 0.231271242218 0.272 -0.1237410517 0.190684705629
* 172 34.2676539421 -0.29443045302 1.95868072778 3.42 0.1 0.1 -0.886850833893 2.00169658661 3.45398885409 0.231271242218 0.272 -0.115819263822 0.198183249704
* 173 34.4680979252 -0.313546571793 1.95280076153 3.44 0.1 0.1 -0.886850833893 2.00169658661 3.45398885409 0.231271242218 0.272 -0.107933691262 0.205881732902
* 174 34.6685118675 -0.332541275984 1.94653967435 3.46 0.1 0.1 -0.886850833893 2.00169658661 3.45398885409 0.231271242218 0.272 -0.100087488146 0.213780211176
* 175 34.8689448833 -0.351406967965 1.93989997058 3.48 0.1 0.1 -0.886850833893 2.00169658661 3.45398885409 0.231271242218 0.272 -0.09228379285 0.221878660482
* 176 35.0693659782 -0.37013610171 1.93288430603 3.5 0.1 0.1 -0.886850833893 2.00169658661 3.45398885409 0.231271242218 0.272 -0.0845257267475 0.230176976791
* 177 35.2698428631 -0.388721185817 1.92549548686 3.52 0.1 0.1 -0.886850833893 2.00169658661 3.45398885409 0.231271242218 0.272 -0.0768163929619 0.238674976129
* 178 35.4702289104 -0.407154786499 1.9177364685 3.54 0.1 0.1 -1.25404691696 1.79714584351 3.71526581446 0.231271242218 0.272 -0.205959609906 0.210480287943
* 179 35.6706988811 -0.425429530562 1.90961035445 3.56 0.1 0.1 -1.25404691696 1.79714584351 3.71526581446 0.231271242218 0.272 -0.19788651111 0.216772227904
* 180 35.8710780144 -0.443538108352 1.90112039507 3.58 0.1 0.1 -1.25404691696 1.79714584351 3.71526581446 0.231271242218 0.272 -0.189830237266 0.223262058059
* 181 36.0715110302 -0.461473276678 1.8922699862 3.6 0.1 0.1 -1.25404691696 1.79714584351 3.71526581446 0.231271242218 0.272 -0.181794010776 0.229950317806
* 182 36.2719750404 -0.479227861714 1.8830626679 3.62 0.1 0.1 -1.25404691696 1.79714584351 3.71526581446 0.231271242218 0.272 -0.173781046024 0.236837467171
* 183 36.4724640846 -0.496794761861 1.87350212298 3.64 0.1 0.1 -1.25404691696 1.79714584351 3.71526581446 0.231271242218 0.272 -0.165794548089 0.24392388663
* 184 36.6727819443 -0.514166950594 1.86359217552 3.66 0.1 0.1 -1.25404691696 1.79714584351 3.71526581446 0.231271242218 0.272 -0.157837711463 0.251209876951
* 185 36.8733100891 -0.531337479269 1.85333678937 3.68 0.1 0.1 -1.25404691696 1.79714584351 3.71526581446 0.231271242218 0.272 -0.149913718774 0.258695659078
* 186 37.0737719536 -0.548299479903 1.84274006656 3.7 0.1 0.1 -1.25404691696 1.79714584351 3.71526581446 0.231271242218 0.272 -0.142025739516 0.266381374039
* 187 37.2741720676 -0.565046167923 1.83180624561 3.72 0.1 0.1 -1.25404691696 1.79714584351 3.71526581446 0.231271242218 0.272 -0.134176928773 0.274267082895
* 188 37.474588871 -0.581570844875 1.82053969993 3.74 0.1 0.1 -1.25404691696 1.79714584351 3.71526581446 0.231271242218 0.272 -0.126370425965 0.282352766708
* 189 37.6749129295 -0.597866901111 1.80894493598 3.76 0.1 0.1 -1.25404691696 1.79714584351 3.71526581446 0.231271242218 0.272 -0.11860935359 0.290638326556
* 190 37.8753919601 -0.613927818425 1.7970265915 3.78 0.1 0.1 -1.25404691696 1.79714584351 3.71526581446 0.231271242218 0.272 -0.110896815973 0.299123583567
* 191 38.0758888721 -0.629747172663 1.78478943368 3.8 0.1 0.1 -1.25404691696 1.79714584351 3.71526581446 0.267637096892 0.271 -0.103235898026 0.307808278994
* 192 38.2763450146 -0.645318636295 1.77223835722 3.82 0.1 0.1 -1.25404691696 1.79714584351 3.71526581446 0.266989668125 0.27 -0.0956296640148 0.316692074317
* 193 38.4767410755 -0.660635980944 1.75937838238 3.84 0.1 0.1 -1.25404691696 1.79714584351 3.71526581446 0.267121284471 0.268 -0.0880811563308 0.325774551379
* 194 38.6771330833 -0.675693079875 1.74621465298 3.86 0.1 0.1 -1.25404691696 1.79714584351 3.71526581446 0.267121284471 0.268 -0.0805933942766 0.335055212552
* 195 38.8775310516 -0.69048391045 1.73275243433 3.88 0.1 0.1 -1.25404691696 1.79714584351 3.71526581446 0.267121284471 0.268 -0.0731693728573 0.344533480938
* 196 39.0779168606 -0.705002556534 1.71899711115 3.9 0.1 0.1 -1.46625900269 1.59810304642 3.93035251299 0.318732992357 0.27 -0.143916825996 0.315553773126
* 197 39.2783510685 -0.719243210862 1.70495418537 3.92 0.1 0.1 -1.46625900269 1.59810304642 3.93035251299 0.320546861694 0.271 -0.136038177315 0.323288617022
* 198 39.4787609577 -0.733200177363 1.69062927399 3.94 0.1 0.1 -1.40157938004 1.66261196136 4.0473309199 0.368572886789 0.276 -0.0708664464944 0.312257666017
* 199 39.679142952 -0.746867873434 1.67602810677 3.96 0.1 0.1 -1.29895830154 1.82134628296 4.31509870688 0.588542953113 0.277 0.062558371986 0.243488464406
* 200 39.8795809746 -0.760240832181 1.661156524 3.98 0.1 0.1 -1.29895830154 1.82134628296 4.31509870688 0.556410286203 0.314 0.0706373202097 0.248038207703
* 201 40.0799350739 -0.773313704599 1.64602047409 4.0 0.1 0.1 -1.29895830154 1.82134628296 4.31509870688 0.553876271572 0.312 0.0787285655978 0.252777471681
* 202 40.2802400589 -0.786081261711 1.63062601127 4.02 0.1 0.1 -1.29866456985 1.84409046173 4.35615867773 0.608581652727 0.311 0.102751738191 0.24567661967
* 203 40.4806370735 -0.798538396667 1.61497929313 4.04 0.1 0.1 -1.29866456985 1.84409046173 4.35615867773 0.60621974341 0.31 0.110842413026 0.250405807551
* 204 40.6810460091 -0.810680126778 1.59908657813 4.06 0.1 0.1 -1.29866456985 1.84409046173 4.35615867773 0.596548808451 0.309 0.118942320262 0.255325691928
* 205 40.8813829422 -0.822501595514 1.58295422316 4.08 0.1 0.1 -1.28903865814 1.87337875366 4.45228523413 0.596548808451 0.309 0.156119857831 0.21686253812
* 206 41.0818090439 -0.833998074444 1.56658868094 4.1 0.1 0.1 -1.28903865814 1.87337875366 4.45228523413 0.596548808451 0.309 0.164185656987 0.221250469329
* 207 41.2821910381 -0.845164965132 1.54999649747 4.12 0.1 0.1 -1.29240846634 1.81356716156 4.52115434805 -0.358679176875 0.306 0.160159942044 0.187374034477
* 208 41.4825930595 -0.855997800968 1.5331843094 4.14 0.1 0.1 -1.29240846634 1.81356716156 4.52115434805 -0.284904626998 0.31 0.168198294377 0.191492479411
* 209 41.6829800606 -0.866492248964 1.51615884138 4.16 0.1 0.1 -1.29418897629 1.79699516296 4.54369444052 -0.310661970998 0.31 0.173088287595 0.184011431594
* 210 41.883382082 -0.876644111481 1.49892690337 4.18 0.1 0.1 -1.29418897629 1.79699516296 4.54369444052 -0.29861817781 0.311 0.181144041807 0.188292504406
* 211 42.0839369297 -0.886449327908 1.48149538792 4.2 0.1 0.1 -1.29418897629 1.79699516296 4.54369444052 -0.29861817781 0.311 0.189216711665 0.192761193989
* 212 42.2843499184 -0.895903976289 1.46387126741 4.22 0.1 0.1 -1.29418897629 1.79699516296 4.54369444052 -0.292980161732 0.311 0.197303068209 0.197418848169
* 213 42.4847688675 -0.905004274892 1.44606159124 4.24 0.1 0.1 -1.29418897629 1.79699516296 4.54369444052 -0.29104733459 0.312 0.205399877005 0.202266739189
* 214 42.6851458549 -0.913746583718 1.42807348304 4.26 0.1 0.1 -1.29418897629 1.79699516296 4.54369444052 -0.200839855407 0.302 0.213503899436 0.207306063199
* 215 42.8854870796 -0.922127405961 1.40991413783 4.28 0.1 0.1 -1.29418897629 1.79699516296 4.54369444052 -0.0350384039932 0.279 0.221611894002 0.21253793978
* 216 43.0859780312 -0.930143389402 1.3915908191 4.3 0.1 0.1 -1.29418897629 1.79699516296 4.54369444052 -0.0350384039932 0.279 0.229720617613 0.217963411492
* 217 43.286356926 -0.937791327756 1.37311085592 4.32 0.1 0.1 -1.29418897629 1.79699516296 4.54369444052 -0.0350384039932 0.279 0.237826826887 0.223583443462
* 218 43.4868068695 -0.94506816195 1.35448164005 4.34 0.1 0.1 -1.29955196381 1.69786262512 4.60735220114 -0.0350384039932 0.279 0.215717187718 0.189485507333
* 219 43.6872580051 -0.951970981346 1.33571062291 4.36 0.1 0.1 -1.29955196381 1.69786262512 4.60735220114 -0.0350384039932 0.279 0.22382602035 0.194875498412
* 220 43.8876018524 -0.958497024909 1.31680531266 4.38 0.1 0.1 -1.29955196381 1.69786262512 4.60735220114 -0.0350384039932 0.279 0.231932931784 0.200459879042
* 221 44.0879359245 -0.964643682309 1.29777327119 4.4 0.1 0.1 -1.29955196381 1.69786262512 4.60735220114 -0.0350384039932 0.279 0.240034679363 0.206239550789
* 222 44.2882940769 -0.970408494964 1.27862211104 4.42 0.1 0.1 -1.29955196381 1.69786262512 4.60735220114 -0.0350384039932 0.279 0.248128022498 0.212215337103
* 223 44.4886660576 -0.975789157026 1.25935949243 4.44 0.1 0.1 -1.29955196381 1.69786262512 4.60735220114 -0.0350384039932 0.279 0.256209723959 0.218387982992
* 224 44.6891379356 -0.980783516303 1.23999312014 4.46 0.1 0.1 -1.29955196381 1.69786262512 4.60735220114 -0.0350384039932 0.279 0.264276551172 0.224758154721
* 225 44.8894488811 -0.985389575116 1.22053074048 4.48 0.1 0.1 -1.29955196381 1.69786262512 4.60735220114 -0.0350384039932 0.279 0.272325277514 0.23132643955
* 226 45.0899260044 -0.989605491105 1.20098013813 4.5 0.1 0.1 -1.29955196381 1.69786262512 4.60735220114 -0.0350384039932 0.279 0.280352683603 0.238093345494
* 227 45.2902739048 -0.993429577958 1.18134913306 4.52 0.1 0.1 -1.29955196381 1.69786262512 4.60735220114 -0.0350384039932 0.279 0.288355558582 0.245059301124
* 228 45.4906020164 -0.996860306093 1.16164557743 4.54 0.1 0.1 -1.29955196381 1.69786262512 4.60735220114 -0.0350384039932 0.279 0.296330701409 0.252224655393
* 229 45.6910438538 -0.999896303263 1.14187735239 4.56 0.1 0.1 -1.29955196381 1.69786262512 4.60735220114 -0.0350384039932 0.279 0.3 0.259589677496
* 230 45.8915300369 -1.00253635511 1.12205236497 4.58 0.1 0.1 -1.29955196381 1.69786262512 4.60735220114 -0.0350384039932 0.279 0.3 0.267154556766
* 231 46.0921008587 -1.00477940565 1.1021785449 4.6 0.1 0.1 -1.29955196381 1.69786262512 4.60735220114 -0.0350384039932 0.279 0.3 0.274919402594
* 232 46.2924230099 -1.00662455769 1.08226384144 4.62 0.1 0.1 -1.29955196381 1.69786262512 4.60735220114 -0.0350384039932 0.279 0.3 0.282884244387
* 233 46.4927868843 -1.00807107319 1.06231622021 4.64 0.1 0.1 -1.29955196381 1.69786262512 4.60735220114 -0.0350384039932 0.279 0.3 0.291049031558
* 234 46.6932048798 -1.00911837358 1.04234365998 4.66 0.1 0.1 -1.29955196381 1.69786262512 4.60735220114 -0.0350384039932 0.279 0.3 0.299413633543
* 235 46.8936030865 -1.00976603993 1.02235414952 4.68 0.1 0.1 -1.29955196381 1.69786262512 4.60735220114 -0.0350384039932 0.279 0.3 0.307977839855
* 236 47.0939998627 -1.0100138132 1.00235568437 4.7 0.1 0.1 -1.29955196381 1.69786262512 4.60735220114 -0.0350384039932 0.279 0.3 0.316741360167
* 237 47.2944040298 -1.00986159428 0.982356263647 4.72 0.1 0.1 -1.29955196381 1.69786262512 4.60735220114 -0.0350384039932 0.279 0.3 0.325703824432
* 238 47.4948539734 -1.00930944405 0.962363886847 4.74 0.1 0.1 -1.29955196381 1.69786262512 4.60735220114 -0.0350384039932 0.279 0.3 0.334864783024
* 239 47.6953718662 -1.00835758337 0.942386550657 4.76 0.1 0.1 -1.29955196381 1.69786262512 4.60735220114 -0.0350384039932 0.279 0.3 0.344223706926
* 240 47.8958489895 -1.00700639296 0.922432245746 4.78 0.1 0.1 -1.29955196381 1.69786262512 4.60735220114 -0.0350384039932 0.279 0.3 0.353779987935
* 241 48.0961940289 -1.00525641329 0.902508953569 4.8 0.1 0.1 -1.29955196381 1.69786262512 4.60735220114 -0.0350384039932 0.279 0.3 0.363532938908
* 242 48.2966659069 -1.00310834433 0.882624643178 4.82 0.1 0.1 -1.29955196381 1.69786262512 4.60735220114 -0.0350384039932 0.279 0.3 0.373481794037
* 243 48.4971249104 -1.00056304527 0.862787268032 4.84 0.1 0.1 -1.29955196381 1.69786262512 4.60735220114 -0.0350384039932 0.279 0.3 0.383625709156
* 244 48.697537899 -0.997621534197 0.843004762816 4.86 0.1 0.1 -1.29955196381 1.69786262512 4.60735220114 -0.0350384039932 0.279 0.3 0.393963762075
* 245 48.8979129791 -0.99428498768 0.823285040269 4.88 0.1 0.1 -1.29955196381 1.69786262512 4.60735220114 -0.0350384039932 0.279 0.3 0.404494952953
* 246 49.0983879566 -0.990554740291 0.803635988016 4.9 0.1 0.1 -1.28463697433 1.40063714981 4.76072115103 -0.850684330553 0.254 0.3 0.287033779742
* 247 49.2988450527 -0.986432284081 0.784065465417 4.92 0.1 0.1 -1.28463697433 1.40063714981 4.76072115103 -0.850684330553 0.254 0.3 0.296458209172
* 248 49.4991879463 -0.981919267975 0.76458130042 4.94 0.1 0.1 -1.28463697433 1.40063714981 4.76072115103 -0.850684330553 0.254 0.3 0.306079776619
* 249 49.6995210648 -0.977017497121 0.745191286431 4.96 0.1 0.1 -1.28463697433 1.40063714981 4.76072115103 -0.850684330553 0.254 0.3 0.315897768828
* 250 49.9000060558 -0.971728932162 0.725903179197 4.98 0.1 0.1 -1.28463697433 1.40063714981 4.76072115103 -0.850684330553 0.254 0.3 0.325911393974
* 251 50.1003248692 -0.966055688453 0.706724693704 5.0 0.1 0.1 -1.28463697433 1.40063714981 4.76072115103 -0.850684330553 0.254 0.3 0.336119781984
* 252 50.3008320332 -0.960000035216 0.68766350109 5.02 0.1 0.1 -1.28463697433 1.40063714981 4.76072115103 -0.850684330553 0.254 0.3 0.346521984881
* 253 50.501157999 -0.953564394631 0.668727225578 5.04 0.1 0.1 -1.28463697433 1.40063714981 4.76072115103 -0.850684330553 0.254 0.3 0.357116977164
* 254 50.7014729977 -0.946751340868 0.649923441426 5.06 0.1 0.1 -1.28463697433 1.40063714981 4.76072115103 -0.850684330553 0.254 0.3 0.367903656221
* 255 50.9017939568 -0.93956359906 0.631259669897 5.08 0.1 0.1 -1.28463697433 1.40063714981 4.76072115103 -1.32177019186 0.248 0.3 0.378880842766
* 256 51.102298975 -0.932004044205 0.61274337625 5.1 0.1 0.1 -1.28463697433 1.40063714981 4.76072115103 -1.6673160198 0.23 0.3 0.390047281312
* 257 51.3026878834 -0.924075700027 0.594381966757 5.12 0.1 0.1 -1.28463697433 1.40063714981 4.76072115103 -1.69229364855 0.227 0.3 0.401401640677
* 258 51.5030179024 -0.915781737756 0.576182785736 5.14 0.1 0.1 -1.28463697433 1.40063714981 4.76072115103 -1.69229364855 0.227 0.3 0.41294251451
* 259 51.703387022 -0.907125474866 0.558153112616 5.16 0.1 0.1 -1.28463697433 1.40063714981 4.76072115103 -1.69229364855 0.227 0.3 0.424668421857
* 260 51.9038670063 -0.898110373748 0.540300159028 5.18 0.1 0.1 -1.28463697433 1.40063714981 4.76072115103 -1.72319320523 0.225 0.3 0.436577807754
* 261 52.1042120457 -0.888740040322 0.522631065913 5.2 0.1 0.1 -1.28463697433 1.40063714981 4.76072115103 -1.72319320523 0.225 0.3 0.448669043849
* 262 52.3046040535 -0.879018222597 0.505152900675 5.22 0.1 0.1 -1.28463697433 1.40063714981 4.76072115103 -1.72319320523 0.225 0.3 0.46094042905
* 263 52.5049200058 -0.868948809169 0.487872654345 5.24 0.1 0.1 -1.28463697433 1.40063714981 4.76072115103 -1.7471059172 0.224 0.3 0.473390190209
* 264 52.705395937 -0.858535827669 0.470797238792 5.26 0.1 0.1 -1.28463697433 1.40063714981 4.76072115103 -1.76012947953 0.222 0.3 0.48601648283
* 265 52.9057278633 -0.847783443153 0.453933483955 5.28 0.1 0.1 -1.28463697433 1.40063714981 4.76072115103 -1.76033011621 0.222 0.3 0.498817391807
* 266 53.106071949 -0.836695956429 0.437288135111 5.3 0.1 0.1 -1.28463697433 1.40063714981 4.76072115103 -1.76033011621 0.222 0.3 0.511790932189
* 267 53.3063850403 -0.825277802345 0.420867850177 5.32 0.1 0.1 -1.28463697433 1.40063714981 4.76072115103 -1.7603630375 0.221 0.3 0.524935049975
* 268 53.5067429543 -0.813533548011 0.404679197048 5.34 0.1 0.1 -1.28463697433 1.40063714981 4.76072115103 -1.75992431509 0.217 0.3 0.538247622937
* 269 53.7071988583 -0.801467890971 0.388728650969 5.36 0.1 0.1 -1.28463697433 1.40063714981 4.76072115103 -1.75992431509 0.217 0.3 0.551726461464
* 270 53.9075579643 -0.789085657327 0.373022591948 5.38 0.1 0.1 -1.28463697433 1.40063714981 4.76072115103 -1.75992431509 0.217 0.3 0.565369309443
* 271 54.1078979969 -0.776391799809 0.357567302196 5.4 0.1 0.1 -1.28463697433 1.40063714981 4.76072115103 -1.75992431509 0.217 0.3 0.579173845159
* 272 54.3082609177 -0.763391395788 0.342368963626 5.42 0.1 0.1 -1.28463697433 1.40063714981 4.76072115103 -1.75992431509 0.217 0.3 0.593137682225
* 273 54.5086219311 -0.750089645255 0.327433655368 5.44 0.1 0.1 -1.28463697433 1.40063714981 4.76072115103 -1.75992431509 0.217 0.3 0.607258370534
* 274 54.7090978622 -0.736491868731 0.312767351349 5.46 0.1 0.1 -1.28463697433 1.40063714981 4.76072115103 -1.75992431509 0.217 0.3 0.621533397241
* 275 54.9094150066 -0.722603505146 0.298375917892 5.48 0.1 0.1 -1.28463697433 1.40063714981 4.76072115103 -1.75992431509 0.217 0.3 0.635960187769
* 276 55.1098470688 -0.70843010966 0.284265111381 5.5 0.1 0.1 -1.28463697433 1.40063714981 4.76072115103 -1.75992431509 0.217 0.3 0.650536106835
* 277 55.310338974 -0.693977351442 0.270440575949 5.52 0.1 0.1 -1.28463697433 1.40063714981 4.76072115103 -1.75992431509 0.217 0.3 0.66525845951
* 278 55.5107820034 -0.679251011404 0.256907841226 5.54 0.1 0.1 -1.28463697433 1.40063714981 4.76072115103 -1.75992431509 0.217 0.3 0.68012449229
* 279 55.7111830711 -0.664256979884 0.243672320126 5.56 0.1 0.1 -1.28463697433 1.40063714981 4.76072115103 -1.75992431509 0.217 0.3 0.695131394204
* 280 55.9116299152 -0.649001254296 0.230739306681 5.58 0.1 0.1 -0.153548240662 -0.308152198792 5.70259380737 -1.75992431509 0.217 -0.178957406505 0.141364563878
* 281 56.111976862 -0.633489936726 0.218113973924 5.6 0.1 0.1 -0.153548240662 -0.308152198792 5.70259380737 -1.75992431509 0.217 -0.17093554611 0.148178791784
* 282 56.312306881 -0.617729231494 0.205801371819 5.62 0.1 0.1 -0.153548240662 -0.308152198792 5.70259380737 -1.75992431509 0.217 -0.162938979353 0.155192159622
* 283 56.5127649307 -0.601725442672 0.193806425243 5.64 0.1 0.1 -0.153548240662 -0.308152198792 5.70259380737 -1.75992431509 0.217 -0.154970904754 0.162404997381
* 284 56.7131259441 -0.585484971563 0.182133932015 5.66 0.1 0.1 -0.153548240662 -0.308152198792 5.70259380737 -1.75992431509 0.217 -0.147034509436 0.169817555265
* 285 56.9134640694 -0.569014314139 0.170788560976 5.68 0.1 0.1 -0.153548240662 -0.308152198792 5.70259380737 -1.75992431509 0.217 -0.139132967852 0.17743000359
* 286 57.1138548851 -0.552320058442 0.159774850124 5.7 0.1 0.1 -0.153548240662 -0.308152198792 5.70259380737 -1.75992431509 0.217 -0.131269440514 0.185242432722
* 287 57.3142049313 -0.535408881953 0.149097204796 5.72 0.1 0.1 -0.153548240662 -0.308152198792 5.70259380737 -1.75992431509 0.217 -0.123447072727 0.193254853036
* 288 57.5145800114 -0.518287548916 0.138759895908 5.74 0.1 0.1 -0.153548240662 -0.308152198792 5.70259380737 -1.75992431509 0.217 -0.115668993334 0.201467194913
* 289 57.715045929 -0.500962907637 0.128767058246 5.76 0.1 0.1 -0.153548240662 -0.308152198792 5.70259380737 -1.75992431509 0.217 -0.107938313463 0.209879308767
* 290 57.9153659344 -0.483441887741 0.119122688811 5.78 0.1 0.1 -0.153548240662 -0.308152198792 5.70259380737 -1.75992431509 0.217 -0.100258125283 0.218490965108
* 291 58.1156690121 -0.465731497402 0.109830645223 5.8 0.1 0.1 -0.153548240662 -0.308152198792 5.70259380737 -1.75992431509 0.217 -0.0926315007673 0.227301854631
* 292 58.3160059452 -0.44783882054 0.100894644175 5.82 0.1 0.1 -0.153548240662 -0.308152198792 5.70259380737 -1.75992431509 0.217 -0.0850614904635 0.236311588339
* 293 58.5163319111 -0.429771013988 0.0923182599482 5.84 0.1 0.1 -0.153548240662 -0.308152198792 5.70259380737 -1.75992431509 0.217 -0.0775511222749 0.245519697701
* 294 58.7167580128 -0.411535304628 0.0841049229823 5.86 0.1 0.1 -0.153548240662 -0.308152198792 5.70259380737 -1.75992431509 0.217 -0.0701034002487 0.25492563484
* 295 58.9171149731 -0.393138986499 0.0762579185025 5.88 0.1 0.1 -0.153548240662 -0.308152198792 5.70259380737 -1.75992431509 0.217 -0.0627213033744 0.264528772747
* 296 59.1175510883 -0.374589417884 0.0687803852059 5.9 0.1 0.1 -0.153548240662 -0.308152198792 5.70259380737 -1.75992431509 0.217 -0.0554077843923 0.274328405538
* 297 59.3180060387 -0.355894018363 0.0616753140061 5.92 0.1 0.1 -0.153548240662 -0.308152198792 5.70259380737 -1.75992431509 0.217 -0.0481657686124 0.284323748733
* 298 59.5184290409 -0.337060265847 0.054945546837 5.94 0.1 0.1 -0.153548240662 -0.308152198792 5.70259380737 -1.75992431509 0.217 -0.0409981527446 0.29451393957
* 299 59.7187988758 -0.318095693585 0.0485937755155 5.96 0.1 0.1 -0.153548240662 -0.308152198792 5.70259380737 -1.75992431509 0.217 -0.0339078037396 0.304898037352
* 300 59.9192659855 -0.299007887153 0.0426225406656 5.98 0.1 0.1 -0.153548240662 -0.308152198792 5.70259380737 -1.75992431509 0.217 -0.0268975576425 0.315475023819
* 301 60.1195950508 -0.27980448142 0.0370342307017 6.0 0.1 0.1 -0.153548240662 -0.308152198792 5.70259380737 -1.75992431509 0.217 -0.0199702184583 0.326243803561
* 302 60.3199820518 -0.260493157492 0.031831080873 6.02 0.1 0.1 -0.153548240662 -0.308152198792 5.70259380737 -1.75992431509 0.217 -0.0131285570302 0.337203204452
* 303 60.5204229355 -0.241081639641 0.0270151723704 6.04 0.1 0.1 -0.153548240662 -0.308152198792 5.70259380737 -1.75992431509 0.217 -0.00637530993164 0.348351978119
* 304 60.7207579613 -0.221577692215 0.0225884314928 6.06 0.1 0.1 -0.153548240662 -0.308152198792 5.70259380737 -1.75992431509 0.217 0.000286821628614 0.359688800445
* 305 60.9213058949 -0.201989116533 0.0185526288777 6.08 0.1 0.1 -0.153548240662 -0.308152198792 5.70259380737 -1.75992431509 0.217 0.00685517288676 0.371212272094
* 306 61.1218008995 -0.182323747764 0.0149093787922 6.1 0.1 0.1 -0.153548240662 -0.308152198792 5.70259380737 -1.75992431509 0.217 0.0133271165899 0.382920919073
* 307 61.3223040104 -0.162589451793 0.0116601384879 6.12 0.1 0.1 -0.153548240662 -0.308152198792 5.70259380737 -1.75992431509 0.217 0.0197000640468 0.394813193322
* 308 61.5226280689 -0.142794122077 0.00880620761756 6.14 0.1 0.1 -0.153548240662 -0.308152198792 5.70259380737 -1.75992431509 0.217 0.0259714661634 0.406887473332
* 309 61.7229628563 -0.122945676482 0.00634872771543 6.16 0.1 0.1 -0.153548240662 -0.308152198792 5.70259380737 -1.75992431509 0.217 0.0321388144626 0.419142064795
* 310 61.9233379364 -0.103052054123 0.00428868174072 6.18 0.1 0.1 -0.153548240662 -0.308152198792 5.70259380737 -1.75992431509 0.217 0.0381996420873 0.43157520128
* 311 62.1237659454 -0.0831212121821 0.00262689368437 6.2 0.1 0.1 -0.153548240662 -0.308152198792 5.70259380737 -1.75992431509 0.217 0.0441515247871 0.444185044939
* 312 62.3242330551 -0.0631611227317 0.00136402823944 6.22 0.1 0.1 -0.153548240662 -0.308152198792 5.70259380737 -1.75992431509 0.217 0.0499920818884 0.456969687247
* 313 62.524684906 -0.043179769541 0.000500590535265 6.24 0.1 0.1 -0.153548240662 -0.308152198792 5.70259380737 -1.75992431509 0.217 0.0557189772463 0.46992714976
* 314 62.7250289917 -0.0231851448849 3.69259354162e-05 6.26 0.1 0.1 -0.153548240662 -0.308152198792 5.70259380737 -1.75992431509 0.217 0.0613299201788 0.483055384906
* 315 62.925536871 -0.0031852463466 -2.67801004475e-05 6.28 0.1 0.1 -0.153548240662 -0.308152198792 5.70259380737 -1.75992431509 0.217 0.0668226663838 0.49635227681
