### Ensaio do Controlador Klancar com Laser (Círculo) ###

# Parâmetros #

# Número do Ensaio: 6
# Frequência: 10.0 Hz
# Raio: 1.00 m
# Velocidade Linear da Base: 0.10 m/s
# Velocidade Angular da Base: 0.10 rad/s
# Parâmetro ksi: 0.80
# Parâmetro w_n: 0.33
# Parâmetro g: 10.00

* 1 0.0 0.0 0.0 0.0 0.1 0.1 0.0 0.0 0.0 0.0 0.0 0.1 0.1
* 2 0.101504802704 0.00999950000417 9.99983333417e-05 0.01 0.1 0.1 -0.00166702270508 0.000176906585693 0.000775677908678 0.00500000150419 0.005 0.106186668654 0.104809020759
* 3 0.202225923538 0.0199975000708 0.000299985000275 0.02 0.1 0.1 -0.000717639923096 0.000713348388672 0.000936596654356 0.0409999974829 0.036 0.110974315108 0.109683420045
* 4 0.303197860718 0.0299930004083 0.0005999400023 0.03 0.1 0.1 -0.00133943557739 0.000914573669434 0.00743049895391 0.067001548147 0.063 0.116599701779 0.111429292196
* 5 0.40386390686 0.0399850014749 0.000999833344166 0.04 0.1 0.1 0.014573097229 0.00456237792969 0.0184378121048 0.0840127677927 0.08 0.113424687972 0.107411737482
* 6 0.506141901016 0.0499725040789 0.00149962503687 0.05 0.1 0.1 0.0353407859802 0.00427150726318 0.0229299142957 0.0950202288591 0.088 0.107692063408 0.111258382573
* 7 0.606813907623 0.0599545094782 0.00209926510167 0.06 0.1 0.1 0.0493001937866 0.00417995452881 0.0244154315442 0.101020210411 0.095 0.105561871996 0.116543132737
* 8 0.707457780838 0.0699300194808 0.00279869357504 0.07 0.1 0.1 0.061882019043 0.00406932830811 0.0267220772803 0.103018187939 0.101 0.104157576729 0.121480646223
* 9 0.808439970016 0.0798980365438 0.00359784051473 0.08 0.1 0.1 0.0721230506897 0.00528192520142 0.0283555686474 0.103014168593 0.108 0.103965550132 0.125501789909
* 10 0.909037828445 0.0898575638739 0.00449662600671 0.09 0.1 0.1 0.0832810401917 0.00707530975342 0.0360301658511 0.103026492502 0.113 0.103292737869 0.125825718265
* 11 1.00959396362 0.0998076055267 0.00549496017318 0.1 0.1 0.1 0.0938630104065 0.00666427612305 0.0481169633567 0.103063206713 0.118 0.102986499786 0.126078362394
* 12 1.11019897461 0.109747166506 0.00659274318155 0.11 0.1 0.1 0.106908321381 0.00732898712158 0.0560091324151 0.103087294285 0.12 0.101336512828 0.127756784413
* 13 1.21074795723 0.119675252865 0.00778986525444 0.12 0.1 0.1 0.119591712952 0.00968837738037 0.0605644136667 0.102088455391 0.122 0.0998066933576 0.129639998524
* 14 1.31444978714 0.129590871802 0.00908620668064 0.13 0.1 0.1 0.139993190765 0.0124840736389 0.0722205042839 0.101101064001 0.124 0.0941973098133 0.128022863569
* 15 1.41497397423 0.139493031764 0.0104816378271 0.14 0.1 0.1 0.149457454681 0.0148267745972 0.0790385901928 0.100109750948 0.126 0.0943609736829 0.128804962285
* 16 1.51537895203 0.149380742543 0.0119760191518 0.15 0.1 0.1 0.159346103668 0.016902923584 0.0847902446985 0.0971227974081 0.127 0.0942968201678 0.130538955537
* 17 1.61579990387 0.159253015377 0.013569201218 0.16 0.1 0.1 0.169521331787 0.017466545105 0.0913557559252 0.0961857064166 0.128 0.0941495528846 0.133482425951
* 18 1.71622776985 0.169108863046 0.0152610247086 0.17 0.1 0.1 0.178578853607 0.0193886756897 0.0977535024285 0.0951506479508 0.129 0.0945240057647 0.13515462981
* 19 1.81663489342 0.178947299974 0.0170513204429 0.18 0.1 0.1 0.187642097473 0.0195283889771 0.105653263628 0.0951654831809 0.131 0.0949968815759 0.137906506144
* 20 1.91702389717 0.188767342325 0.0189399093927 0.19 0.1 0.1 0.194795131683 0.0220046043396 0.115563951433 0.0951958602021 0.133 0.0963581959069 0.137151023549
* 21 2.01745891571 0.198568008104 0.0209266027006 0.2 0.1 0.1 0.202476501465 0.0228652954102 0.127603158355 0.0952508408612 0.135 0.0975499106767 0.136992558639
* 22 2.11787796021 0.208348317251 0.0230112016991 0.21 0.1 0.1 0.202476501465 0.0228652954102 0.127603158355 0.0953376946501 0.135 0.102761187371 0.143122194683
* 23 2.21831893921 0.218107291744 0.0251934979299 0.22 0.1 0.1 0.225481510162 0.0267004966736 0.141127258539 0.0974158511453 0.136 0.0957023322956 0.141399842147
* 24 2.31875491142 0.227843955694 0.0274732731652 0.23 0.1 0.1 0.23629283905 0.033203125 0.142490297556 0.0984179992969 0.138 0.094747509139 0.141965927755
* 25 2.41958093643 0.237557335443 0.0298502994295 0.24 0.1 0.1 0.247443199158 0.0336065292358 0.146858230233 0.0963533679915 0.139 0.0940853032195 0.147157419231
* 26 2.52007079124 0.24724645966 0.032324339022 0.25 0.1 0.1 0.255530357361 0.0359244346619 0.154079437256 0.0953431226256 0.14 0.0949032654894 0.148615090462
* 27 2.62086987495 0.256910359441 0.034895144541 0.26 0.1 0.1 0.263155937195 0.0372581481934 0.162183791399 0.0953767942298 0.143 0.096048715733 0.150583648687
* 28 2.72207093239 0.266548068405 0.0375624589079 0.27 0.1 0.1 0.272278785706 0.0392785072327 0.172297462821 0.0955761610605 0.146 0.0963709300858 0.15113869545
* 29 2.82247877121 0.276158622788 0.0403260153935 0.28 0.1 0.1 0.282530784607 0.0407423973083 0.180784672499 0.0956289939285 0.148 0.0961421477436 0.153385730601
* 30 2.92298579216 0.285741061543 0.0431855376445 0.29 0.1 0.1 0.29273223877 0.0437669754028 0.188086763024 0.0955604177541 0.148 0.0957789335754 0.154817300053
* 31 3.02337193489 0.295294426434 0.0461407397112 0.3 0.1 0.1 0.301473140717 0.044825553894 0.197675615549 0.0955905279029 0.15 0.0963990628738 0.156802470231
* 32 3.12435793877 0.304817762133 0.0491913260756 0.31 0.1 0.1 0.312024593353 0.0461692810059 0.206244543195 0.0956646816444 0.152 0.0960473066752 0.15949272016
* 33 3.22534680367 0.314310116314 0.0523369916818 0.32 0.1 0.1 0.323976993561 0.0503525733948 0.214229986072 0.0958698973555 0.154 0.094652471092 0.160122097831
* 34 3.32580494881 0.323770539749 0.0555774219657 0.33 0.1 0.1 0.334547996521 0.056761264801 0.220669329166 0.0957878953759 0.156 0.0936849474616 0.159221273694
* 35 3.42625999451 0.333198086405 0.0589122928871 0.34 0.1 0.1 0.344895362854 0.0584373474121 0.228285878897 0.0957878958606 0.156 0.0933874507679 0.16239202479
* 36 3.52667093277 0.342591813533 0.0623412709617 0.35 0.1 0.1 0.353260993958 0.0600090026855 0.233993679285 0.0948213090171 0.158 0.0941074306639 0.166302420995
* 37 3.6271469593 0.35195078177 0.0658640132944 0.36 0.1 0.1 0.362336158752 0.0631036758423 0.240655243397 0.0948206867226 0.16 0.0942855206117 0.168487515381
* 38 3.72759890556 0.361274055226 0.0694801676141 0.37 0.1 0.1 0.37034702301 0.0650100708008 0.24722827971 0.0939661510196 0.162 0.0951595277326 0.171704531573
* 39 3.82817482948 0.370560701582 0.0731893723082 0.38 0.1 0.1 0.379636287689 0.0672693252563 0.257180064917 0.0950815853994 0.166 0.0953881176734 0.173209380805
* 40 3.92858886719 0.37980979218 0.0769912564594 0.39 0.1 0.1 0.389006137848 0.0711975097656 0.268024384975 0.0949588754126 0.167 0.0953653399525 0.172749901892
* 41 4.02919983864 0.38902040212 0.0808854398825 0.4 0.1 0.1 0.400145053864 0.0741539001465 0.277610123158 0.0953003214406 0.169 0.0945535647632 0.174470018664
* 42 4.12963700294 0.398191610349 0.0848715331624 0.41 0.1 0.1 0.409735679626 0.0757613182068 0.286732137203 0.0953754727334 0.17 0.0947326107907 0.177416479586
* 43 4.230219841 0.407322499752 0.088949137693 0.42 0.1 0.1 0.41808795929 0.0795707702637 0.295315980911 0.0954605328911 0.172 0.0952066451846 0.178270400084
* 44 4.33067584038 0.416412157248 0.0931178457172 0.43 0.1 0.1 0.427717685699 0.085141658783 0.303173899651 0.0955266783991 0.174 0.0947347121906 0.178289232124
* 45 4.43132591248 0.425459673881 0.0973772403679 0.44 0.1 0.1 0.439146995544 0.088755607605 0.310632288456 0.0953810476345 0.174 0.0936471164142 0.181042947813
* 46 4.53196191788 0.434464144904 0.101726895709 0.45 0.1 0.1 0.448491096497 0.093165397644 0.319493174553 0.0956572060301 0.177 0.0935097140512 0.18178864976
* 47 4.63255476952 0.443424669879 0.106166376779 0.46 0.1 0.1 0.458390712738 0.0949106216431 0.327730089426 0.0954760185793 0.178 0.0935300018476 0.185664509824
* 48 4.73344492912 0.452340352761 0.110695239632 0.47 0.1 0.1 0.465475559235 0.0988111495972 0.335336655378 0.0957772304527 0.179 0.0945879389818 0.187005214002
* 49 4.83421683311 0.461210301989 0.115313031388 0.48 0.1 0.1 0.47342300415 0.10160446167 0.343674063683 0.0956127463801 0.181 0.0954215474643 0.18936470378
* 50 4.93593192101 0.470033630575 0.12001929027 0.49 0.1 0.1 0.48113155365 0.105593681335 0.352185755968 0.0959077063273 0.184 0.0961647411804 0.190500912365
* 51 5.03754997253 0.478809456194 0.124813545656 0.5 0.1 0.1 0.490532875061 0.109353542328 0.362453639507 0.0959519187175 0.185 0.0961474716067 0.191602675645
* 52 5.13796377182 0.487536901271 0.129695318124 0.51 0.1 0.1 0.500007629395 0.11464214325 0.372652232647 0.0971698812795 0.187 0.0958031212058 0.191445390344
* 53 5.23852396011 0.496215093067 0.134664119503 0.52 0.1 0.1 0.509126186371 0.11701965332 0.381000578403 0.0971432093576 0.189 0.0961571107146 0.194941646879
* 54 5.3390519619 0.504843163773 0.139719452915 0.53 0.1 0.1 0.518934726715 0.121576786041 0.389199793339 0.0972381181493 0.189 0.0957449879822 0.196849881906
* 55 5.43952989578 0.513420250586 0.144860812831 0.54 0.1 0.1 0.526671409607 0.125882148743 0.398448050022 0.0970048716352 0.19 0.0964263262377 0.197749205513
* 56 5.54016184807 0.521945495807 0.150087685121 0.55 0.1 0.1 0.535050868988 0.131242275238 0.408027380705 0.0974329790282 0.193 0.0965785050353 0.197837692326
* 57 5.64077091217 0.530418046917 0.1553995471 0.56 0.1 0.1 0.544886112213 0.13525390625 0.41834422946 0.0972217979335 0.195 0.096325820572 0.199457007573
* 58 5.74162793159 0.538837056669 0.160795867587 0.57 0.1 0.1 0.554877281189 0.13952255249 0.426914066076 0.098705088449 0.196 0.0959044464497 0.201935642878
* 59 5.84222698212 0.547201683168 0.166276106955 0.58 0.1 0.1 0.562522888184 0.145116329193 0.434117525816 0.0984426021708 0.196 0.0962844899389 0.203055270162
* 60 5.94279289246 0.555511089959 0.171839717184 0.59 0.1 0.1 0.570196628571 0.149179935455 0.441862016916 0.09767438039 0.198 0.0970022172767 0.205374244977
* 61 6.04323887825 0.563764446108 0.177486141918 0.6 0.1 0.1 0.578130245209 0.154099464417 0.449657320976 0.0974004871906 0.2 0.0974006727518 0.207086985968
* 62 6.14381980896 0.571960926286 0.183214816519 0.61 0.1 0.1 0.58517074585 0.157711029053 0.458981901407 0.0987542813646 0.201 0.0985733912681 0.208855927453
* 63 6.24437379837 0.580099710853 0.189025168125 0.62 0.1 0.1 0.59502696991 0.163439750671 0.46670627594 0.0985460284974 0.202 0.0978621986175 0.210912510049
* 64 6.34480786324 0.588179985936 0.194916615704 0.63 0.1 0.1 0.603588104248 0.167963504791 0.475642114878 0.0999374992469 0.206 0.0980916206786 0.212928357325
* 65 6.44569683075 0.596200943515 0.200888570118 0.64 0.1 0.1 0.615451812744 0.175053596497 0.484276562929 0.099583962037 0.207 0.0961317200457 0.214463048438
* 66 6.54627299309 0.6041617815 0.206940434175 0.65 0.1 0.1 0.622601509094 0.178811073303 0.494367480278 0.100070124507 0.21 0.0972602853854 0.216098541068
* 67 6.64739489555 0.612061703815 0.213071602695 0.66 0.1 0.1 0.629605293274 0.184491157532 0.505238831043 0.100101770351 0.212 0.0979991529496 0.215626515477
* 68 6.74813389778 0.619899920474 0.219281462565 0.67 0.1 0.1 0.638328552246 0.190742492676 0.515355527401 0.100283933148 0.212 0.0977613364757 0.215978334271
* 69 6.84870576859 0.627675647662 0.225569392805 0.68 0.1 0.1 0.649109840393 0.197375297546 0.523364543915 0.100299877049 0.213 0.0964017395707 0.218253018042
* 70 6.94949579239 0.635388107812 0.231934764628 0.69 0.1 0.1 0.658478736877 0.203366279602 0.533012568951 0.100462091571 0.213 0.0959201073733 0.219645463976
* 71 7.05005693436 0.643036529684 0.2383769415 0.7 0.1 0.1 0.666069030762 0.208331108093 0.541404426098 0.0993098628061 0.215 0.0964872051149 0.221778744375
* 72 7.15067982674 0.650620148444 0.24489527921 0.71 0.1 0.1 0.673261165619 0.214531898499 0.549934566021 0.0994055775764 0.217 0.0968994316027 0.222659790367
* 73 7.25124788284 0.658138205736 0.25148912593 0.72 0.1 0.1 0.680800437927 0.218092441559 0.558026373386 0.0992593162567 0.218 0.097873645761 0.226283334051
* 74 7.35185098648 0.665589949759 0.25815782228 0.73 0.1 0.1 0.687993526459 0.22469997406 0.566197991371 0.099331283203 0.22 0.0981521567798 0.227177693529
* 75 7.45260095596 0.672974635346 0.264900701396 0.74 0.1 0.1 0.697093009949 0.233567237854 0.574736535549 0.10034915745 0.222 0.0969340277448 0.227109072736
* 76 7.55354881287 0.680291524035 0.271717088996 0.75 0.1 0.1 0.707018375397 0.238657474518 0.584038257599 0.100497147641 0.223 0.0964674274789 0.230386111106
* 77 7.65427088737 0.687539884143 0.278606303448 0.76 0.1 0.1 0.714115142822 0.245994567871 0.594401419163 0.0994459315868 0.225 0.0966397935475 0.229777322685
* 78 7.75510692596 0.694718990839 0.285567655834 0.77 0.1 0.1 0.721878051758 0.25213098526 0.607006072998 0.0998253785376 0.226 0.0969580564673 0.22944970289
* 79 7.85553789139 0.701828126219 0.292600450026 0.78 0.1 0.1 0.729895591736 0.258461952209 0.618406116962 0.0998234398936 0.227 0.0970637782381 0.229839326653
* 80 7.95636296272 0.708866579375 0.29970398275 0.79 0.1 0.1 0.737962245941 0.266419410706 0.629916489124 0.100146360742 0.227 0.0966495177549 0.22898599386
* 81 8.05771183968 0.715833646469 0.306877543659 0.8 0.1 0.1 0.746865272522 0.274086952209 0.642816662788 0.100258262403 0.227 0.0960175206473 0.228258817194
* 82 8.158659935 0.722728630798 0.314120415403 0.81 0.1 0.1 0.754148006439 0.280076503754 0.653240978718 0.100518629939 0.228 0.0965132020776 0.229316171503
* 83 8.25938677788 0.729550842871 0.3214318737 0.82 0.1 0.1 0.762278079987 0.287353515625 0.662584900856 0.100565585521 0.228 0.0961958372063 0.230533814723
* 84 8.36091899872 0.736299600472 0.328811187411 0.83 0.1 0.1 0.768999576569 0.295545101166 0.673163354397 0.10078110295 0.228 0.0962114378142 0.229623334996
* 85 8.46247577667 0.74297422873 0.336257618611 0.84 0.1 0.1 0.778238773346 0.303708076477 0.686176538467 0.100988681254 0.229 0.0952848367979 0.229153733098
* 86 8.56416678429 0.749574060189 0.343770422662 0.85 0.1 0.1 0.786025047302 0.311139583588 0.696446418762 0.101192106419 0.229 0.0950928504988 0.229899875353
* 87 8.66574287415 0.756098434871 0.351348848291 0.86 0.1 0.1 0.794378757477 0.319492340088 0.708189964294 0.100247883822 0.229 0.0944167271467 0.22965563609
* 88 8.76741290092 0.762546700343 0.358992137661 0.87 0.1 0.1 0.801006317139 0.326521873474 0.718778073788 0.100411024668 0.228 0.0948445557608 0.230009228536
* 89 8.86828994751 0.768918211785 0.36669952645 0.88 0.1 0.1 0.806627750397 0.332122802734 0.730561554432 0.0997036648424 0.229 0.0962250602699 0.230216859531
* 90 8.96880793571 0.775212332051 0.374470243926 0.89 0.1 0.1 0.813788414001 0.33815908432 0.749218046665 0.101533356169 0.229 0.0971448935712 0.227568037468
* 91 9.06938385963 0.781428431734 0.382303513022 0.9 0.1 0.1 0.82096529007 0.347201347351 0.764884054661 0.102388402755 0.229 0.0968503786226 0.224402954574
* 92 9.16993284225 0.787565889229 0.390198550419 0.91 0.1 0.1 0.829615592957 0.3543176651 0.779475927353 0.103834992032 0.227 0.0966614988329 0.224342348921
* 93 9.27044796944 0.793624090795 0.398154566619 0.92 0.1 0.1 0.83602142334 0.361533164978 0.792033851147 0.103358290118 0.225 0.0972118259873 0.223807066176
* 94 9.37103295326 0.799602430618 0.406170766028 0.93 0.1 0.1 0.842458248138 0.36935710907 0.803165197372 0.104566921911 0.225 0.097460973678 0.223707991281
* 95 9.47165083885 0.805500310868 0.414246347032 0.94 0.1 0.1 0.847698688507 0.379349708557 0.816118478775 0.105261791034 0.225 0.0973836429958 0.220386238356
* 96 9.57225394249 0.811317141763 0.42238050208 0.95 0.1 0.1 0.854166507721 0.387565612793 0.831844508648 0.106119162021 0.224 0.0976442867227 0.217821863787
* 97 9.67282295227 0.817052341624 0.430572417763 0.96 0.1 0.1 0.861963748932 0.395341396332 0.844755887985 0.106780392492 0.221 0.0974946325266 0.218130957257
* 98 9.77336788177 0.822705336935 0.438821274896 0.97 0.1 0.1 0.867619037628 0.403975486755 0.854864478111 0.108038126585 0.22 0.0976465630761 0.217854404203
* 99 9.87410187721 0.828275562403 0.447126248601 0.98 0.1 0.1 0.874611377716 0.41154384613 0.864005625248 0.10715217186 0.218 0.097719224242 0.219896728453
* 100 9.97988891602 0.833762461009 0.455486508387 0.99 0.1 0.1 0.879091739655 0.418527126312 0.874462306499 0.108463903994 0.218 0.0989515175441 0.21979389125
* 101 10.0804169178 0.839165484067 0.463901218235 1.0 0.1 0.1 0.883458614349 0.426438808441 0.888189911842 0.109316254373 0.219 0.0999738249235 0.217333504702
* 102 10.1808328629 0.844484091281 0.472369536682 1.01 0.1 0.1 0.891460895538 0.435532569885 0.901655852795 0.1111970044 0.219 0.099282571003 0.217190813044
* 103 10.2814469337 0.849717750794 0.480890616901 1.02 0.1 0.1 0.89868927002 0.445569038391 0.913483679295 0.11197816259 0.217 0.0983935173023 0.21687280524
* 104 10.3819599152 0.854865939243 0.489463606793 1.03 0.1 0.1 0.903104305267 0.451155185699 0.92477875948 0.11224183062 0.218 0.100268799597 0.217416537804
* 105 10.4825367928 0.859928141816 0.498087649065 1.04 0.1 0.1 0.908993244171 0.462273597717 0.937630951405 0.113355398445 0.217 0.0993915851279 0.215068566797
* 106 10.5830748081 0.864903852295 0.506761881321 1.05 0.1 0.1 0.914271354675 0.47033405304 0.949270248413 0.113709046731 0.216 0.0999547531795 0.214799641348
* 107 10.6836588383 0.869792573113 0.515485436145 1.06 0.1 0.1 0.918636798859 0.482120513916 0.959887623787 0.114415288981 0.215 0.0991344527844 0.212273780938
* 108 10.7842099667 0.874593815403 0.524257441188 1.07 0.1 0.1 0.925209522247 0.492872714996 0.970942139626 0.116135691959 0.214 0.0980938869105 0.212062525505
* 109 10.8847630024 0.879307099045 0.533077019256 1.08 0.1 0.1 0.928897857666 0.49928188324 0.979451298714 0.115357728454 0.213 0.0997128516621 0.21336705219
* 110 10.9863607883 0.883931952714 0.541943288401 1.09 0.1 0.1 0.933582782745 0.507849693298 0.988399863243 0.11543455543 0.212 0.100101932851 0.214133258313
* 111 11.0874388218 0.888467913928 0.550855362001 1.1 0.1 0.1 0.937979221344 0.516001224518 0.997794091702 0.116627508761 0.212 0.10077520248 0.214736222251
* 112 11.188013792 0.892914529096 0.559812348858 1.11 0.1 0.1 0.941392421722 0.526026248932 1.00901758671 0.117551914245 0.213 0.100960315278 0.212612196212
* 113 11.2885808945 0.897271353558 0.56881335328 1.12 0.1 0.1 0.946113586426 0.536512851715 1.02106225491 0.119426664403 0.213 0.100584660669 0.211024025392
* 114 11.3891108036 0.901537951638 0.577857475174 1.13 0.1 0.1 0.951437473297 0.545605659485 1.03337657452 0.1209672926 0.213 0.100680173395 0.210649878322
* 115 11.4897069931 0.905713896677 0.586943810135 1.14 0.1 0.1 0.955721855164 0.554395198822 1.04634225368 0.121777755801 0.212 0.10122428055 0.209285586042
* 116 11.5903029442 0.909798771086 0.596071449538 1.15 0.1 0.1 0.960670471191 0.564253807068 1.05906569958 0.123390625706 0.21 0.101088888999 0.208190827147
* 117 11.6908710003 0.91379216638 0.605239480625 1.16 0.1 0.1 0.96354675293 0.574376106262 1.07355356216 0.124657802965 0.21 0.101426962079 0.204324978887
* 118 11.7914078236 0.917693683223 0.614446986603 1.17 0.1 0.1 0.968770503998 0.585848331451 1.0887594223 0.128319520806 0.209 0.100551852588 0.201625771962
* 119 11.8919188976 0.921502931467 0.623693046727 1.18 0.1 0.1 0.974586963654 0.59797668457 1.10122263432 0.128007147243 0.205 0.0991125109891 0.200779090849
* 120 11.9925189018 0.92521953019 0.632976736399 1.19 0.1 0.1 0.977238178253 0.606130123138 1.10998952389 0.129344470455 0.205 0.100165732097 0.200989056634
* 121 12.0930869579 0.928843107734 0.642297127259 1.2 0.1 0.1 0.980698108673 0.615941047668 1.1188519001 0.128335909864 0.202 0.10023557006 0.201220898422
* 122 12.1935918331 0.932373301746 0.651653287274 1.21 0.1 0.1 0.983371734619 0.624138832092 1.12844276428 0.130706326085 0.202 0.101278326455 0.201146873329
* 123 12.2943577766 0.93580975921 0.661044280838 1.22 0.1 0.1 0.985271453857 0.633582115173 1.13955116272 0.13166454505 0.202 0.101943973456 0.199103502743
* 124 12.3950247765 0.939152136481 0.670469168857 1.23 0.1 0.1 0.989095211029 0.645436286926 1.1515276432 0.133754066441 0.201 0.101036557291 0.197450188834
* 125 12.4954957962 0.942400099325 0.679927008851 1.24 0.1 0.1 0.993182182312 0.654547691345 1.16205072403 0.134666556623 0.199 0.101343941121 0.19805044855
* 126 12.5959298611 0.945553322949 0.689416855045 1.25 0.1 0.1 0.995893001556 0.663962364197 1.17357099056 0.137042944251 0.198 0.101829695055 0.196825298904
* 127 12.6964409351 0.948611492033 0.698937758461 1.26 0.1 0.1 0.999378681183 0.672322750092 1.18585050106 0.140080650555 0.198 0.102698907894 0.196394328027
* 128 12.7970998287 0.951574300762 0.708488767017 1.27 0.1 0.1 1.00082445145 0.681002616882 1.20146381855 0.144037970069 0.198 0.103932905941 0.192220856186
* 129 12.8978528976 0.954441452859 0.71806892562 1.28 0.1 0.1 1.00427389145 0.693118095398 1.21814072132 0.149495605058 0.196 0.103100756142 0.188209730443
* 130 12.9985888004 0.957212661609 0.727677276262 1.29 0.1 0.1 1.00925064087 0.706840515137 1.22835922241 0.151935460157 0.193 0.100952833638 0.188723546112
* 131 13.0990109444 0.959887649895 0.737312858116 1.3 0.1 0.1 1.0099568367 0.715292930603 1.23482680321 0.151789942416 0.191 0.102059864969 0.189114312837
* 132 13.1996138096 0.962466150221 0.746974707632 1.31 0.1 0.1 1.0123167038 0.726853370667 1.24353456497 0.152231212605 0.19 0.10138651063 0.188943366418
* 133 13.3001878262 0.964947904737 0.756661858633 1.32 0.1 0.1 1.01485586166 0.736115455627 1.25153291225 0.153086859546 0.19 0.101805377775 0.190167537597
* 134 13.4009809494 0.967332665272 0.766373342412 1.33 0.1 0.1 1.01506328583 0.746815681458 1.26103937626 0.155582966118 0.189 0.101925963484 0.18801535847
* 135 13.5015158653 0.96962019335 0.776108187829 1.34 0.1 0.1 1.01772975922 0.758505821228 1.27199912071 0.158680830342 0.189 0.101180635235 0.187244860216
* 136 13.6020407677 0.971810260221 0.785865421408 1.35 0.1 0.1 1.02067184448 0.768717288971 1.28230857849 0.161977452253 0.189 0.101117919313 0.187642208657
* 137 13.7026438713 0.97390264688 0.795644067432 1.36 0.1 0.1 1.02240419388 0.777102470398 1.29211986065 0.164248386187 0.188 0.102149340019 0.187752133246
* 138 13.8032288551 0.975897144089 0.805443148046 1.37 0.1 0.1 1.02425289154 0.784497261047 1.30320692062 0.168484664059 0.188 0.103711769412 0.187617479326
* 139 13.9037628174 0.977793552402 0.81526168335 1.38 0.1 0.1 1.02475881577 0.795820713043 1.31641709805 0.173056832444 0.188 0.103510848415 0.184087023937
* 140 14.0043799877 0.979591682179 0.825098691498 1.39 0.1 0.1 1.02667093277 0.807426929474 1.32860970497 0.181077229594 0.187 0.102924046919 0.182520804433
* 141 14.1057949066 0.981291353608 0.834953188798 1.4 0.1 0.1 1.03045415878 0.820353031158 1.33488762379 0.181844662106 0.185 0.101223588219 0.185766088051
* 142 14.2071969509 0.982892396724 0.844824189808 1.41 0.1 0.1 1.02959489822 0.829789638519 1.34251463413 0.184113825178 0.185 0.101935096662 0.184705047191
* 143 14.3078918457 0.984394651423 0.854710707436 1.42 0.1 0.1 1.03067064285 0.841265201569 1.3507900238 0.187929729638 0.184 0.101364429162 0.184821812377
* 144 14.4083168507 0.985797967481 0.86461175304 1.43 0.1 0.1 1.03043031693 0.850225925446 1.35792946815 0.187842384295 0.185 0.102198404673 0.184909102688
* 145 14.5093328953 0.987102204569 0.874526336522 1.44 0.1 0.1 1.03036403656 0.861562252045 1.36634922028 0.192715179019 0.186 0.101804215211 0.184076398589
* 146 14.6097819805 0.988307232262 0.884453466432 1.45 0.1 0.1 1.03280115128 0.872656345367 1.37774407864 0.199072283721 0.184 0.101353108643 0.184274030534
* 147 14.7102799416 0.989412930061 0.894392150066 1.46 0.1 0.1 1.0333609581 0.88116979599 1.38754487038 0.205993264212 0.184 0.102386906423 0.184070693034
* 148 14.8107187748 0.990419187394 0.904341393564 1.47 0.1 0.1 1.03434514999 0.890112876892 1.39779388905 0.212605879472 0.185 0.103164662573 0.184036451692
* 149 14.9111328125 0.991325903639 0.914300202009 1.48 0.1 0.1 1.03515911102 0.899027824402 1.41058385372 0.226461853106 0.184 0.104049111131 0.182544594614
* 150 15.0115709305 0.992132988124 0.92426757953 1.49 0.1 0.1 1.03490686417 0.909883975983 1.42609584332 0.246403189862 0.184 0.104075898378 0.178312288682
* 151 15.1123688221 0.99284036014 0.934242529396 1.5 0.1 0.1 1.03590297699 0.924561977386 1.43777763844 0.26284453369 0.182 0.101867447367 0.176985020493
* 152 15.2128338814 0.993447948953 0.944224054121 1.51 0.1 0.1 1.03683710098 0.934996128082 1.44763863087 0.27865863945 0.18 0.101836887459 0.177286809691
* 153 15.3136548996 0.993955693802 0.95421115556 1.52 0.1 0.1 1.03689479828 0.944921970367 1.45622849464 0.291487603264 0.179 0.102088968858 0.177560507852
* 154 15.4142978191 0.994363543914 0.964202835013 1.53 0.1 0.1 1.03788661957 0.956545352936 1.46346604824 0.302045392675 0.178 0.101344740992 0.179399835122
* 155 15.5147140026 0.994671458505 0.974198093319 1.54 0.1 0.1 1.0368719101 0.966706752777 1.47162783146 0.320944476288 0.179 0.101505026306 0.179017174298
* 156 15.615516901 0.994879406783 0.984195930961 1.55 0.1 0.1 1.03697061539 0.976580619812 1.48451817036 0.355094298284 0.179 0.101887063016 0.17733944964
* 157 15.7161359787 0.994987367954 0.994195348163 1.56 0.1 0.1 1.03757762909 0.989202022552 1.49577248096 0.400525978937 0.178 0.100742096767 0.176927696313
* 158 15.8169558048 0.994995331221 1.00419534499 1.57 0.1 0.1 1.0382437706 0.999520778656 1.50646793842 0.451978211046 0.177 0.100798393814 0.177173407783
* 159 15.9174258709 0.994903295788 1.01419492146 1.58 0.1 0.1 1.03679037094 1.01027679443 1.5160317421 0.520195969564 0.177 0.100654861359 0.175984138787
* 160 16.0180389881 0.994711270859 1.02419307761 1.59 0.1 0.1 1.0373749733 1.01857995987 1.52830088139 0.647408640548 0.176 0.101823885169 0.175604898203
* 161 16.1186168194 0.994419275636 1.03418881364 1.6 0.1 0.1 1.03538131714 1.02963256836 1.54475426674 1.03383111082 0.176 0.101698421324 0.170383491848
* 162 16.2194108963 0.994027339318 1.04418112998 1.61 0.1 0.1 1.03436422348 1.04243993759 1.55856311321 2.12093924149 0.176 0.100529805977 0.167650662426
* 163 16.3200309277 0.993535501099 1.05416902742 1.62 0.1 0.1 1.03356933594 1.05442810059 1.5640963316 3.7995654705 0.172 0.0995639670107 0.169697039307
* 164 16.4206337929 0.992943810162 1.06415150716 1.63 0.1 0.1 1.03446578979 1.06524801254 1.57072675228 353.235788784 0.17 0.0992409810146 0.17297584289
* 165 16.5211949348 0.992252325676 1.07412757098 1.64 0.1 0.1 1.03267812729 1.07459020615 1.57748901844 -3.54874498381 0.17 0.09970275893 0.173600067867
* 166 16.6243798733 0.991461116787 1.08409622126 1.65 0.1 0.1 1.03009843826 1.09585237503 1.59153521061 -1.77022984002 0.172 0.0940171481361 0.169897727999
* 167 16.7250068188 0.990570262618 1.09405646116 1.66 0.1 0.1 1.02991628647 1.10515213013 1.60230493546 -1.05950393076 0.172 0.0946062760927 0.170292506511
* 168 16.8276479244 0.989579852252 1.10400729466 1.67 0.1 0.1 1.02903652191 1.11716890335 1.61169064045 -0.656291122175 0.172 0.0937075591293 0.170904209408
* 169 16.9280519485 0.98848998473 1.11394772668 1.68 0.1 0.1 1.02778768539 1.12520217896 1.6212220192 -0.387333898077 0.17 0.0949137288257 0.171006143521
* 170 17.0292749405 0.987300769037 1.12387676319 1.69 0.1 0.1 1.02746963501 1.13456010818 1.632147789 -0.372220105023 0.17 0.0954810934657 0.171448171922
* 171 17.1297819614 0.986012324094 1.13379341129 1.7 0.1 0.1 1.02543020248 1.14220571518 1.64272844791 -0.251970496632 0.171 0.0968868566857 0.170312256841
* 172 17.2309029102 0.984624778744 1.14369667934 1.71 0.1 0.1 1.02244853973 1.15322542191 1.65161466599 -0.242881258462 0.17 0.0964099729554 0.169452321781
* 173 17.3312897682 0.983138271742 1.153585577 1.72 0.1 0.1 1.01933526993 1.16525506973 1.65668177605 -0.207971940448 0.17 0.0952775853569 0.170665034622
* 174 17.4317858219 0.981552951735 1.16345911539 1.73 0.1 0.1 1.01819753647 1.17523097992 1.6626021862 -0.187144685854 0.169 0.0953351451922 0.17333479737
* 175 17.5323898792 0.979868977256 1.17331630718 1.74 0.1 0.1 1.01727581024 1.18595743179 1.67035496235 -0.15302605517 0.169 0.0950556620078 0.175435887672
* 176 17.6328818798 0.978086516699 1.18315616665 1.75 0.1 0.1 1.01456832886 1.19448852539 1.67584323883 -0.147362573897 0.17 0.0957745958629 0.176820976982
* 177 17.7334258556 0.97620574831 1.19297770982 1.76 0.1 0.1 1.01242828369 1.2027220726 1.68366897106 -0.121701626244 0.172 0.0967357984423 0.177595397766
* 178 17.8340167999 0.974226860164 1.20277995455 1.77 0.1 0.1 1.01019668579 1.21162033081 1.69397449493 -0.116691745931 0.174 0.0974007086995 0.177127169586
* 179 17.9345169067 0.972150050148 1.21256192062 1.78 0.1 0.1 1.00698518753 1.22387838364 1.70301949978 -0.093980721287 0.175 0.0961881809583 0.176873482149
* 180 18.0349907875 0.969975525941 1.22232262984 1.79 0.1 0.1 1.0060544014 1.23555517197 1.71269011497 -0.0906366364091 0.175 0.0954574356569 0.178612863416
* 181 18.136182785 0.967703504994 1.23206110615 1.8 0.1 0.1 1.00398540497 1.24429702759 1.72224640846 -0.0721255789353 0.176 0.0961838693443 0.178973366883
* 182 18.2365648746 0.965334214507 1.2417763757 1.81 0.1 0.1 1.00135707855 1.25252532959 1.73101353645 -0.0683711270873 0.177 0.0971068418253 0.179191269851
* 183 18.3371357918 0.962867891408 1.25146746699 1.82 0.1 0.1 0.998943328857 1.26165437698 1.74391329288 -0.054398819045 0.177 0.097683283136 0.17766710598
* 184 18.4377279282 0.960304782325 1.26113341091 1.83 0.1 0.1 0.993433952332 1.27265691757 1.75221049786 -0.0510879213056 0.178 0.0968547343243 0.175944358712
* 185 18.5382418633 0.957645143569 1.27077324087 1.84 0.1 0.1 0.991171360016 1.28315353394 1.75963151455 -0.0422948225006 0.177 0.0965639196018 0.177902542944
* 186 18.6387758255 0.954889241101 1.2803859929 1.85 0.1 0.1 0.990580558777 1.29288482666 1.7665156126 -0.0397459950467 0.175 0.096829012656 0.181742397692
* 187 18.7393028736 0.952037350509 1.28997070573 1.86 0.1 0.1 0.987324237823 1.30186748505 1.77254533768 -0.0332761520597 0.177 0.0971849716961 0.183363787262
* 188 18.8398108482 0.949089756979 1.2995264209 1.87 0.1 0.1 0.984728336334 1.31212615967 1.78017425537 -0.0295866774064 0.178 0.0969875643496 0.185146047784
* 189 18.9402229786 0.946046755268 1.30905218284 1.88 0.1 0.1 0.981947422028 1.32157421112 1.78882479668 -0.0229778319117 0.18 0.0972178567315 0.186142357178
* 190 19.0407619476 0.942908649675 1.31854703899 1.89 0.1 0.1 0.976853847504 1.33152294159 1.79885566235 -0.020318101351 0.182 0.0969500204198 0.184366595455
* 191 19.1412508488 0.939675754006 1.32801003987 1.9 0.1 0.1 0.974767208099 1.34303188324 1.81376731396 -0.0144292765176 0.184 0.0963712080467 0.183435030179
* 192 19.2418029308 0.936348391549 1.33744023918 1.91 0.1 0.1 0.973667144775 1.3525853157 1.8263092041 -0.0122865120996 0.184 0.0968792251516 0.184346301872
* 193 19.342348814 0.932926895038 1.34683669392 1.92 0.1 0.1 0.969016075134 1.36298799515 1.83745479584 -0.00757583159593 0.182 0.0964380720906 0.182873129495
* 194 19.4430558681 0.929411606618 1.35619846444 1.93 0.1 0.1 0.965960502625 1.36936569214 1.84685456753 -0.00502602540428 0.182 0.0982181922337 0.18287593728
* 195 19.543637991 0.925802877817 1.36552461458 1.94 0.1 0.1 0.959842681885 1.38109636307 1.85573112965 -0.00129652483308 0.183 0.0967925956195 0.181762573272
* 196 19.6442317963 0.922101069503 1.37481421173 1.95 0.1 0.1 0.955561637878 1.39137887955 1.86655676365 0.000752601590741 0.182 0.0964188691131 0.181115781369
* 197 19.7447938919 0.918306551855 1.38406632694 1.96 0.1 0.1 0.952803611755 1.40089702606 1.87652647495 0.00434874020067 0.181 0.0966445808285 0.182259265381
* 198 19.8455319405 0.914419704322 1.393280035 1.97 0.1 0.1 0.946789264679 1.41163301468 1.88200390339 0.00612459585737 0.181 0.0956015320942 0.183130514903
* 199 19.9459347725 0.910440915584 1.40245441456 1.98 0.1 0.1 0.943713188171 1.41941356659 1.89105582237 0.00829454815728 0.181 0.0966211761532 0.184118576228
* 200 20.047565937 0.906370583517 1.41158854817 1.99 0.1 0.1 0.941792011261 1.42787694931 1.90257203579 0.0112570102851 0.181 0.097568350963 0.185189753858
* 201 20.148072958 0.902209115152 1.42068152244 2.0 0.1 0.1 0.938695430756 1.4363617897 1.91371846199 0.0133183186817 0.182 0.0983018206517 0.185420441047
* 202 20.2485997677 0.897956926631 1.42973242807 2.01 0.1 0.1 0.934550285339 1.44752407074 1.9294128418 0.0146969491494 0.183 0.0976503072975 0.183274283118
* 203 20.3491508961 0.89361444317 1.43874035999 2.02 0.1 0.1 0.928352832794 1.45832300186 1.94124746323 0.0166284240348 0.184 0.096677140252 0.181262320041
* 204 20.4494819641 0.889182099013 1.4477044174 2.03 0.1 0.1 0.923931121826 1.46677303314 1.94984972477 0.0183875834968 0.182 0.0971018368409 0.181871091361
* 205 20.5502619743 0.884660337392 1.45662370391 2.04 0.1 0.1 0.918392181396 1.47616243362 1.95967411995 0.0202175288089 0.182 0.0968701383198 0.18124710298
* 206 20.6508448124 0.880049610478 1.46549732759 2.05 0.1 0.1 0.914942264557 1.48499202728 1.96846282482 0.0215649222362 0.181 0.0973006718766 0.18298807011
* 207 20.7513067722 0.87535037934 1.4743244011 2.06 0.1 0.1 0.909155368805 1.49453401566 1.97711217403 0.0233111770344 0.182 0.096895367291 0.183025345932
* 208 20.8516879082 0.870563113899 1.48310404173 2.07 0.1 0.1 0.905155181885 1.50301122665 1.98383557796 0.0246390171771 0.182 0.0973216968473 0.185397702687
* 209 20.9523699284 0.865688292876 1.49183537153 2.08 0.1 0.1 0.900298118591 1.51194286346 1.99044108391 0.0260972149574 0.182 0.0973377945585 0.187324709145
* 210 21.0530087948 0.860726403748 1.50051751736 2.09 0.1 0.1 0.895659446716 1.51948547363 1.99849915504 0.0275785457436 0.184 0.0981118731784 0.188209704083
* 211 21.1537709236 0.855677942702 1.50914961103 2.1 0.1 0.1 0.891666412354 1.52874803543 2.0065472126 0.0289023733696 0.184 0.0981963482341 0.190489444177
* 212 21.2546908855 0.850543414579 1.51773078932 2.11 0.1 0.1 0.887766361237 1.536008358 2.01718354225 0.0302861854623 0.186 0.0993482284592 0.190720148975
* 213 21.3553698063 0.845323332828 1.52626019414 2.12 0.1 0.1 0.884326934814 1.54584360123 2.03179430962 0.0318438936519 0.186 0.0995111414657 0.190450730161
* 214 21.4559338093 0.840018219452 1.53473697254 2.13 0.1 0.1 0.87791967392 1.55497646332 2.04416322708 0.0325924713767 0.189 0.0992416876362 0.188510780553
* 215 21.5565109253 0.834628604958 1.54316027686 2.14 0.1 0.1 0.870606899261 1.5668721199 2.05431675911 0.0336544650223 0.188 0.0973686388497 0.188346153986
* 216 21.6571087837 0.829155028303 1.55152926477 2.15 0.1 0.1 0.864977359772 1.57213592529 2.06304073334 0.0347146997399 0.188 0.0989692672413 0.187453914921
* 217 21.7576417923 0.82359803684 1.55984309937 2.16 0.1 0.1 0.861267089844 1.58225297928 2.0730817318 0.0359406766031 0.188 0.0988228441414 0.189929176357
* 218 21.8582298756 0.817958186265 1.5681009493 2.17 0.1 0.1 0.855733394623 1.58855342865 2.08080506325 0.0367689522014 0.187 0.0999164064722 0.190284717657
* 219 21.9587669373 0.812236040556 1.57630198878 2.18 0.1 0.1 0.849127292633 1.59868383408 2.08917117119 0.0381494727744 0.187 0.0989706504699 0.191333420703
* 220 22.0596737862 0.806432171925 1.5844453977 2.19 0.1 0.1 0.843456745148 1.60744953156 2.09715557098 0.0389841328609 0.188 0.0988849611939 0.192838835415
* 221 22.1602678299 0.800547160752 1.59253036174 2.2 0.1 0.1 0.837437152863 1.61580467224 2.10375905037 0.0407325369718 0.189 0.0988458163371 0.194670156711
* 222 22.2608399391 0.794581595535 1.60055607241 2.21 0.1 0.1 0.831916809082 1.62606716156 2.11318612099 0.041284360093 0.191 0.0981637708696 0.196520445071
* 223 22.3613967896 0.788536072824 1.60852172713 2.22 0.1 0.1 0.828148365021 1.63227176666 2.12410020828 0.0422103983495 0.192 0.099864180724 0.197072709994
* 224 22.4619879723 0.782411197168 1.61642652935 2.23 0.1 0.1 0.823078155518 1.63947677612 2.13955187798 0.0424038339435 0.193 0.100907845856 0.194676524903
* 225 22.5625557899 0.776207581047 1.6242696886 2.24 0.1 0.1 0.815554618835 1.64877223969 2.15278816223 0.0440867469033 0.195 0.100235484689 0.192617924399
* 226 22.6631028652 0.76992584482 1.63205042057 2.25 0.1 0.1 0.807152271271 1.65869617462 2.16324257851 0.044241879799 0.194 0.0989246059871 0.191799661948
* 227 22.7636709213 0.763566616654 1.63976794719 2.26 0.1 0.1 0.802560329437 1.66695022583 2.17466855049 0.045442588382 0.193 0.0995125349278 0.19281441145
* 228 22.864276886 0.757130532467 1.64742149672 2.27 0.1 0.1 0.795859336853 1.67527008057 2.18475055695 0.04553860752 0.192 0.0993975438211 0.19293815792
* 229 22.9648659229 0.750618235862 1.6550103038 2.28 0.1 0.1 0.789064884186 1.68181800842 2.19269990921 0.046697384279 0.192 0.0999428026366 0.193192705015
* 230 23.0669689178 0.744030378063 1.66253360956 2.29 0.1 0.1 0.781692504883 1.68973731995 2.20285654068 0.0473062552534 0.192 0.0997812319176 0.192701977798
* 231 23.1675348282 0.73736761785 1.66999066168 2.3 0.1 0.1 0.773822784424 1.69903373718 2.21124577522 0.0483590592968 0.192 0.0988085293182 0.193683921161
* 232 23.2680268288 0.730630621494 1.67738071446 2.31 0.1 0.1 0.765380859375 1.70563030243 2.21785306931 0.0491901371427 0.192 0.0987317845377 0.193654568025
* 233 23.3685719967 0.723820062689 1.6847030289 2.32 0.1 0.1 0.759128570557 1.71309661865 2.22644996643 0.0501853268051 0.193 0.0990430287483 0.194941464159
* 234 23.4690718651 0.716936622485 1.69195687278 2.33 0.1 0.1 0.753358364105 1.71950244904 2.23611593246 0.0506312074538 0.193 0.0999909779914 0.195478387878
* 235 23.5694749355 0.70998098922 1.69914152071 2.34 0.1 0.1 0.746980190277 1.72897338867 2.25144982338 0.0510079170969 0.194 0.0996609746071 0.194517618737
* 236 23.6700379848 0.702953858452 1.70625625424 2.35 0.1 0.1 0.738181114197 1.73540592194 2.26641058922 0.0511098407932 0.193 0.0997562317064 0.190080887496
* 237 23.7704629898 0.695855932889 1.7133003619 2.36 0.1 0.1 0.729725837708 1.74570941925 2.27883577347 0.0519412569419 0.192 0.0982953199267 0.18987657653
* 238 23.870942831 0.688687922316 1.72027313928 2.37 0.1 0.1 0.72073841095 1.75211715698 2.28717136383 0.052291554257 0.192 0.0980809177006 0.189036568229
* 239 23.9714488983 0.681450543529 1.72717388911 2.38 0.1 0.1 0.712964057922 1.75979804993 2.29700422287 0.0527072530751 0.19 0.097816084866 0.189268841477
* 240 24.071972847 0.67414452026 1.73400192133 2.39 0.1 0.1 0.70661687851 1.76454639435 2.30546689034 0.0531661935737 0.19 0.0991664054676 0.189429769
* 241 24.1724629402 0.666770583104 1.74075655314 2.4 0.1 0.1 0.699694156647 1.7710351944 2.3164536953 0.053873400633 0.19 0.0997006589866 0.189064413498
* 242 24.2729687691 0.65932946945 1.74743710907 2.41 0.1 0.1 0.691206455231 1.77877044678 2.32444143295 0.0540768470486 0.188 0.0990850897996 0.190088628216
* 243 24.3735158443 0.651821923403 1.75404292109 2.42 0.1 0.1 0.682896614075 1.78635311127 2.33156394958 0.05498429353 0.188 0.0985599917606 0.191714240211
* 244 24.4740519524 0.644248695711 1.7605733286 2.43 0.1 0.1 0.67368555069 1.79277133942 2.33977293968 0.0559899000728 0.189 0.0981775205892 0.191424383595
* 245 24.574562788 0.63661054369 1.76702767858 2.44 0.1 0.1 0.667611598969 1.79973697662 2.34882307053 0.0561940112925 0.19 0.0987674328098 0.193423841313
* 246 24.6750338078 0.62890823115 1.77340532561 2.45 0.1 0.1 0.660798549652 1.80436325073 2.3608186245 0.0564047773344 0.19 0.100061508294 0.191761881175
* 247 24.7756078243 0.621142528314 1.77970563191 2.46 0.1 0.1 0.652272701263 1.81161975861 2.37225556374 0.057142455788 0.191 0.0997010945636 0.191144664659
* 248 24.8761627674 0.613314211748 1.78592796746 2.47 0.1 0.1 0.641102790833 1.8187379837 2.38333749771 0.0577344904472 0.191 0.0983583177476 0.18891857925
* 249 24.9766798019 0.605424064276 1.79207171004 2.48 0.1 0.1 0.633563041687 1.82502746582 2.39294528961 0.0585596348083 0.19 0.0986574322976 0.189492923547
* 250 25.0773398876 0.597472874906 1.79813624527 2.49 0.1 0.1 0.625178337097 1.8303194046 2.40213346481 0.0583152465114 0.189 0.0989678004838 0.189075627138
* 251 25.1779248714 0.58946143875 1.80412096671 2.5 0.1 0.1 0.617331027985 1.83616065979 2.41164374352 0.0589945980962 0.189 0.099293413806 0.18934770057
* 252 25.2784559727 0.581390556946 1.81002527589 2.51 0.1 0.1 0.609359741211 1.8426399231 2.41913986206 0.0600252908595 0.189 0.0992778222875 0.191176865592
* 253 25.3789868355 0.573261036575 1.81584858239 2.52 0.1 0.1 0.599688053131 1.84893131256 2.42675709724 0.0601770945376 0.188 0.0986487310515 0.191787118625
* 254 25.4795098305 0.565073690582 1.82159030387 2.53 0.1 0.1 0.591351985931 1.8536195755 2.43578267097 0.0605088525974 0.189 0.099144823518 0.19141983754
* 255 25.5800499916 0.556829337696 1.82724986618 2.54 0.1 0.1 0.583788871765 1.85720157623 2.44347167015 0.0611305475838 0.19 0.100277423428 0.191497300791
* 256 25.6806089878 0.548528802343 1.83282670335 2.55 0.1 0.1 0.576856136322 1.86344051361 2.45392394066 0.0613807247638 0.19 0.100842968175 0.192620282752
* 257 25.7812678814 0.540172914572 1.83832025771 2.56 0.1 0.1 0.568846702576 1.86911582947 2.46614217758 0.0625024494989 0.191 0.10121703175 0.19176849004
* 258 25.8817908764 0.531762509963 1.84372997992 2.57 0.1 0.1 0.560978889465 1.87366867065 2.48266482353 0.0624554407 0.191 0.102149778254 0.187904579869
* 259 25.9823658466 0.523298429551 1.84905532899 2.58 0.1 0.1 0.549117088318 1.880859375 2.49632453918 0.0636212754037 0.19 0.100446202913 0.185340364003
* 260 26.082887888 0.514781519736 1.85429577241 2.59 0.1 0.1 0.538599491119 1.88582515717 2.50133562088 0.0641331323303 0.189 0.0997477779954 0.186564275544
* 261 26.1835188866 0.506212632203 1.85945078613 2.6 0.1 0.1 0.531285762787 1.89033126831 2.51064705849 0.0645417091007 0.187 0.100677852179 0.187141947974
* 262 26.2842719555 0.497592623832 1.86451985465 2.61 0.1 0.1 0.522655487061 1.89604949951 2.52008628845 0.0641874246297 0.186 0.10066676017 0.187940395641
* 263 26.384926796 0.488922356617 1.86950247108 2.62 0.1 0.1 0.5114402771 1.90114688873 2.52879858017 0.0654717475712 0.187 0.0997012529487 0.187234777356
* 264 26.4854748249 0.480202697579 1.87439813714 2.63 0.1 0.1 0.503133296967 1.90526294708 2.53789114952 0.0657749928977 0.187 0.10029547678 0.187305177856
* 265 26.5877158642 0.471434518675 1.87920636329 2.64 0.1 0.1 0.491203308105 1.91109466553 2.54674696922 0.0663900831818 0.186 0.0987714321478 0.186974710714
* 266 26.6885888577 0.462618696716 1.88392666871 2.65 0.1 0.1 0.486448764801 1.91595172882 2.55498600006 0.0670238747693 0.187 0.100673507484 0.190282210762
* 267 26.7891299725 0.453756113277 1.88855858136 2.66 0.1 0.1 0.477681159973 1.92112445831 2.56358575821 0.0666638452475 0.186 0.100727409609 0.19151042006
* 268 26.8900799751 0.44484765461 1.89310163805 2.67 0.1 0.1 0.470503807068 1.92516899109 2.57378387451 0.0677744968414 0.188 0.101864345647 0.191890953684
* 269 26.9904868603 0.435894211551 1.8975553845 2.68 0.1 0.1 0.46156835556 1.93000507355 2.58610033989 0.0679257383205 0.19 0.102054142296 0.190938933055
* 270 27.0915939808 0.426896679439 1.90191937532 2.69 0.1 0.1 0.451202392578 1.93430042267 2.5960278511 0.0691496611227 0.189 0.10166805442 0.190159947469
* 271 27.1924569607 0.417855958019 1.90619317412 2.7 0.1 0.1 0.440915584564 1.9397649765 2.60606741905 0.0693991501538 0.19 0.100991858037 0.190485196293
* 272 27.2930839062 0.408772951355 1.91037635353 2.71 0.1 0.1 0.432745456696 1.94392299652 2.6164484024 0.0700096506963 0.19 0.101645059372 0.190688698889
* 273 27.3935129642 0.399648567741 1.91446849523 2.72 0.1 0.1 0.423545837402 1.94778728485 2.62476921082 0.0694456117744 0.189 0.101835427268 0.191310437207
* 274 27.4945697784 0.390483719608 1.91846919 2.73 0.1 0.1 0.410489082336 1.95188999176 2.63382363319 0.0707017066429 0.19 0.100191185569 0.189968281867
* 275 27.5949649811 0.381279323432 1.92237803779 2.74 0.1 0.1 0.399972438812 1.95662021637 2.64313864708 0.0709752334298 0.19 0.0995569922293 0.190412709658
* 276 27.6955478191 0.372036299646 1.92619464771 2.75 0.1 0.1 0.391339302063 1.9611787796 2.6503880024 0.0709754166009 0.189 0.0997797515649 0.192812895392
* 277 27.7961068153 0.362755572544 1.92991863811 2.76 0.1 0.1 0.383376121521 1.96479320526 2.65894818306 0.0711815190518 0.19 0.100593093331 0.194085497171
* 278 27.896643877 0.353438070191 1.93354963658 2.77 0.1 0.1 0.374746799469 1.96850299835 2.66848325729 0.0717857197315 0.191 0.101099092114 0.194694265601
* 279 27.9974508286 0.344084724329 1.93708728003 2.78 0.1 0.1 0.367274284363 1.97292709351 2.68110513687 0.0719298489097 0.192 0.102083693931 0.194891228617
* 280 28.0979809761 0.334696470287 1.9405312147 2.79 0.1 0.1 0.35529088974 1.97563648224 2.69244861603 0.0730159881065 0.194 0.101280691267 0.192332095433
* 281 28.1985337734 0.32527424688 1.94388109621 2.8 0.1 0.1 0.343825340271 1.97914218903 2.70432472229 0.0731959725884 0.193 0.1005370025 0.190570244069
* 282 28.2990498543 0.315818996324 1.94713658955 2.81 0.1 0.1 0.334947109222 1.98335647583 2.71446871758 0.0729580763873 0.191 0.100820484055 0.191584466031
* 283 28.3995628357 0.306331664135 1.95029736919 2.82 0.1 0.1 0.328389644623 1.98694133759 2.72486424446 0.0731077121394 0.191 0.10238035714 0.192921075267
* 284 28.5001049042 0.29681319904 1.95336311906 2.83 0.1 0.1 0.322030544281 1.9904499054 2.73303985596 0.0736532662632 0.191 0.103992080699 0.195505677922
* 285 28.6006398201 0.287264552876 1.95633353257 2.84 0.1 0.1 0.311058998108 1.9913816452 2.74135279655 0.0747698048057 0.192 0.103895910412 0.193897546433
* 286 28.7020008564 0.277686680501 1.95920831269 2.85 0.1 0.1 0.29740524292 1.99677467346 2.75003242493 0.0760401626243 0.193 0.101564832087 0.195297146644
* 287 28.8027038574 0.268080539693 1.96198717195 2.86 0.1 0.1 0.285887718201 1.99903869629 2.75907945633 0.0763161569352 0.193 0.100919001558 0.194574871335
* 288 28.9034118652 0.258447091058 1.96466983246 2.87 0.1 0.1 0.277565002441 2.00223636627 2.76690745354 0.0768640570443 0.194 0.101614515086 0.196664128389
* 289 29.0041790009 0.248787297934 1.96725602596 2.88 0.1 0.1 0.270121574402 2.00408935547 2.77713227272 0.0764236885697 0.194 0.103081934508 0.196606262544
* 290 29.1049218178 0.239102126292 1.96974549382 2.89 0.1 0.1 0.257930755615 2.00688266754 2.78669214249 0.0767564351194 0.195 0.101987584341 0.1961870625
* 291 29.2056269646 0.229392544641 1.97213798712 2.9 0.1 0.1 0.24994802475 2.00937843323 2.79822587967 0.0777970908611 0.195 0.103100718274 0.195994236299
* 292 29.3064057827 0.21965952393 1.97443326659 2.91 0.1 0.1 0.240164279938 2.01332473755 2.8100874424 0.0782207349624 0.196 0.103072878646 0.19646717602
* 293 29.4068899155 0.209904037454 1.97663110271 2.92 0.1 0.1 0.228724002838 2.01572799683 2.82008981705 0.0785460088361 0.194 0.102420645974 0.196058938943
* 294 29.5073509216 0.200127060754 1.9787312757 2.93 0.1 0.1 0.221556186676 2.01776218414 2.82788324356 0.0790732970069 0.195 0.10390411423 0.197928091626
* 295 29.6078279018 0.190329571518 1.98073357555 2.94 0.1 0.1 0.211824893951 2.01934528351 2.83745384216 0.0796216835964 0.196 0.104221793504 0.197694011398
* 296 29.7089438438 0.180512549488 1.98263780202 2.95 0.1 0.1 0.199900627136 2.02033996582 2.84613585472 0.0805450246433 0.196 0.103478181347 0.196830404041
* 297 29.8095858097 0.170676976358 1.9844437647 2.96 0.1 0.1 0.190189361572 2.02222824097 2.85445165634 0.081123504296 0.196 0.103695409097 0.197773896393
* 298 29.9101438522 0.160823835676 1.98615128299 2.97 0.1 0.1 0.176089286804 2.02582263947 2.86250758171 0.0814231057175 0.196 0.101410827227 0.199383579759
* 299 30.0106098652 0.150954112749 1.98776018614 2.98 0.1 0.1 0.171784877777 2.02599143982 2.86948275566 0.0820223109636 0.197 0.104584613021 0.201070215142
* 300 30.1111299992 0.141068794541 1.98927031326 2.99 0.1 0.1 0.159962654114 2.02847099304 2.87806367874 0.0815074378455 0.198 0.103635485142 0.20216911712
* 301 30.2116408348 0.131168869575 1.99068151334 3.0 0.1 0.1 0.149651527405 2.03070163727 2.88896203041 0.0828095799723 0.199 0.103572595996 0.202292996359
* 302 30.3122489452 0.121255327835 1.99199364526 3.01 0.1 0.1 0.141983032227 2.03103256226 2.90125894547 0.0828855667822 0.2 0.105161522103 0.200555156364
* 303 30.4127168655 0.111329160668 1.99320657781 3.02 0.1 0.1 0.129398345947 2.03158283234 2.91524100304 0.0833308293475 0.2 0.104225451851 0.197043899711
* 304 30.5132858753 0.101391360682 1.9943201897 3.03 0.1 0.1 0.118454933167 2.03567218781 2.92880678177 0.0843416332642 0.199 0.103704981512 0.197722099877
* 305 30.6138138771 0.0914429216485 1.99533436956 3.04 0.1 0.1 0.107304573059 2.03905773163 2.93701791763 0.0849022654488 0.199 0.102998274876 0.200682394424
* 306 30.7142848969 0.0814848384031 1.99624901599 3.05 0.1 0.1 0.0972166061401 2.04026126862 2.94669055939 0.0851799767438 0.199 0.103133713062 0.201047915976
* 307 30.8150749207 0.071518106746 1.9970640375 3.06 0.1 0.1 0.0834755897522 2.03903484344 2.9528491497 0.0850030600779 0.199 0.101480329199 0.200329624059
* 308 30.9156739712 0.0615437233419 1.99777935262 3.07 0.1 0.1 0.0723762512207 2.03998947144 2.96522140503 0.085235898697 0.2 0.101180659065 0.199057770044
* 309 31.0162467957 0.0515626856209 1.99839488979 3.08 0.1 0.1 0.0609612464905 2.0407037735 2.97621631622 0.0847846550269 0.198 0.100685257224 0.1983527118
* 310 31.1167628765 0.0415759916786 1.99891058747 3.09 0.1 0.1 0.0539598464966 2.04034996033 2.98477315903 0.0842445253768 0.198 0.102503474427 0.19870462207
* 311 31.2172768116 0.0315846401758 1.9993263941 3.1 0.1 0.1 0.0449857711792 2.04196166992 2.99278616905 0.0847722480286 0.198 0.103104352632 0.201045013541
* 312 31.3178629875 0.0215896302396 1.99964226808 3.11 0.1 0.1 0.0377197265625 2.04142665863 3.00340867043 0.0850944675117 0.199 0.104856202867 0.200171678006
* 313 31.4183309078 0.0115919613624 1.99985817784 3.12 0.1 0.1 0.0262231826782 2.04069232941 3.0152285099 0.0864199598274 0.199 0.104423035972 0.19795054809
* 314 31.5188689232 0.001592633303 1.99997410178 3.13 0.1 0.1 0.0119500160217 2.04404449463 3.02756261826 0.0874170743534 0.199 0.102275365634 0.199322095282
* 315 31.6194248199 -0.00840735401428 1.99999002831 3.14 0.1 0.1 0.00594472885132 2.043217659 3.04328942299 0.0878774540051 0.198 0.104860659251 0.195747949639
* 316 31.7200498581 -0.018407000599 1.99990595583 3.15 0.1 0.1 -0.00493049621582 2.04493522644 3.0505297184 0.0873410973584 0.198 0.104454537479 0.198853108865
* 317 31.8206689358 -0.0284053064948 1.99972189277 3.16 0.1 0.1 -0.0164566040039 2.04581928253 3.06081461906 0.0887076896456 0.197 0.103854691395 0.199544931002
* 318 31.921214819 -0.0384012718795 1.99943785751 3.17 0.1 0.1 -0.0281343460083 2.04306030273 3.07145190239 0.089004936379 0.198 0.103327321407 0.196530253734
* 319 32.0218129158 -0.0483938971648 1.99905387846 3.18 0.1 0.1 -0.0407390594482 2.04176807404 3.08221006393 0.0895128063697 0.197 0.102231976039 0.194986407513
* 320 32.1223599911 -0.0583821830966 1.99856999403 3.19 0.1 0.1 -0.0521168708801 2.04190540314 3.09199333191 0.0898219202953 0.197 0.10170064398 0.195600958513
* 321 32.2230739594 -0.0683651308545 1.99798625259 3.2 0.1 0.1 -0.0588159561157 2.04219150543 3.10080766678 0.0893622037814 0.196 0.103615130763 0.197195247313
* 322 32.3236398697 -0.0783417421522 1.99730271253 3.21 0.1 0.1 -0.0714063644409 2.04003238678 3.11148738861 0.0896715172302 0.196 0.102511283617 0.195195771083
* 323 32.4241878986 -0.0883110193368 1.9965194422 3.22 0.1 0.1 -0.0799851417542 2.03941440582 3.12374806404 0.0910594234696 0.196 0.103548473838 0.194113747389
* 324 32.5247728825 -0.0982719654888 1.99563651992 3.23 0.1 0.1 -0.0912265777588 2.03902626038 3.13715958595 0.0913807420969 0.196 0.103205938895 0.192687237694
* 325 32.6270577908 -0.108223584522 1.99465403398 3.24 0.1 0.1 -0.103915691376 2.04085159302 3.14564472834 0.0918512817361 0.194 0.101940529092 0.196250289212
* 326 32.7275788784 -0.118164881283 1.99357208263 3.25 0.1 0.1 -0.114420890808 2.04192066193 3.15451318422 0.0914686274549 0.194 0.101862568088 0.19896720115
* 327 32.8281388283 -0.12809486165 1.99239077407 3.26 0.1 0.1 -0.121968746185 2.0394859314 3.16495258013 0.0917998733654 0.195 0.10338238349 0.197377076367
* 328 32.9287378788 -0.138012532633 1.99111022643 3.27 0.1 0.1 -0.138989448547 2.03491306305 3.17343670527 0.0922184724637 0.197 0.0997560624824 0.195054007949
* 329 33.029255867 -0.147916902474 1.98973056776 3.28 0.1 0.1 -0.147097587585 2.03344345093 3.18485862414 0.092561875351 0.196 0.10098543162 0.194124257442
* 330 33.1298508644 -0.157806980744 1.98825193602 3.29 0.1 0.1 -0.162692070007 2.03179550171 3.19375926653 0.0921572359562 0.194 0.0981533068756 0.194810157749
* 331 33.2303957939 -0.167681778443 1.98667447908 3.3 0.1 0.1 -0.168601512909 2.03233718872 3.20359212557 0.0915827540995 0.194 0.100549877384 0.196791761455
* 332 33.3309397697 -0.1775403081 1.98499835468 3.31 0.1 0.1 -0.175221443176 2.02946949005 3.21314198176 0.0920829695677 0.195 0.102445729189 0.195590254252
* 333 33.4314169884 -0.18738158387 1.98322373043 3.32 0.1 0.1 -0.186490058899 2.02759838104 3.22282082239 0.0924267033643 0.195 0.101910364667 0.195725100569
* 334 33.5319747925 -0.197204621633 1.98135078379 3.33 0.1 0.1 -0.193389415741 2.0251121521 3.23903686205 0.0938382033096 0.196 0.103860852672 0.191453081464
* 335 33.6324717999 -0.207008439095 1.97937970207 3.34 0.1 0.1 -0.205497264862 2.02312850952 3.25201160112 0.0942338138044 0.195 0.102968439488 0.190007775461
* 336 33.7329878807 -0.21679205588 1.97731068235 3.35 0.1 0.1 -0.221625804901 2.0249376297 3.26111895243 0.0956466784374 0.193 0.100072177761 0.195029139281
* 337 33.8335549831 -0.226554493637 1.97514393154 3.36 0.1 0.1 -0.225639343262 2.02392482758 3.27306920687 0.0951462864641 0.191 0.103497446388 0.194370604983
* 338 33.9340469837 -0.236294776129 1.97287966633 3.37 0.1 0.1 -0.236499786377 2.02115821838 3.28570491472 0.0956732418277 0.193 0.103216581122 0.192539555783
* 339 34.0345180035 -0.246011929336 1.97051811312 3.38 0.1 0.1 -0.253527164459 2.01652336121 3.2899277846 0.0969295764694 0.193 0.0992584453834 0.194408450133
* 340 34.1353738308 -0.255704981551 1.96805950808 3.39 0.1 0.1 -0.261388301849 2.01518249512 3.30137426058 0.0964606441339 0.192 0.100608601432 0.194457099907
* 341 34.2360868454 -0.265372963477 1.96550409706 3.4 0.1 0.1 -0.272729873657 2.01095867157 3.31237703959 0.0959153022456 0.192 0.0998686158065 0.192541634098
* 342 34.336635828 -0.275014908323 1.9628521356 3.41 0.1 0.1 -0.28413772583 2.01179599762 3.31711417833 0.0963215897735 0.193 0.0993375578613 0.199075697775
* 343 34.4371438026 -0.284629851904 1.9601038889 3.42 0.1 0.1 -0.29513835907 2.00616073608 3.32885152498 0.0967842093885 0.193 0.0986559316164 0.195576869585
* 344 34.5377218723 -0.294216832732 1.95725963177 3.43 0.1 0.1 -0.300774097443 2.00448989868 3.33646494547 0.0962650155038 0.195 0.101002334127 0.197241377453
* 345 34.6383337975 -0.303774892119 1.95431964865 3.44 0.1 0.1 -0.309107303619 1.99916934967 3.35143810907 0.0967713299438 0.195 0.101798209127 0.191972876519
* 346 34.7388799191 -0.313303074265 1.95128423352 3.45 0.1 0.1 -0.324750423431 1.99830913544 3.36184579531 0.0982958795842 0.196 0.099135711141 0.195169768445
* 347 34.8393647671 -0.32280042636 1.94815368993 3.46 0.1 0.1 -0.33084487915 1.99285793304 3.37265545527 0.0986840805884 0.193 0.100896171181 0.191708694128
* 348 34.9398398399 -0.332265998678 1.94492833092 3.47 0.1 0.1 -0.345316410065 1.99300003052 3.38268429438 0.0982389271982 0.194 0.0989847793411 0.196132268244
* 349 35.0403218269 -0.341698844668 1.94160847904 3.48 0.1 0.1 -0.357041358948 1.98590278625 3.39193922678 0.099652520091 0.193 0.0975478364776 0.193444781454
* 350 35.1408038139 -0.351098021055 1.93819446626 3.49 0.1 0.1 -0.362755298615 1.98354434967 3.40401298205 0.0992308927378 0.194 0.0998992769762 0.192451311681
* 351 35.2414069176 -0.360462587928 1.93468663399 3.5 0.1 0.1 -0.371287822723 1.98011016846 3.41560107866 0.0987430638281 0.193 0.100636322263 0.191445319318
* 352 35.3419687748 -0.369791608838 1.93108533299 3.51 0.1 0.1 -0.385071754456 1.97842884064 3.42477113405 0.100234192685 0.192 0.0988710823518 0.194954876099
* 353 35.4425878525 -0.379084150891 1.92739092341 3.52 0.1 0.1 -0.396174430847 1.97636222839 3.4334850947 0.100636397887 0.192 0.0984186638955 0.197727851768
* 354 35.5432779789 -0.388339284841 1.92360377467 3.53 0.1 0.1 -0.407668590546 1.96886634827 3.44049030939 0.101105488215 0.192 0.0968699818919 0.196446757324
* 355 35.6439609528 -0.397556085183 1.91972426549 3.54 0.1 0.1 -0.416656017303 1.96204471588 3.45147329966 0.100584588738 0.193 0.0968039787286 0.193106730253
* 356 35.7447319031 -0.406733630242 1.91575278382 3.55 0.1 0.1 -0.423789024353 1.9576883316 3.46338159243 0.101210407405 0.195 0.0980770298864 0.191141976227
* 357 35.8453998566 -0.415871002274 1.91168972679 3.56 0.1 0.1 -0.433988571167 1.95320987701 3.47743755976 0.100800791381 0.194 0.0978436016959 0.188984044926
* 358 35.9461109638 -0.424967287547 1.90753550073 3.57 0.1 0.1 -0.439949989319 1.95442676544 3.49260765711 0.101524781072 0.192 0.100790908154 0.190252868232
* 359 36.0476629734 -0.434021576442 1.90329052103 3.58 0.1 0.1 -0.451894283295 1.94906139374 3.50157601038 0.103101607726 0.192 0.0993721609446 0.190749370142
* 360 36.1481428146 -0.443032963537 1.8989552122 3.59 0.1 0.1 -0.460135936737 1.93998622894 3.51103502909 0.10360059692 0.19 0.0990872034925 0.186341961956
* 361 36.2488939762 -0.4520005477 1.89453000777 3.6 0.1 0.1 -0.470356464386 1.93906497955 3.52278310457 0.104253193574 0.19 0.099452499965 0.189143147613
* 362 36.3495149612 -0.460923432181 1.89001535025 3.61 0.1 0.1 -0.477624416351 1.93391418457 3.53647619883 0.104953170573 0.188 0.100511078728 0.185961458356
* 363 36.4501068592 -0.469800724699 1.8854116911 3.62 0.1 0.1 -0.487755298615 1.92840576172 3.54822260538 0.105647668247 0.187 0.100015438809 0.184679005721
* 364 36.5506668091 -0.478631537532 1.88071949069 3.63 0.1 0.1 -0.49874162674 1.9271774292 3.55656582514 0.107188732368 0.186 0.099903988349 0.189591188774
* 365 36.6512889862 -0.487414987605 1.87593921823 3.64 0.1 0.1 -0.505415916443 1.92091178894 3.56466824213 0.10771764556 0.187 0.100804481353 0.188373494516
* 366 36.7521858215 -0.496150196582 1.87107135174 3.65 0.1 0.1 -0.516609191895 1.91052722931 3.57336050669 0.108237915698 0.188 0.0986079760809 0.185066038976
* 367 36.8528409004 -0.504836290948 1.86611637801 3.66 0.1 0.1 -0.525828838348 1.90431976318 3.58447176615 0.108925843868 0.187 0.0983376123854 0.183593593637
* 368 36.9536318779 -0.513472402102 1.86107479253 3.67 0.1 0.1 -0.531241893768 1.90026187897 3.59805304209 0.109723195369 0.186 0.100443045916 0.18118673937
* 369 37.055205822 -0.52205766644 1.85594709946 3.68 0.1 0.1 -0.549235343933 1.89209079742 3.6195991675 0.109404827704 0.184 0.0958350562224 0.176646793409
* 370 37.1561069489 -0.530591225441 1.85073381156 3.69 0.1 0.1 -0.560853004456 1.890001297 3.6338253657 0.111089149943 0.183 0.0955378182661 0.178716831372
* 371 37.256551981 -0.539072225759 1.84543545015 3.7 0.1 0.1 -0.567734241486 1.88548755646 3.64235693613 0.109752863031 0.18 0.0966956320331 0.179483732914
* 372 37.3570737839 -0.547499819298 1.84005254506 3.71 0.1 0.1 -0.574528217316 1.87986373901 3.65213019053 0.110301706122 0.18 0.0976419321374 0.178651066933
* 373 37.457600832 -0.555873163308 1.83458563459 3.72 0.1 0.1 -0.579928398132 1.87111949921 3.66565639177 0.11097305356 0.18 0.0985017347407 0.172506037731
* 374 37.5580379963 -0.56419142046 1.82903526542 3.73 0.1 0.1 -0.591806411743 1.86550140381 3.66864639917 0.111869127707 0.178 0.0968797549272 0.177965358567
* 375 37.6585509777 -0.572453758937 1.82340199258 3.74 0.1 0.1 -0.599565029144 1.85490131378 3.67614418665 0.112118923957 0.176 0.0959320953434 0.174802778349
* 376 37.7592668533 -0.58065935251 1.81768637939 3.75 0.1 0.1 -0.599565029144 1.85490131378 3.67614418665 0.11264159207 0.176 0.10115542755 0.180847264897
* 377 37.8598589897 -0.588807380628 1.81188899742 3.76 0.1 0.1 -0.608438491821 1.85049247742 3.68380815188 0.113196392462 0.177 0.101357778176 0.183628790388
* 378 37.9606029987 -0.596897028494 1.80601042638 3.77 0.1 0.1 -0.623073577881 1.83682632446 3.70560771624 0.11492913885 0.178 0.0967953033957 0.174206957893
* 379 38.0612008572 -0.604927487151 1.80005125414 3.78 0.1 0.1 -0.632783412933 1.83205604553 3.717328612 0.117134457669 0.179 0.0966514303448 0.175268775941
* 380 38.1617398262 -0.612897953559 1.79401207661 3.79 0.1 0.1 -0.643211364746 1.82723712921 3.72756272951 0.116832170011 0.176 0.0961527740373 0.177578832346
* 381 38.2624688148 -0.620807630678 1.7878934977 3.8 0.1 0.1 -0.648083686829 1.815117836 3.73648959795 0.116421640553 0.176 0.0959070363393 0.171535935461
* 382 38.363049984 -0.628655727547 1.78169612927 3.81 0.1 0.1 -0.656258106232 1.81189441681 3.74550038973 0.11711644404 0.176 0.0968354116759 0.17475864055
* 383 38.4635558128 -0.636441459363 1.77542059104 3.82 0.1 0.1 -0.664535522461 1.80566501617 3.75403982798 0.11660924875 0.174 0.0968102467306 0.175900209745
* 384 38.5641219616 -0.64416404756 1.76906751056 3.83 0.1 0.1 -0.671420574188 1.79655838013 3.76391917864 0.117289521216 0.175 0.0965333521445 0.173292018348
* 385 38.6646549702 -0.651822719884 1.76263752314 3.84 0.1 0.1 -0.680447101593 1.79375839233 3.77132875124 0.118080358814 0.174 0.0972141250362 0.178450238621
* 386 38.7654759884 -0.659416710476 1.75613127177 3.85 0.1 0.1 -0.687349796295 1.78670120239 3.77813631693 0.118697383959 0.173 0.097464740755 0.179322117158
* 387 38.8661367893 -0.666945259941 1.74954940707 3.86 0.1 0.1 -0.694700241089 1.77984714508 3.7873292605 0.119240117202 0.175 0.0976484905246 0.179463527744
* 388 38.9674158096 -0.674407615433 1.74289258722 3.87 0.1 0.1 -0.701533317566 1.76594257355 3.79351956049 0.120561513863 0.176 0.095686450418 0.17536560057
* 389 39.0680708885 -0.68180303072 1.73616147789 3.88 0.1 0.1 -0.708070755005 1.76098918915 3.80520397822 0.121772431732 0.177 0.0968548540309 0.17542987194
* 390 39.168653965 -0.689130766269 1.7293567522 3.89 0.1 0.1 -0.71538734436 1.75292015076 3.81674319903 0.12264001389 0.175 0.0966705479441 0.17367909464
* 391 39.2692289352 -0.696390089311 1.72247909061 3.9 0.1 0.1 -0.722742557526 1.75036525726 3.82845050493 0.12258295353 0.176 0.0983145833686 0.176241597649
* 392 39.3697998524 -0.70358027392 1.71552918088 3.91 0.1 0.1 -0.729745864868 1.74297046661 3.83793074289 0.124642292074 0.174 0.0984281159535 0.176080057013
* 393 39.4704108238 -0.710700601084 1.70850771799 3.92 0.1 0.1 -0.735958099365 1.73475551605 3.84708935419 0.125871403698 0.174 0.0985621544276 0.175050202044
* 394 39.5712108612 -0.717750358776 1.70141540409 3.93 0.1 0.1 -0.742721557617 1.72671985626 3.85540396372 0.127629787161 0.175 0.0984972883046 0.175061185701
* 395 39.6718559265 -0.724728842026 1.6942529484 3.94 0.1 0.1 -0.74698972702 1.71834468842 3.86303121248 0.128862165655 0.175 0.0992778354128 0.173636237763
* 396 39.7723498344 -0.731635352992 1.68702106716 3.95 0.1 0.1 -0.756781578064 1.71333217621 3.87169772783 0.130572935571 0.175 0.0990629466489 0.177927625092
* 397 39.8741128445 -0.738469201027 1.67972048355 3.96 0.1 0.1 -0.763581752777 1.70602798462 3.87919837633 0.13047579566 0.175 0.0991998242817 0.179236505375
* 398 39.9747018814 -0.745229702754 1.67235192763 3.97 0.1 0.1 -0.770041942596 1.69653320312 3.88683087031 0.132108024158 0.176 0.0986796743203 0.178732328342
* 399 40.0754289627 -0.751916182128 1.66491613624 3.98 0.1 0.1 -0.777768135071 1.68484210968 3.89504534403 0.131996848201 0.176 0.0968682153621 0.177301563165
* 400 40.1762599945 -0.758527970506 1.65741385295 3.99 0.1 0.1 -0.784610271454 1.67867279053 3.90526754061 0.13414602063 0.177 0.0974459138112 0.178357452351
* 401 40.2767539024 -0.765064406714 1.649845828 4.0 0.1 0.1 -0.791753292084 1.67290401459 3.9169066588 0.134000424643 0.177 0.0981044484161 0.179243124502
* 402 40.3772728443 -0.771524837116 1.64221281817 4.01 0.1 0.1 -0.794156074524 1.66442871094 3.92550236384 0.135082843992 0.177 0.0994623209961 0.176550750358
* 403 40.477837801 -0.777908615672 1.63451558677 4.02 0.1 0.1 -0.80181646347 1.65574359894 3.9353650252 0.134920715632 0.178 0.0987783595077 0.176843014821
* 404 40.5785739422 -0.784215104011 1.62675490349 4.03 0.1 0.1 -0.807339191437 1.64926719666 3.94265634218 0.138479916109 0.176 0.0996575093143 0.178622393836
* 405 40.6792168617 -0.790443671489 1.61893154442 4.04 0.1 0.1 -0.815109729767 1.64408588409 3.9533487002 0.138297719032 0.176 0.100300652578 0.181189381096
* 406 40.7798948288 -0.796593695254 1.61104629188 4.05 0.1 0.1 -0.819802284241 1.63251209259 3.96005517641 0.142033469136 0.178 0.0994963417237 0.179343153891
* 407 40.88063097 -0.802664560309 1.60309993438 4.06 0.1 0.1 -0.826986312866 1.62360095978 3.96919924418 0.141830097703 0.179 0.0988653499131 0.179964586845
* 408 40.9813997746 -0.808655659574 1.59509326656 4.07 0.1 0.1 -0.83293056488 1.61581516266 3.97521359125 0.143936737082 0.178 0.0990333477759 0.182201014102
* 409 41.0819888115 -0.814566393941 1.58702708907 4.08 0.1 0.1 -0.83805847168 1.60699939728 3.98296410242 0.142295004753 0.179 0.0991233123918 0.182318132421
* 410 41.1827318668 -0.820396172344 1.57890220853 4.09 0.1 0.1 -0.8458070755 1.59736776352 3.99204594294 0.144673101656 0.179 0.0979903269917 0.183259275723
* 411 41.2832298279 -0.82614441181 1.57071943742 4.1 0.1 0.1 -0.851141929626 1.5898604393 4.00344568888 0.144433072389 0.18 0.0986081160494 0.182673285164
* 412 41.3838369846 -0.831810537518 1.56247959401 4.11 0.1 0.1 -0.857196807861 1.58300828934 4.01520353953 0.148022845928 0.181 0.0992532124042 0.182947834516
* 413 41.4843468666 -0.837393982862 1.55418350227 4.12 0.1 0.1 -0.861397743225 1.57448959351 4.02703863779 0.147796799943 0.181 0.0998483446073 0.180767145337
* 414 41.5848708153 -0.842894189501 1.54583199182 4.13 0.1 0.1 -0.867196083069 1.56764125824 4.0373998324 0.151459405781 0.182 0.100548411746 0.181740391158
* 415 41.686221838 -0.848310607419 1.53742589778 4.14 0.1 0.1 -0.874214172363 1.55916452408 4.04643065134 0.154419797268 0.18 0.100141013869 0.183452535523
* 416 41.7868249416 -0.85364269498 1.52896606077 4.15 0.1 0.1 -0.88209438324 1.55157613754 4.05711847941 0.154116383803 0.181 0.0998817515314 0.185625355059
* 417 41.8874628544 -0.858889918978 1.52045332676 4.16 0.1 0.1 -0.887050151825 1.54243135452 4.06501871744 0.157421099826 0.182 0.0998401166821 0.186120155144
* 418 41.9879248142 -0.864051754696 1.51188854702 4.17 0.1 0.1 -0.891014099121 1.53105831146 4.07186419169 0.158578565002 0.183 0.0991244895173 0.185150837324
* 419 42.0883657932 -0.869127685954 1.50327257802 4.18 0.1 0.1 -0.896909236908 1.52021026611 4.07939392725 0.159709455742 0.184 0.0980199908169 0.185806446862
* 420 42.1888718605 -0.874117205163 1.49460628134 4.19 0.1 0.1 -0.90158033371 1.51361083984 4.0870671908 0.161044490476 0.184 0.0991165732489 0.188013207809
* 421 42.2893397808 -0.879019813377 1.48589052362 4.2 0.1 0.1 -0.907520294189 1.50672531128 4.09620100657 0.160941221248 0.185 0.0997439615744 0.190381871266
* 422 42.3897619247 -0.883835020337 1.47712617641 4.21 0.1 0.1 -0.911671161652 1.495033741 4.10581595102 0.162836233202 0.185 0.098844773936 0.188364955984
* 423 42.4901878834 -0.888562344528 1.46831411615 4.22 0.1 0.1 -0.917414188385 1.49011278152 4.11837250391 0.165338705657 0.186 0.100500960227 0.190039730324
* 424 42.5906498432 -0.893201313221 1.45945522404 4.23 0.1 0.1 -0.921537876129 1.47740936279 4.12963492075 0.169450549627 0.187 0.099176500076 0.186799968953
* 425 42.6911399364 -0.897751462522 1.45055038596 4.24 0.1 0.1 -0.92667722702 1.46525096893 4.1407485644 0.171744509013 0.188 0.0977642236851 0.184948951905
* 426 42.7915837765 -0.902212337421 1.44160049237 4.25 0.1 0.1 -0.930174350739 1.45870828629 4.15347820917 0.171362456346 0.187 0.0993633126212 0.183999003885
* 427 42.8920269012 -0.906583491834 1.43260643828 4.26 0.1 0.1 -0.939910411835 1.45659255981 4.162702624 0.17493415057 0.184 0.101141325647 0.192580126126
* 428 42.9924578667 -0.910864488649 1.42356912306 4.27 0.1 0.1 -0.944249153137 1.44729375839 4.17111641565 0.176961041098 0.185 0.101173847699 0.193309584525
* 429 43.0928649902 -0.915054899771 1.41448945046 4.28 0.1 0.1 -0.9452252388 1.43480205536 4.17703730265 0.179827604992 0.189 0.100573883099 0.190949710863
* 430 43.1933159828 -0.91915430616 1.40536832842 4.29 0.1 0.1 -0.950295448303 1.42361354828 4.18755156199 0.184402752413 0.19 0.0995741376217 0.190457172324
* 431 43.2937598228 -0.923162297881 1.39620666905 4.3 0.1 0.1 -0.954509735107 1.41251420975 4.19679409662 0.186617224208 0.19 0.0987948219556 0.190079971511
* 432 43.394340992 -0.927078474137 1.38700538851 4.31 0.1 0.1 -0.96080160141 1.4080953598 4.20822579065 0.189981817626 0.189 0.100636806892 0.193722797457
* 433 43.4949247837 -0.930902443314 1.37776540693 4.32 0.1 0.1 -0.964583873749 1.3957862854 4.21752506891 0.190477400969 0.19 0.0994028424201 0.192578454999
* 434 43.5954089165 -0.934633823019 1.36848764828 4.33 0.1 0.1 -0.967656612396 1.38525676727 4.22822052637 0.195687307256 0.191 0.0992015165219 0.191043083125
* 435 43.6958918571 -0.938272240115 1.35917304034 4.34 0.1 0.1 -0.971590518951 1.37708330154 4.24361569086 0.198682320577 0.19 0.100026839424 0.188963020225
* 436 43.7963328362 -0.941817330766 1.34982251457 4.35 0.1 0.1 -0.974751472473 1.366959095 4.25380808512 0.198030494021 0.191 0.099955288766 0.18816259138
* 437 43.8968608379 -0.945268740464 1.340437006 4.36 0.1 0.1 -0.977889537811 1.35589981079 4.26493508021 0.205691894407 0.189 0.0994563654776 0.186546795685
* 438 43.9974098206 -0.948626124072 1.33101745318 4.37 0.1 0.1 -0.983775138855 1.34270143509 4.27294928232 0.20867961593 0.188 0.0972053261637 0.188281188874
* 439 44.0978689194 -0.951889145853 1.32156479806 4.38 0.1 0.1 -0.987766742706 1.33273601532 4.28195721308 0.20946006086 0.187 0.0969629610694 0.189293766194
* 440 44.1983149052 -0.955057479509 1.31207998589 4.39 0.1 0.1 -0.991940021515 1.32855224609 4.28887504736 0.212018328835 0.187 0.09941454162 0.194056496978
* 441 44.298776865 -0.958130808209 1.30256396515 4.4 0.1 0.1 -0.995955467224 1.31560182571 4.297640268 0.215107046246 0.189 0.0977204453856 0.194189741679
* 442 44.3992328644 -0.961108824622 1.29301768743 4.41 0.1 0.1 -0.999321460724 1.30479955673 4.30532974402 0.214192415222 0.19 0.0971657614553 0.195299127268
* 443 44.4996619225 -0.96399123095 1.28344210736 4.42 0.1 0.1 -1.00236988068 1.29834794998 4.31371969381 0.219118128053 0.191 0.0988194503533 0.197553971428
* 444 44.600071907 -0.966777738953 1.27383818248 4.43 0.1 0.1 -1.00340652466 1.28402996063 4.323883001 0.223680437233 0.193 0.0970797846182 0.19407181488
* 445 44.700499773 -0.969468069984 1.26420687317 4.44 0.1 0.1 -1.00970077515 1.28054714203 4.33724445501 0.232187490465 0.195 0.0997178716626 0.197950151732
* 446 44.800937891 -0.972061955012 1.25454914256 4.45 0.1 0.1 -1.0118021965 1.27043056488 4.34866184393 0.228892776866 0.194 0.0998607807425 0.196566406864
* 447 44.9013979435 -0.974559134651 1.24486595642 4.46 0.1 0.1 -1.01475381851 1.26271295547 4.36161894003 0.244996042068 0.196 0.101081113602 0.196086659543
* 448 45.0018708706 -0.976959359183 1.23515828306 4.47 0.1 0.1 -1.0139799118 1.24936914444 4.3709234635 0.252899392521 0.195 0.100036742784 0.192217887471
* 449 45.1023199558 -0.97926238859 1.22542709322 4.48 0.1 0.1 -1.02086877823 1.24200439453 4.38215393225 0.259895494633 0.194 0.100683863107 0.196656672312
* 450 45.2028799057 -0.98146799257 1.21567336004 4.49 0.1 0.1 -1.0231180191 1.22616195679 4.38845438162 0.26345302342 0.193 0.0977262219131 0.196708528556
* 451 45.3033227921 -0.983575950564 1.20589805886 4.5 0.1 0.1 -1.02667474747 1.21859884262 4.39657301108 0.270992355523 0.195 0.0987685948697 0.199796597682
* 452 45.4037718773 -0.985586051779 1.19610216722 4.51 0.1 0.1 -1.02791404724 1.20710420609 4.40305656592 0.272483484988 0.195 0.0981520605074 0.200418852924
* 453 45.5042209625 -0.987498095206 1.18628666469 4.52 0.1 0.1 -1.0304312706 1.19758272171 4.4117068688 0.278050612088 0.198 0.0983919716004 0.201819367863
* 454 45.6047790051 -0.989311889642 1.17645253281 4.53 0.1 0.1 -1.03295850754 1.19176244736 4.42062944571 0.282077522507 0.198 0.100521389672 0.204244364569
* 455 45.7051818371 -0.991027253709 1.16660075499 4.54 0.1 0.1 -1.03419160843 1.17685699463 4.43097824255 0.289965585549 0.2 0.0982736515881 0.202168222747
* 456 45.8056387901 -0.992644015873 1.15673231641 4.55 0.1 0.1 -1.03701543808 1.17327404022 4.44351715246 0.291904921394 0.2 0.101641362784 0.203677603788
* 457 45.9061329365 -0.994162014457 1.14684820389 4.56 0.1 0.1 -1.04055833817 1.16654491425 4.45490163962 0.31244895946 0.201 0.103286208032 0.205654060567
* 458 46.0074269772 -0.995581097665 1.13694940584 4.57 0.1 0.1 -1.04087114334 1.15121889114 4.46802896658 0.332908330756 0.203 0.10101325477 0.201508824075
* 459 46.1079747677 -0.996901123589 1.12703691213 4.58 0.1 0.1 -1.0433216095 1.14479446411 4.48119920889 0.349685424317 0.202 0.103040413868 0.201683959454
* 460 46.2083928585 -0.998121960227 1.117111714 4.59 0.1 0.1 -1.04402542114 1.12620687485 4.48762506643 0.360097117404 0.202 0.0987523927199 0.201102213676
* 461 46.3088538647 -0.999243485496 1.10717480396 4.6 0.1 0.1 -1.04713058472 1.1150932312 4.49750084082 0.374350951418 0.202 0.0981617455716 0.20286641915
* 462 46.4092969894 -1.00026558725 1.0972271757 4.61 0.1 0.1 -1.04915237427 1.10662841797 4.50575870672 0.3822275256 0.201 0.0990175256045 0.205092326672
* 463 46.5097367764 -1.00118816327 1.08726982397 4.62 0.1 0.1 -1.05056095123 1.09377717972 4.51455873648 0.392805126791 0.202 0.0976810199816 0.205642216669
* 464 46.6101999283 -1.0020111213 1.0773037445 4.63 0.1 0.1 -1.05109834671 1.08559036255 4.52641100088 0.413808971339 0.204 0.0989689007919 0.204743554222
* 465 46.7106788158 -1.00273437905 1.06732993388 4.64 0.1 0.1 -1.05260324478 1.07797527313 4.53678030172 0.431043021242 0.204 0.100406576576 0.205736283651
* 466 46.8112368584 -1.0033578642 1.05734938949 4.65 0.1 0.1 -1.05314826965 1.06725311279 4.5478557984 0.455141620948 0.204 0.100335643933 0.204943969847
* 467 46.9116399288 -1.00388151439 1.04736310938 4.66 0.1 0.1 -1.05618143082 1.06475067139 4.56125682989 0.497202210879 0.204 0.104456100882 0.206720637918
* 468 47.0120718479 -1.00430527726 1.03737209217 4.67 0.1 0.1 -1.05501508713 1.05202007294 4.57620758215 0.546592765303 0.204 0.10360832273 0.202000823799
* 469 47.1124989986 -1.00462911044 1.02737733694 4.68 0.1 0.1 -1.05594301224 1.04065990448 4.59399646917 0.636959368038 0.205 0.103413253567 0.198162209848
* 470 47.2129609585 -1.00485298154 1.01737984316 4.69 0.1 0.1 -1.05584192276 1.03135204315 4.60992521444 0.728256539977 0.201 0.104287577868 0.194643136838
* 471 47.3134689331 -1.00497686817 1.00738061059 4.7 0.1 0.1 -1.05619907379 1.01934480667 4.61643499533 0.779417016367 0.2 0.103366582308 0.196477434803
* 472 47.4139008522 -1.00500075795 0.997380639125 4.71 0.1 0.1 -1.05563354492 1.00945186615 4.62573236624 0.854724961473 0.197 0.103701393238 0.196204998431
* 473 47.5143609047 -1.00492464849 0.987380928762 4.72 0.1 0.1 -1.05574417114 1.00355291367 4.63517898718 0.961995901988 0.197 0.106116621176 0.196926634995
* 474 47.6149218082 -1.0047485474 0.977382479462 4.73 0.1 0.1 -1.05514907837 0.991574764252 4.64791578451 1.14166803555 0.197 0.105455751699 0.194769010163
* 475 47.7153789997 -1.00447247229 0.967386291062 4.74 0.1 0.1 -1.05481243134 0.979661464691 4.66199726263 1.46287048799 0.197 0.104856042812 0.192287293133
* 476 47.8158578873 -1.00409645076 0.957393363172 4.75 0.1 0.1 -1.05397462845 0.966149806976 4.67287439505 1.84657768895 0.194 0.103300182616 0.191112630951
* 477 47.9163439274 -1.00362052042 0.947404695077 4.76 0.1 0.1 -1.05450677872 0.954948425293 4.68519729773 2.66390383536 0.194 0.102987859303 0.190767348046
* 478 48.0168068409 -1.00304472885 0.937421285635 4.77 0.1 0.1 -1.0529756546 0.944428920746 4.69804233709 4.94301763085 0.193 0.103079384602 0.188211370866
* 479 48.1172449589 -1.00236913365 0.92744413318 4.78 0.1 0.1 -1.05344009399 0.936092376709 4.71618932882 -18.5216711897 0.192 0.104488716654 0.184899493909
* 480 48.217758894 -1.00159380237 0.917474235417 4.79 0.1 0.1 -1.05082988739 0.924906253815 4.73388713995 -3.23927876706 0.189 0.104347224409 0.17884179374
* 481 48.3183159828 -1.00071881253 0.907512589329 4.8 0.1 0.1 -1.04979562759 0.91343832016 4.74589723745 -2.06257000404 0.187 0.103868958815 0.177560912235
* 482 48.4187629223 -0.999744251647 0.897560191071 4.81 0.1 0.1 -1.04803514481 0.898030757904 4.75312370459 -1.68175629704 0.183 0.101131382946 0.178413643637
* 483 48.5191979408 -0.998670217165 0.887618035875 4.82 0.1 0.1 -1.04914617538 0.891053676605 4.76350969473 -1.3297220425 0.181 0.103029961119 0.180211605057
* 484 48.6198079586 -0.997496816489 0.877687117949 4.83 0.1 0.1 -1.04606437683 0.874622821808 4.77115911642 -1.13247031923 0.18 0.0997174482873 0.179888196786
* 485 48.7204589844 -0.996224166959 0.867768430376 4.84 0.1 0.1 -1.04467010498 0.869672298431 4.78275674978 -0.939443077596 0.18 0.102651556058 0.178568885323
* 486 48.8211188316 -0.994852395838 0.857862965017 4.85 0.1 0.1 -1.04273796082 0.857962608337 4.79139036337 -0.818957781286 0.179 0.101886419303 0.178830134578
* 487 48.9215669632 -0.993381640302 0.847971712409 4.86 0.1 0.1 -1.04234981537 0.847794055939 4.80074638525 -0.734339889393 0.179 0.102023615007 0.180236349425
* 488 49.0219957829 -0.991812047426 0.838095661669 4.87 0.1 0.1 -1.04179191589 0.836836338043 4.80893415609 -0.657516664545 0.179 0.101705071056 0.182273710399
* 489 49.1224708557 -0.990143774168 0.828235800396 4.88 0.1 0.1 -1.04072284698 0.830612182617 4.8227934281 -0.570242474766 0.179 0.104047059148 0.180366535086
* 490 49.2229199409 -0.988376987353 0.818393114566 4.89 0.1 0.1 -1.03810834885 0.820509433746 4.83794206778 -0.496670807071 0.18 0.10428343829 0.17669995174
* 491 49.3233478069 -0.986511863659 0.808568588439 4.9 0.1 0.1 -1.03469324112 0.805998802185 4.8524484078 -0.445885849565 0.179 0.102105967398 0.173302044563
* 492 49.4237918854 -0.984548589596 0.798763204462 4.91 0.1 0.1 -1.03108882904 0.787591457367 4.85771650473 -0.428955877159 0.177 0.0975739874476 0.175412248078
* 493 49.5244538784 -0.982487361491 0.788977943162 4.92 0.1 0.1 -1.02858448029 0.782118320465 4.86408323446 -0.403312059356 0.176 0.0999418948488 0.17627712937
* 494 49.6249117851 -0.980328385464 0.779213783059 4.93 0.1 0.1 -1.0276927948 0.771893978119 4.87053913275 -0.374792111185 0.175 0.0999458792176 0.179479626574
* 495 49.7253828049 -0.978071877411 0.769471700561 4.94 0.1 0.1 -1.02337646484 0.760405063629 4.87838167349 -0.353807711471 0.176 0.0990374343262 0.178878340338
* 496 49.8258228302 -0.975718062981 0.759752669867 4.95 0.1 0.1 -1.02088212967 0.754050254822 4.88858455816 -0.329335140212 0.177 0.101033295063 0.178055087953
* 497 49.9275159836 -0.973267177554 0.750057662872 4.96 0.1 0.1 -1.01868677139 0.740847587585 4.89601368109 -0.309438702017 0.177 0.0993910640247 0.180292700568
* 498 50.0279769897 -0.970719466217 0.74038764907 4.97 0.1 0.1 -1.01524925232 0.731262207031 4.90376419226 -0.297022189194 0.177 0.0995212972867 0.180601266236
* 499 50.1284058094 -0.968075183737 0.730743595453 4.98 0.1 0.1 -1.01298236847 0.723702907562 4.91254038015 -0.277610831886 0.178 0.1008488375 0.181208612666
* 500 50.2288689613 -0.965334594542 0.721126466418 4.99 0.1 0.1 -1.01041460037 0.715939998627 4.92236370245 -0.262034927879 0.178 0.102065771342 0.181062794592
* 501 50.3292908669 -0.962497972687 0.711537223672 5.0 0.1 0.1 -1.00665807724 0.706147670746 4.93296617666 -0.248327070061 0.179 0.102111874018 0.179841525953
* 502 50.4297249317 -0.959565601833 0.701976826129 5.01 0.1 0.1 -1.0023522377 0.690508842468 4.9401592652 -0.238379461003 0.18 0.0989547491966 0.181332776485
* 503 50.5301868916 -0.956537775214 0.692446229822 5.02 0.1 0.1 -0.997843265533 0.682102203369 4.95018572012 -0.22527765198 0.179 0.0995850274252 0.179627428826
* 504 50.6306138039 -0.953414795611 0.682946387802 5.03 0.1 0.1 -0.995420455933 0.673027992249 4.9544472138 -0.219261754189 0.179 0.0999479881911 0.183251347365
* 505 50.7311217785 -0.950196975318 0.673478250047 5.04 0.1 0.1 -0.992791175842 0.661295413971 4.96245807806 -0.206840229099 0.18 0.0990292538099 0.185432612936
* 506 50.831553936 -0.946884636116 0.66404276336 5.05 0.1 0.1 -0.988309383392 0.652857303619 4.96937984625 -0.19938349058 0.18 0.0995217634797 0.18568923708
* 507 50.9320158958 -0.943478109235 0.654640871284 5.06 0.1 0.1 -0.983697414398 0.643287658691 4.97724241415 -0.190012012631 0.182 0.0994299865452 0.185704936676
* 508 51.0324509144 -0.939977735325 0.645273514 5.07 0.1 0.1 -0.980030059814 0.635179042816 4.98433632055 -0.183258131625 0.183 0.100182473872 0.186750125791
* 509 51.132901907 -0.936383864421 0.635941628235 5.08 0.1 0.1 -0.975841999054 0.619416236877 4.99249834219 -0.175561345944 0.185 0.0969786085082 0.188922510996
* 510 51.2333199978 -0.932696855906 0.626646147171 5.09 0.1 0.1 -0.97123003006 0.609776973724 5.0011476914 -0.168317903899 0.185 0.0968471776634 0.188891898917
* 511 51.3337829113 -0.928917078479 0.617388000348 5.1 0.1 0.1 -0.967119693756 0.603365421295 5.01008981863 -0.157203069791 0.186 0.0984285912789 0.188347090734
* 512 51.4342839718 -0.925044910114 0.608168113572 5.11 0.1 0.1 -0.965537548065 0.591954231262 5.02144664923 -0.149633771869 0.187 0.0979475273909 0.190497471825
* 513 51.5347387791 -0.921080738025 0.598987408826 5.12 0.1 0.1 -0.957114696503 0.579977989197 5.03165382544 -0.143736124028 0.188 0.0960339497339 0.187061272163
* 514 51.6352028847 -0.917024958625 0.589846804171 5.13 0.1 0.1 -0.957672595978 0.577016353607 5.0432142655 -0.137010252673 0.188 0.100190711722 0.188664851726
* 515 51.7356309891 -0.912877977489 0.58074721366 5.14 0.1 0.1 -0.951536178589 0.56248998642 5.05150837103 -0.129814438061 0.186 0.0972963508106 0.189488893142
* 516 51.8361868858 -0.908640209312 0.571689547245 5.15 0.1 0.1 -0.947545051575 0.553247928619 5.05695909659 -0.12603787487 0.187 0.0973302797176 0.192220560486
* 517 51.9366269112 -0.904312077868 0.562674710686 5.16 0.1 0.1 -0.942775249481 0.542281150818 5.06278700033 -0.121735847872 0.188 0.0963698687473 0.194713580024
* 518 52.0371057987 -0.899894015965 0.553703605457 5.17 0.1 0.1 -0.938591480255 0.535138130188 5.07044309775 -0.117490099683 0.189 0.0974742904102 0.195580470022
* 519 52.1375198364 -0.895386465406 0.544777128663 5.18 0.1 0.1 -0.934225559235 0.527012825012 5.07975143591 -0.111035494084 0.192 0.0981024171621 0.195825707391
* 520 52.2380108833 -0.890789876942 0.535896172943 5.19 0.1 0.1 -0.92849111557 0.513484954834 5.08991998831 -0.107631301217 0.194 0.0958193357598 0.196416051056
* 521 52.3384578228 -0.886104710229 0.527061626386 5.2 0.1 0.1 -0.924295902252 0.50293636322 5.1036276261 -0.101718327781 0.194 0.0954293563556 0.195646105432
* 522 52.4389498234 -0.88133143378 0.518274372439 5.21 0.1 0.1 -0.913336753845 0.497038841248 5.12313789526 -0.0945961780567 0.194 0.0960730804165 0.183916688429
* 523 52.5393679142 -0.876470524917 0.509535289819 5.22 0.1 0.1 -0.911166667938 0.492751121521 5.13069051901 -0.0900789520774 0.194 0.0989417636557 0.185915494836
* 524 52.6398348808 -0.871522469728 0.500845252429 5.23 0.1 0.1 -0.909710407257 0.479745388031 5.1386851708 -0.0879199044336 0.191 0.0977681207633 0.191952197468
* 525 52.7402629852 -0.866487763013 0.492205129264 5.24 0.1 0.1 -0.895697593689 0.472290039062 5.15555900732 -0.0835673172389 0.188 0.0967431649988 0.179737222603
* 526 52.8406908512 -0.861366908241 0.48361578433 5.25 0.1 0.1 -0.894242286682 0.46995639801 5.16000312964 -0.0813331283811 0.188 0.100611671096 0.183306308507
* 527 52.9412558079 -0.856160417491 0.475078076554 5.26 0.1 0.1 -0.877783298492 0.455588340759 5.17615598837 -0.0764684810386 0.184 0.0955314551552 0.172549754521
* 528 53.0417537689 -0.850868811409 0.466592859699 5.27 0.1 0.1 -0.873985290527 0.44654750824 5.18496221701 -0.0747128124708 0.183 0.0957509021194 0.17483328204
* 529 53.142305851 -0.845492619151 0.45816098228 5.28 0.1 0.1 -0.87168598175 0.433908939362 5.19022888342 -0.0712154681407 0.179 0.0945612347729 0.182049986184
* 530 53.2428269386 -0.840032378331 0.449783287479 5.29 0.1 0.1 -0.868061065674 0.421043395996 5.19346183935 -0.0686757000719 0.178 0.0928968036486 0.189375165288
* 531 53.3432707787 -0.83448863497 0.441460613056 5.3 0.1 0.1 -0.860078811646 0.415563106537 5.20564216772 -0.0648987759055 0.18 0.0938804626553 0.184873987436
* 532 53.4437348843 -0.828861943435 0.433193791274 5.31 0.1 0.1 -0.852787017822 0.411273002625 5.21893352667 -0.0615705422273 0.183 0.0955734942289 0.179881102149
* 533 53.544192791 -0.823152866394 0.424983648807 5.32 0.1 0.1 -0.847540855408 0.397822380066 5.2278885285 -0.0587840089979 0.183 0.093415624676 0.183488234714
* 534 53.6446838379 -0.817361974747 0.416831006662 5.33 0.1 0.1 -0.844460010529 0.396952152252 5.23814767996 -0.0564929252141 0.182 0.0976710446203 0.182157205247
* 535 53.7461769581 -0.81148984758 0.408736680098 5.34 0.1 0.1 -0.839213848114 0.389907836914 5.25136512915 -0.0534905784421 0.183 0.098583269705 0.180492720987
* 536 53.8475317955 -0.8055370721 0.400701478539 5.35 0.1 0.1 -0.833271980286 0.376366615295 5.26181501547 -0.0522851242239 0.182 0.0962840484471 0.183156859596
* 537 53.9479367733 -0.79950424358 0.3927262055 5.36 0.1 0.1 -0.825266838074 0.373149871826 5.27079910437 -0.0503139465488 0.181 0.0980355726731 0.17955685878
* 538 54.0483548641 -0.793391965298 0.384811658501 5.37 0.1 0.1 -0.829903125763 0.375058174133 5.27556842962 -0.0482034051606 0.18 0.105521898313 0.186190666106
* 539 54.1487529278 -0.787200848476 0.37695862899 5.38 0.1 0.1 -0.817126750946 0.348556518555 5.28642988602 -0.0466788380361 0.18 0.0955300751529 0.190206286838
* 540 54.2491519451 -0.780931512221 0.369167902264 5.39 0.1 0.1 -0.810677051544 0.340250968933 5.29197025696 -0.0456650739367 0.183 0.0953257051984 0.192745358541
* 541 54.349601984 -0.774584583462 0.361440257389 5.4 0.1 0.1 -0.803952217102 0.329199790955 5.29867744843 -0.0435455533007 0.186 0.0938578942983 0.196068841726
* 542 54.4500768185 -0.768160696885 0.353776467122 5.41 0.1 0.1 -0.800300598145 0.32609462738 5.30962515274 -0.0408983776255 0.189 0.09694114146 0.195408311783
* 543 54.5505888462 -0.761660494875 0.346177297836 5.42 0.1 0.1 -0.791520118713 0.315255641937 5.31791782776 -0.038842585757 0.191 0.0950071098697 0.196322053471
* 544 54.6511359215 -0.755084627446 0.338643509443 5.43 0.1 0.1 -0.786336898804 0.307280063629 5.32458591858 -0.0364615427456 0.192 0.0953546821844 0.19953903151
* 545 54.751680851 -0.748433752179 0.331175855314 5.44 0.1 0.1 -0.780450820923 0.298292636871 5.3346777002 -0.0348331321012 0.193 0.0951706054949 0.201073194103
* 546 54.8521029949 -0.741708534157 0.32377508221 5.45 0.1 0.1 -0.773897171021 0.290180206299 5.34615564743 -0.0325608941498 0.196 0.095211118645 0.200938082926
* 547 54.9525489807 -0.734909645895 0.3164419302 5.46 0.1 0.1 -0.769516468048 0.28298664093 5.35591602722 -0.0310496260659 0.197 0.0962754394403 0.202991984403
* 548 55.0529808998 -0.728037767276 0.309177132594 5.47 0.1 0.1 -0.760996818542 0.275309562683 5.36449480454 -0.0290092649296 0.199 0.095773573258 0.202736411957
* 549 55.1534128189 -0.721093585484 0.301981415865 5.48 0.1 0.1 -0.75550699234 0.287270545959 5.37664080063 -0.0277995824505 0.2 0.104577541068 0.19101376984
* 550 55.2538909912 -0.714077794929 0.294855499581 5.49 0.1 0.1 -0.744517326355 0.274829864502 5.38879442612 -0.0260039387774 0.199 0.101312936615 0.189979269165
* 551 55.3543338776 -0.706991097187 0.287800096325 5.5 0.1 0.1 -0.738017082214 0.25372171402 5.39424753586 -0.0255517089705 0.196 0.095777229018 0.201684719353
* 552 55.4548718929 -0.699834200919 0.280815911633 5.51 0.1 0.1 -0.732872962952 0.246718406677 5.40247345368 -0.0235205595142 0.193 0.096629500794 0.204245821516
* 553 55.5553269386 -0.69260782181 0.273903643917 5.52 0.1 0.1 -0.725245475769 0.24236536026 5.4103555719 -0.0220163767464 0.196 0.097707697924 0.203457694183
* 554 55.6559758186 -0.685312682492 0.267063984398 5.53 0.1 0.1 -0.716635704041 0.233858585358 5.41897821823 -0.0201660072687 0.199 0.0967739602632 0.204296886898
* 555 55.7565369606 -0.677949512473 0.260297617037 5.54 0.1 0.1 -0.710344791412 0.230130672455 5.42738247315 -0.0191387165194 0.202 0.0985491936426 0.204001033452
* 556 55.8570179939 -0.670519048063 0.253605218464 5.55 0.1 0.1 -0.700186729431 0.218851566315 5.43432665268 -0.0173683699226 0.203 0.0958941428984 0.206616209997
* 557 55.9574608803 -0.663022032304 0.246987457914 5.56 0.1 0.1 -0.692172527313 0.206744194031 5.44223165909 -0.0158823314173 0.202 0.0937055212234 0.2110524971
* 558 56.0578708649 -0.655459214889 0.240444997158 5.57 0.1 0.1 -0.685721874237 0.204492092133 5.45424843231 -0.0142396536319 0.204 0.0961162469915 0.208026699266
* 559 56.1583149433 -0.647831352095 0.233978490435 5.58 0.1 0.1 -0.677524089813 0.196656703949 5.46461868683 -0.012962297529 0.207 0.0956400937592 0.2084097085
* 560 56.2587969303 -0.640139206701 0.227588584392 5.59 0.1 0.1 -0.669710159302 0.191857814789 5.474571232 -0.0111852310248 0.206 0.096454986805 0.207315162299
* 561 56.3592498302 -0.632383547916 0.221275918013 5.6 0.1 0.1 -0.660606384277 0.187459468842 5.48525000015 -0.0101125397964 0.206 0.0969517523018 0.204708596364
* 562 56.4597067833 -0.624565151299 0.21504112256 5.61 0.1 0.1 -0.653164386749 0.176240444183 5.49356937805 -0.00850064426625 0.207 0.0953884043335 0.209413157338
* 563 56.5601408482 -0.616684798683 0.208884821508 5.62 0.1 0.1 -0.646818161011 0.172948360443 5.50141525665 -0.00762395503495 0.206 0.0972101516807 0.209661176201
* 564 56.6605939865 -0.608743278097 0.20280763048 5.63 0.1 0.1 -0.639568805695 0.165868282318 5.50958681503 -0.00602525408742 0.206 0.097281990436 0.211863134372
* 565 56.7610127926 -0.600741383686 0.196810157192 5.64 0.1 0.1 -0.631647109985 0.157652378082 5.51902628342 -0.00491869833058 0.206 0.0967317519881 0.213851037097
* 566 56.862046957 -0.592679915633 0.190893001386 5.65 0.1 0.1 -0.623433113098 0.152670860291 5.52698183457 -0.0034821101367 0.21 0.0971983835524 0.214187126542
* 567 56.9632928371 -0.584559680079 0.185056754772 5.66 0.1 0.1 -0.612336158752 0.145636558533 5.53524876038 -0.00240793542323 0.211 0.0958011726405 0.213990738778
* 568 57.064111948 -0.576381489039 0.17930200097 5.67 0.1 0.1 -0.604743480682 0.138061523438 5.54350090424 -0.00109023017567 0.211 0.0955670753357 0.21670911367
* 569 57.1647357941 -0.568146160327 0.173629315451 5.68 0.1 0.1 -0.598287582397 0.13489151001 5.55650806824 -0.000178411222997 0.213 0.0975351822604 0.214509980029
* 570 57.2652409077 -0.559854517468 0.168039265478 5.69 0.1 0.1 -0.590358734131 0.128971099854 5.5695815126 0.00134739173006 0.214 0.097943289752 0.213404028318
* 571 57.3659408092 -0.55150738962 0.162532410052 5.7 0.1 0.1 -0.57969045639 0.126805782318 5.58248472611 0.00283948117582 0.213 0.0985185629183 0.207840879399
* 572 57.4666268826 -0.543105611488 0.157109299854 5.71 0.1 0.1 -0.570188045502 0.122629642487 5.59211826721 0.00385275732189 0.213 0.0987184875159 0.206385234541
* 573 57.5674068928 -0.534650023243 0.15177047719 5.72 0.1 0.1 -0.562491893768 0.11331653595 5.60128975311 0.00494766366941 0.21 0.0979057061161 0.210397403379
* 574 57.6679368019 -0.526141470437 0.146516475938 5.73 0.1 0.1 -0.553053855896 0.10668182373 5.61009931961 0.00590422684903 0.208 0.0972707655085 0.211550500561
* 575 57.7688009739 -0.517580803919 0.141347821494 5.74 0.1 0.1 -0.546067237854 0.101649284363 5.6189870874 0.00721606937313 0.209 0.0981857422628 0.213035619496
* 576 57.8697099686 -0.508968879748 0.136265030719 5.75 0.1 0.1 -0.537068843842 0.0937967300415 5.62776947418 0.008143965944 0.21 0.0973401093775 0.215658102163
* 577 57.9701418877 -0.500306559108 0.131268611888 5.76 0.1 0.1 -0.529069900513 0.0910186767578 5.63446998993 0.00955928497365 0.211 0.0984717304766 0.216065091093
* 578 58.0707409382 -0.491594708225 0.126359064638 5.77 0.1 0.1 -0.520386695862 0.0868759155273 5.64414167801 0.0103332184541 0.213 0.0989763381374 0.215652124809
* 579 58.1724128723 -0.482834198277 0.121536879921 5.78 0.1 0.1 -0.512237071991 0.0814757347107 5.65652227799 0.0111939956468 0.214 0.0994096837453 0.215216941117
* 580 58.2729787827 -0.474025905307 0.11680253995 5.79 0.1 0.1 -0.504687309265 0.0761489868164 5.66783714691 0.0126512348456 0.214 0.100088027797 0.215722586358
* 581 58.374093771 -0.465170710138 0.112156518156 5.8 0.1 0.1 -0.497453689575 0.0722451210022 5.68032217423 0.0133693839155 0.214 0.101387244921 0.21468842367
* 582 58.4773797989 -0.456269498281 0.107599279137 5.81 0.1 0.1 -0.47715139389 0.0637435913086 5.70630932251 0.0147917127946 0.215 0.0960578299616 0.203172195587
* 583 58.5784778595 -0.44732315985 0.103131278613 5.82 0.1 0.1 -0.468813419342 0.0588750839233 5.71808815399 0.0157320374686 0.212 0.0965360979466 0.20296450019
* 584 58.6791849136 -0.438332589472 0.0987529633802 5.83 0.1 0.1 -0.460760593414 0.0558557510376 5.72794914642 0.0163776714809 0.209 0.0975936457905 0.202430110583
* 585 58.7797458172 -0.429298686196 0.0944647712668 5.84 0.1 0.1 -0.452407360077 0.0495462417603 5.73634672562 0.0172633406074 0.206 0.0975431605681 0.205389090645
* 586 58.8802039623 -0.420222353405 0.0902671310884 5.85 0.1 0.1 -0.443069934845 0.046003818512 5.745100979 0.018160701197 0.205 0.0978235462897 0.205383466188
* 587 58.9806959629 -0.411104498725 0.0861604626055 5.86 0.1 0.1 -0.432554244995 0.0407218933105 5.75404501358 0.0191889354226 0.204 0.0970933184911 0.206278169293
* 588 59.0813069344 -0.401946033933 0.0821451764814 5.87 0.1 0.1 -0.42449092865 0.0353202819824 5.76240730682 0.0200740448418 0.205 0.0974361271221 0.208929891447
* 589 59.1818368435 -0.392747874869 0.0782216742415 5.88 0.1 0.1 -0.42449092865 0.0353202819824 5.76240730682 0.0211861038232 0.206 0.102593724622 0.215409709789
* 590 59.2837469578 -0.38351094134 0.0743903482327 5.89 0.1 0.1 -0.408886909485 0.027813911438 5.78376198212 0.0216120908093 0.206 0.0994203703914 0.209416844954
* 591 59.3844838142 -0.374236157033 0.0706515815844 5.9 0.1 0.1 -0.402064323425 0.0260443687439 5.79770279328 0.0230105723068 0.208 0.101492308212 0.206723478205
* 592 59.4851119518 -0.364924449417 0.0670057481702 5.91 0.1 0.1 -0.38987159729 0.0241422653198 5.81090498367 0.0238382880753 0.208 0.100951153882 0.202106025328
* 593 59.5859727859 -0.355576749657 0.0634532125703 5.92 0.1 0.1 -0.379030704498 0.0167932510376 5.82456684509 0.0249771382545 0.206 0.0997431831242 0.202864202505
* 594 59.6865317822 -0.346193992513 0.0599943300354 5.93 0.1 0.1 -0.370148658752 0.014657497406 5.83508873383 0.0255588257852 0.204 0.100583382289 0.20160486902
* 595 59.7870349884 -0.336777116255 0.0566294464508 5.94 0.1 0.1 -0.362929344177 0.00977420806885 5.84524584213 0.0268707523402 0.203 0.101575393773 0.203806113665
* 596 59.8876368999 -0.327327062562 0.0533588983021 5.95 0.1 0.1 -0.352227687836 0.00786590576172 5.85674953858 0.027597769347 0.203 0.101610418005 0.201202796298
* 597 59.9881548882 -0.317844776431 0.0501830126413 5.96 0.1 0.1 -0.341163158417 0.00552749633789 5.86802244583 0.0285474321397 0.204 0.101342380929 0.199076076763
* 598 60.0887389183 -0.308331206083 0.0471021070545 5.97 0.1 0.1 -0.330044269562 0.00216436386108 5.87830019394 0.0292930722282 0.202 0.10077699035 0.198518899007
* 599 60.1893568039 -0.298787302867 0.0441164896296 5.98 0.1 0.1 -0.319725990295 -0.00463056564331 5.88806677261 0.0300258389779 0.2 0.0998758269341 0.201836093249
* 600 60.289899826 -0.289214021166 0.0412264589258 5.99 0.1 0.1 -0.311230182648 -0.0080885887146 5.89745998779 0.0306303516029 0.199 0.100551019941 0.203082111413
* 601 60.3908848763 -0.279612318299 0.0384323039438 6.0 0.1 0.1 -0.302088737488 -0.00870323181152 5.90706253449 0.0316491012999 0.2 0.101474327139 0.201414727832
* 602 60.4918069839 -0.26998315443 0.0357343040968 6.01 0.1 0.1 -0.293189048767 -0.0138874053955 5.92012215057 0.032246369294 0.202 0.101756452209 0.202322940517
* 603 60.5923848152 -0.260327492466 0.0331327291825 6.02 0.1 0.1 -0.281805038452 -0.015781879425 5.93424082199 0.0332042074616 0.201 0.101468035723 0.198818993231
* 604 60.6929547787 -0.250646297965 0.0306278393562 6.03 0.1 0.1 -0.269745826721 -0.0192008018494 5.94744491974 0.0338385296585 0.2 0.100517068248 0.197147906024
* 605 60.7935068607 -0.24094053904 0.0282198851049 6.04 0.1 0.1 -0.261745929718 -0.0215129852295 5.95970392624 0.0349278575134 0.2 0.101756796991 0.196376758964
* 606 60.8941318989 -0.231211186257 0.0259091072219 6.05 0.1 0.1 -0.251434326172 -0.0293283462524 5.97247267166 0.0354856344241 0.199 0.100955500866 0.199916075668
* 607 60.9946379662 -0.221459212543 0.0236957367831 6.06 0.1 0.1 -0.239970207214 -0.0230860710144 5.98136520783 0.036435314642 0.198 0.101690488841 0.191898018307
* 608 61.0953378677 -0.21168559309 0.0215799951237 6.07 0.1 0.1 -0.226561546326 -0.0267615318298 5.99327135483 0.0370275308226 0.199 0.0999370289614 0.191293567027
* 609 61.1972928047 -0.201891305248 0.0195620938162 6.08 0.1 0.1 -0.214518070221 -0.0340967178345 6.00366211334 0.0376011637268 0.193 0.0982931570202 0.195569309153
* 610 61.297814846 -0.192077328441 0.0176422346489 6.09 0.1 0.1 -0.205369472504 -0.0345487594604 6.01085663239 0.0379935622261 0.193 0.099031199244 0.195841078914
* 611 61.3982958794 -0.182244644057 0.0158206096061 6.1 0.1 0.1 -0.196833610535 -0.0342378616333 6.01803636948 0.0384706276894 0.194 0.100174335379 0.195627001887
* 612 61.4988107681 -0.172394235355 0.014097400849 6.11 0.1 0.1 -0.18690776825 -0.0359191894531 6.02620649735 0.0393527185897 0.194 0.100352123164 0.196528771288
* 613 61.5993747711 -0.16252708737 0.0124727806968 6.12 0.1 0.1 -0.177344322205 -0.0383062362671 6.0413265268 0.0400132102445 0.196 0.100870874084 0.194598771025
* 614 61.700360775 -0.152644186808 0.0109469116103 6.13 0.1 0.1 -0.167408943176 -0.040949344635 6.05901146332 0.0407181005516 0.196 0.10126514903 0.191550706975
* 615 61.8013467789 -0.142746521949 0.00951994617515 6.14 0.1 0.1 -0.155080795288 -0.0459589958191 6.07953882614 0.0417860924867 0.195 0.100273238201 0.18891133412
* 616 61.9018089771 -0.132835082554 0.00819202708662 6.15 0.1 0.1 -0.145392894745 -0.047908782959 6.09081793228 0.0424344496724 0.193 0.100674324443 0.188872392025
* 617 62.0023808479 -0.122910859756 0.00696328713556 6.16 0.1 0.1 -0.137985706329 -0.0476822853088 6.10285807053 0.0430817534133 0.191 0.102505814407 0.186786128423
* 618 62.1032669544 -0.112974845971 0.00583384919492 6.17 0.1 0.1 -0.123085975647 -0.0491857528687 6.11767673889 0.0436980788816 0.189 0.10034512231 0.183699451127
* 619 62.2038178444 -0.103028034791 0.00480382620757 6.18 0.1 0.1 -0.112751960754 -0.046799659729 6.12777901093 0.0447807714485 0.188 0.100723069781 0.180198270418
* 620 62.3048388958 -0.0930714208899 0.00387332117494 6.19 0.1 0.1 -0.0985593795776 -0.049783706665 6.13947534958 0.0450934669001 0.185 0.0986767344416 0.18070127522
* 621 62.4054307938 -0.0831059999196 0.00304242714677 6.2 0.1 0.1 -0.0886883735657 -0.0511198043823 6.14826965729 0.0457253049009 0.183 0.098935695096 0.181872130761
* 622 62.5059418678 -0.0731327684145 0.00231122721175 6.21 0.1 0.1 -0.0789022445679 -0.0519971847534 6.15609598557 0.0460533974865 0.182 0.0992389174083 0.183206384556
* 623 62.6064639091 -0.0631527236893 0.00167979448929 6.22 0.1 0.1 -0.069130897522 -0.051673412323 6.16570567736 0.0466720747979 0.182 0.0996846675768 0.182497976598
* 624 62.7073199749 -0.0531668637402 0.00114819212211 6.23 0.1 0.1 -0.0612449645996 -0.0522055625916 6.17967366824 0.0473347161658 0.183 0.101211706182 0.180609030742
* 625 62.8084909916 -0.0431761871449 0.000716473270023 6.24 0.1 0.1 -0.0496373176575 -0.0525650978088 6.19624566684 0.047696348193 0.182 0.100864936493 0.176860027437
* 626 62.9090240002 -0.0331816929626 0.000384681104546 6.25 0.1 0.1 -0.0380907058716 -0.0551867485046 6.21040916095 0.0485107402167 0.181 0.100375519004 0.176790548281
* 627 63.0096788406 -0.0231843806346 0.000152848804622 6.26 0.1 0.1 -0.0308394432068 -0.0555715560913 6.22080850626 0.0496118752757 0.179 0.102134215734 0.176890577448
* 628 63.1105439663 -0.0131852498836 2.09995532855e-05 6.27 0.1 0.1 -0.0205821990967 -0.0559034347534 6.23302364374 0.0503239398345 0.178 0.102363956359 0.175846850406
* 629 63.211108923 -0.00318530061445 -1.08534646468e-05 6.28 0.1 0.1 -0.0120935440063 -0.0545907020569 6.24681329751 0.0509286248527 0.177 0.103615836137 0.172478543808
