### Ensaio do Controlador Klancar com Laser (Círculo) ###

# Parâmetros #

# Número do Ensaio: 9
# Frequência: 10.0 Hz
# Raio: 1.00 m
# Velocidade Linear da Base: 0.10 m/s
# Velocidade Angular da Base: 0.10 rad/s
# Parâmetro ksi: 0.80
# Parâmetro w_n: 0.46
# Parâmetro g: 20.00

* 1 0.0 0.0 0.0 0.0 0.1 0.1 0.0 0.0 0.0 0.0 0.0 0.1 0.1
* 2 0.100448131561 0.00999950000417 9.99983333417e-05 0.01 0.1 0.1 0.000982761383057 0.00146722793579 6.28287410737 0.0 0.0 0.106606177614 0.8
* 3 0.201252937317 0.0199975000708 0.000299985000275 0.02 0.1 0.1 0.0013222694397 0.000745296478271 1.20214281196e-05 0.0100000000007 0.083 0.113672926053 0.113764356005
* 4 0.301667928696 0.0299930004083 0.0005999400023 0.03 0.1 0.1 0.000643730163574 0.0021653175354 0.00349338003434 0.0339995954621 0.181 0.121479971571 0.11609918293
* 5 0.402235031128 0.0399850014749 0.000999833344166 0.04 0.1 0.1 0.00943660736084 0.00477838516235 0.0229686014354 0.0660109435964 0.15 0.122314413044 0.103529332981
* 6 0.503046989441 0.0499725040789 0.00149962503687 0.05 0.1 0.1 0.0248222351074 0.00196075439453 0.0379575267434 0.0870452993465 0.133 0.11840711758 0.105999267256
* 7 0.603471040726 0.0599545094782 0.00209926510167 0.06 0.1 0.1 0.0386781692505 0.00166702270508 0.0423073880374 0.0990551768403 0.121 0.115583864286 0.112036392851
* 8 0.704005002975 0.0699300194808 0.00279869357504 0.07 0.1 0.1 0.053346157074 0.00185012817383 0.0466581732035 0.106064500556 0.116 0.112151453818 0.117462592256
* 9 0.804800033569 0.0798980365438 0.00359784051473 0.08 0.1 0.1 0.0694808959961 0.00539302825928 0.0487440004945 0.109054928394 0.114 0.107515924632 0.118316022274
* 10 0.905731916428 0.0898575638739 0.00449662600671 0.09 0.1 0.1 0.0822687149048 0.00764846801758 0.0489965304732 0.109034727605 0.115 0.105360321791 0.123024764392
* 11 1.0065369606 0.0998076055267 0.00549496017318 0.1 0.1 0.1 0.0945143699646 0.00604629516602 0.0516160838306 0.108024604673 0.117 0.103738011924 0.133828282311
* 12 1.10717511177 0.109747166506 0.00659274318155 0.11 0.1 0.1 0.104972839355 0.00713634490967 0.0566034056246 0.106026526553 0.122 0.103329913506 0.137525369658
* 13 1.20757508278 0.119675252865 0.00778986525444 0.12 0.1 0.1 0.114953517914 0.00820255279541 0.0651628151536 0.105052431189 0.125 0.103284663952 0.138768737038
* 14 1.30817914009 0.129590871802 0.00908620668064 0.13 0.1 0.1 0.124568939209 0.00965738296509 0.0749326273799 0.104085759043 0.131 0.103488874814 0.138485008467
* 15 1.40880799294 0.139493031764 0.0104816378271 0.14 0.1 0.1 0.13612985611 0.011962890625 0.086027726531 0.103136314508 0.134 0.102217869784 0.136043635403
* 16 1.50936198235 0.149380742543 0.0119760191518 0.15 0.1 0.1 0.149224758148 0.0136404037476 0.0915544107556 0.103142427143 0.134 0.0998315727919 0.139509663934
* 17 1.60994410515 0.159253015377 0.013569201218 0.16 0.1 0.1 0.158433437347 0.0133581161499 0.0964343175292 0.10214013402 0.135 0.100411072778 0.146869510888
* 18 1.7105910778 0.169108863046 0.0152610247086 0.17 0.1 0.1 0.168009281158 0.0155310630798 0.102044485509 0.10114416069 0.137 0.100551054701 0.149064515728
* 19 1.81113791466 0.178947299974 0.0170513204429 0.18 0.1 0.1 0.177565097809 0.0173225402832 0.108280181885 0.101146482263 0.142 0.100728944921 0.151747830786
* 20 1.91169309616 0.188767342325 0.0189399093927 0.19 0.1 0.1 0.18664264679 0.019163608551 0.115807764232 0.100171387322 0.144 0.101253367243 0.153463231053
* 21 2.01225495338 0.198568008104 0.0209266027006 0.2 0.1 0.1 0.196418762207 0.0221290588379 0.125061422586 0.100221454643 0.147 0.101172913698 0.152023567346
* 22 2.1128051281 0.208348317251 0.0230112016991 0.21 0.1 0.1 0.208371639252 0.0222139358521 0.133308634162 0.100251706809 0.149 0.0997668145264 0.157817622203
* 23 2.21409511566 0.218107291744 0.0251934979299 0.22 0.1 0.1 0.218459129333 0.0251641273499 0.141081660986 0.100277169547 0.151 0.0994363759833 0.158020986156
* 24 2.31484699249 0.227843955694 0.0274732731652 0.23 0.1 0.1 0.228539943695 0.0277647972107 0.150273561478 0.100325283201 0.153 0.0991457972421 0.158088303876
* 25 2.41566705704 0.237557335443 0.0298502994295 0.24 0.1 0.1 0.238030433655 0.0281753540039 0.158280849457 0.0993544661866 0.155 0.0995173121193 0.163374627378
* 26 2.51643610001 0.24724645966 0.032324339022 0.25 0.1 0.1 0.247824192047 0.0308656692505 0.166131690145 0.0993858804499 0.157 0.0994076072758 0.164561511209
* 27 2.61733412743 0.256910359441 0.034895144541 0.26 0.1 0.1 0.259895324707 0.0343146324158 0.17427867651 0.099438587833 0.159 0.0975511631401 0.165030522212
* 28 2.71879696846 0.266548068405 0.0375624589079 0.27 0.1 0.1 0.269788265228 0.0357069969177 0.180936053395 0.0984472959585 0.16 0.0975114868059 0.170119259584
* 29 2.81957197189 0.276158622788 0.0403260153935 0.28 0.1 0.1 0.278594017029 0.0386514663696 0.187252953649 0.098453647607 0.163 0.0980443293601 0.172200560026
* 30 2.92047691345 0.285741061543 0.0431855376445 0.29 0.1 0.1 0.287504673004 0.0414900779724 0.194402754307 0.0984584793671 0.166 0.0985148116677 0.174101494633
* 31 3.02178096771 0.295294426434 0.0461407397112 0.3 0.1 0.1 0.297219753265 0.0428695678711 0.2031981498 0.0985128748899 0.168 0.098633222673 0.178161104054
* 32 3.12323498726 0.304817762133 0.0491913260756 0.31 0.1 0.1 0.305897712708 0.0463094711304 0.215095579624 0.0986182912483 0.171 0.0992274123798 0.175676972417
* 33 3.22370791435 0.314310116314 0.0523369916818 0.32 0.1 0.1 0.316935539246 0.0498304367065 0.227761745453 0.0987494880753 0.174 0.0981146083866 0.173699476471
* 34 3.32414412498 0.323770539749 0.0555774219657 0.33 0.1 0.1 0.328065395355 0.050708770752 0.241172716022 0.0989290978017 0.173 0.0974004483046 0.176636311267
* 35 3.42507100105 0.333198086405 0.0589122928871 0.34 0.1 0.1 0.33781337738 0.0550470352173 0.2504542768 0.0979864164273 0.173 0.0970233428549 0.175433076657
* 36 3.52552700043 0.342591813533 0.0623412709617 0.35 0.1 0.1 0.346221923828 0.0573401451111 0.259804278612 0.0980574926484 0.173 0.0979631868804 0.177664262451
* 37 3.62596297264 0.35195078177 0.0658640132944 0.36 0.1 0.1 0.35637140274 0.060845375061 0.269381314516 0.0981373741721 0.175 0.0974446385421 0.178470972101
* 38 3.72675514221 0.361274055226 0.0694801676141 0.37 0.1 0.1 0.366402626038 0.0643057823181 0.278286099434 0.098201520312 0.175 0.0970062822215 0.180014091746
* 39 3.82719707489 0.370560701582 0.0731893723082 0.38 0.1 0.1 0.376795768738 0.0677046775818 0.286391675472 0.098292019586 0.177 0.096312800866 0.182680079481
* 40 3.9279229641 0.37980979218 0.0769912564594 0.39 0.1 0.1 0.386576652527 0.0699219703674 0.29356354475 0.0983091029161 0.178 0.09628594003 0.188158270986
* 41 4.0293200016 0.38902040212 0.0808854398825 0.4 0.1 0.1 0.395021915436 0.0742807388306 0.300635695457 0.0972831468531 0.18 0.0967377652175 0.189026476929
* 42 4.12974500656 0.398191610349 0.0848715331624 0.41 0.1 0.1 0.404008388519 0.0799508094788 0.309149503708 0.0973384482086 0.183 0.0965268553857 0.186859188872
* 43 4.23460197449 0.407322499752 0.088949137693 0.42 0.1 0.1 0.413809299469 0.0818037986755 0.320824027061 0.09749668834 0.184 0.0966472171375 0.190369740385
* 44 4.335324049 0.416412157248 0.0931178457172 0.43 0.1 0.1 0.421748161316 0.0870642662048 0.332880467176 0.0976482016939 0.186 0.097281482937 0.18613901167
* 45 4.43590092659 0.425459673881 0.0973772403679 0.44 0.1 0.1 0.4331407547 0.0910515785217 0.344781428576 0.0979169391947 0.186 0.0958142105001 0.186914466872
* 46 4.53649902344 0.434464144904 0.101726895709 0.45 0.1 0.1 0.441756248474 0.0945444107056 0.354908943176 0.0990083480199 0.187 0.0963648404925 0.188259717499
* 47 4.63712000847 0.443424669879 0.106166376779 0.46 0.1 0.1 0.450388431549 0.0978713035583 0.363838195801 0.0981061265259 0.186 0.0969307120321 0.190967420194
* 48 4.73775696754 0.452340352761 0.110695239632 0.47 0.1 0.1 0.459254264832 0.102692604065 0.373807787895 0.0981742480762 0.186 0.0969610579103 0.190478708663
* 49 4.83835911751 0.461210301989 0.115313031388 0.48 0.1 0.1 0.468862056732 0.10671377182 0.382488906384 0.0982893427033 0.188 0.0966732589823 0.193163783644
* 50 4.9390399456 0.470033630575 0.12001929027 0.49 0.1 0.1 0.477887153625 0.111663818359 0.393161743879 0.0984223733333 0.188 0.0965595947719 0.192456460357
* 51 5.03946113586 0.478809456194 0.124813545656 0.5 0.1 0.1 0.487616539001 0.115711212158 0.40077444911 0.0985001429415 0.19 0.0961660681553 0.196387330616
* 52 5.13989710808 0.487536901271 0.129695318124 0.51 0.1 0.1 0.496517181396 0.120805263519 0.408500164747 0.0984787273079 0.191 0.0960319496434 0.197872561861
* 53 5.24034500122 0.496215093067 0.134664119503 0.52 0.1 0.1 0.505762577057 0.123227596283 0.417264074087 0.0986072044743 0.192 0.0964712928323 0.203976231636
* 54 5.34205007553 0.504843163773 0.139719452915 0.53 0.1 0.1 0.514031410217 0.127376556396 0.426275461912 0.0986019620196 0.194 0.0970704837044 0.206127157771
* 55 5.44249606133 0.513420250586 0.144860812831 0.54 0.1 0.1 0.521645545959 0.133358955383 0.438837260008 0.0987950077548 0.199 0.0976125053951 0.20198741937
* 56 5.54294610023 0.521945495807 0.150087685121 0.55 0.1 0.1 0.532748222351 0.138033866882 0.450759887695 0.0990447604232 0.2 0.0962287057468 0.20387613724
* 57 5.64337611198 0.530418046917 0.1553995471 0.56 0.1 0.1 0.54180431366 0.144017696381 0.461224496365 0.0991925279275 0.201 0.0957504113214 0.202943279019
* 58 5.74448513985 0.538837056669 0.160795867587 0.57 0.1 0.1 0.549100399017 0.149529457092 0.472368836403 0.0994625301488 0.201 0.0965812217347 0.200989250157
* 59 5.84489107132 0.547201683168 0.166276106955 0.58 0.1 0.1 0.55658197403 0.152365207672 0.483263164759 0.0995591876 0.201 0.0981818153607 0.204281858924
* 60 5.945333004 0.555511089959 0.171839717184 0.59 0.1 0.1 0.565596580505 0.15914773941 0.494159907103 0.0997892013991 0.201 0.0974446621904 0.202185265143
* 61 6.04571413994 0.563764446108 0.177486141918 0.6 0.1 0.1 0.575033664703 0.165040493011 0.504447817802 0.100898482338 0.202 0.0967207794786 0.20274426222
* 62 6.14627814293 0.571960926286 0.183214816519 0.61 0.1 0.1 0.584597587585 0.170488834381 0.512600719929 0.0999920435276 0.201 0.0960278178121 0.205990188323
* 63 6.24675011635 0.580099710853 0.189025168125 0.62 0.1 0.1 0.592398643494 0.176241874695 0.521363019943 0.100069301306 0.202 0.0963625634259 0.20674294209
* 64 6.3471930027 0.588179985936 0.194916615704 0.63 0.1 0.1 0.600836753845 0.18307352066 0.528104305267 0.100125323184 0.203 0.0958410896468 0.207925842428
* 65 6.44773006439 0.596200943515 0.200888570118 0.64 0.1 0.1 0.608192443848 0.186776161194 0.536706149578 0.100094587788 0.205 0.0972016043312 0.212255341541
* 66 6.54831814766 0.6041617815 0.206940434175 0.65 0.1 0.1 0.616902351379 0.192638397217 0.546158075333 0.10026295686 0.205 0.0969254692355 0.213816200676
* 67 6.64887404442 0.612061703815 0.213071602695 0.66 0.1 0.1 0.625418186188 0.19855594635 0.554377913475 0.100203466336 0.208 0.0967189774097 0.216188721924
* 68 6.74946904182 0.619899920474 0.219281462565 0.67 0.1 0.1 0.633211612701 0.202971458435 0.564124107361 0.100394516465 0.211 0.0975860550497 0.219430141513
* 69 6.85005092621 0.627675647662 0.225569392805 0.68 0.1 0.1 0.640506744385 0.210141658783 0.575473189354 0.100532007833 0.213 0.0977178184644 0.216492234049
* 70 6.95059299469 0.635388107812 0.231934764628 0.69 0.1 0.1 0.647679805756 0.215025901794 0.586744427681 0.100946743642 0.214 0.0988263840871 0.217480532457
* 71 7.05110096931 0.643036529684 0.2383769415 0.7 0.1 0.1 0.655622959137 0.220947265625 0.596970379353 0.102014803737 0.214 0.0990212789633 0.2185233869
* 72 7.15166592598 0.650620148444 0.24489527921 0.71 0.1 0.1 0.66420841217 0.228125095367 0.607503592968 0.103341063318 0.216 0.0983135975542 0.218203675463
* 73 7.25229096413 0.658138205736 0.25148912593 0.72 0.1 0.1 0.674273490906 0.234495639801 0.617809355259 0.102308320945 0.215 0.097051980027 0.221324631803
* 74 7.35273694992 0.665589949759 0.25815782228 0.73 0.1 0.1 0.680248260498 0.240736961365 0.62570977211 0.103452572685 0.217 0.0982260939018 0.221877678781
* 75 7.45313501358 0.672974635346 0.264900701396 0.74 0.1 0.1 0.688592433929 0.249047279358 0.63405418396 0.102329977616 0.219 0.0971000689836 0.221729276753
* 76 7.55352711678 0.680291524035 0.271717088996 0.75 0.1 0.1 0.696771144867 0.254617214203 0.642755329609 0.102478709875 0.219 0.0972688485702 0.225764061776
* 77 7.65396404266 0.687539884143 0.278606303448 0.76 0.1 0.1 0.703822135925 0.263787269592 0.651724398136 0.102386989745 0.221 0.0965134984408 0.222704672299
* 78 7.7544131279 0.694718990839 0.285567655834 0.77 0.1 0.1 0.711396217346 0.271767616272 0.660876810551 0.102573427035 0.222 0.0959625342334 0.222272719495
* 79 7.85485196114 0.701828126219 0.292600450026 0.78 0.1 0.1 0.719182014465 0.276704311371 0.670646905899 0.10246868497 0.222 0.0966780437748 0.226656349181
* 80 7.95530700684 0.708866579375 0.29970398275 0.79 0.1 0.1 0.725568294525 0.281976222992 0.681711316109 0.101758170277 0.222 0.0980958314618 0.227977888699
* 81 8.05570101738 0.715833646469 0.306877543659 0.8 0.1 0.1 0.732470035553 0.29013967514 0.694133758545 0.101943785669 0.225 0.0979155598182 0.224637392084
* 82 8.15612101555 0.722728630798 0.314120415403 0.81 0.1 0.1 0.739844322205 0.296257019043 0.709725260735 0.103927590936 0.225 0.098513178867 0.222928926246
* 83 8.25652909279 0.729550842871 0.3214318737 0.82 0.1 0.1 0.748432159424 0.30610370636 0.724016427994 0.104317316928 0.224 0.0966130207571 0.218356477833
* 84 8.35701107979 0.736299600472 0.328811187411 0.83 0.1 0.1 0.757213592529 0.311907291412 0.734520196915 0.104600016017 0.221 0.0964710097486 0.223131900286
* 85 8.4574379921 0.74297422873 0.336257618611 0.84 0.1 0.1 0.764996528625 0.319745540619 0.744735598564 0.104622722179 0.222 0.0958799602879 0.223983024985
* 86 8.55787801743 0.749574060189 0.343770422662 0.85 0.1 0.1 0.773574829102 0.328615665436 0.75384157896 0.103779971872 0.222 0.0943135112192 0.225456513866
* 87 8.65848112106 0.756098434871 0.351348848291 0.86 0.1 0.1 0.779421329498 0.338007926941 0.764090180397 0.103804164633 0.223 0.0939613398652 0.221860162321
* 88 8.75892114639 0.762546700343 0.358992137661 0.87 0.1 0.1 0.787584781647 0.344702243805 0.777270913124 0.103544485262 0.223 0.0938323481528 0.223482873835
* 89 8.85935807228 0.768918211785 0.36669952645 0.88 0.1 0.1 0.796168327332 0.351225852966 0.788821697235 0.102624038324 0.222 0.093554877131 0.227330260471
* 90 8.95990800858 0.775212332051 0.374470243926 0.89 0.1 0.1 0.802973747253 0.360220909119 0.800086557865 0.103028011034 0.222 0.0929112578394 0.225612058178
* 91 9.06038093567 0.781428431734 0.382303513022 0.9 0.1 0.1 0.805537223816 0.365103721619 0.811821997166 0.103229679486 0.223 0.0965965474967 0.223310097147
* 92 9.16083192825 0.787565889229 0.390198550419 0.91 0.1 0.1 0.809898853302 0.370718479156 0.825302600861 0.103072918069 0.225 0.0990284337039 0.22134760216
* 93 9.26137804985 0.793624090795 0.398154566619 0.92 0.1 0.1 0.815330505371 0.378472328186 0.842899978161 0.106214731076 0.224 0.0998884212612 0.215130838385
* 94 9.36187410355 0.799602430618 0.406170766028 0.93 0.1 0.1 0.822649478912 0.388342380524 0.861887216568 0.108897569898 0.223 0.0986897638282 0.208142654252
* 95 9.46230101585 0.805500310868 0.414246347032 0.94 0.1 0.1 0.830360889435 0.398488044739 0.876647293568 0.110736187388 0.218 0.0970188338832 0.204828740474
* 96 9.56272602081 0.811317141763 0.42238050208 0.95 0.1 0.1 0.838076591492 0.406246185303 0.888279974461 0.11136344208 0.213 0.0966139426197 0.207137259341
* 97 9.66319298744 0.817052341624 0.430572417763 0.96 0.1 0.1 0.843340873718 0.414310455322 0.899419486523 0.111836898529 0.21 0.0971618864923 0.205816398035
* 98 9.76364398003 0.822705336935 0.438821274896 0.97 0.1 0.1 0.848630428314 0.425936222076 0.910288095474 0.11262078831 0.209 0.0956201479198 0.200537001756
* 99 9.86460208893 0.828275562403 0.447126248601 0.98 0.1 0.1 0.854980945587 0.434550285339 0.922177970409 0.111853541985 0.206 0.095352716863 0.200153801865
* 100 9.96507191658 0.833762461009 0.455486508387 0.99 0.1 0.1 0.860161304474 0.442690849304 0.93048030138 0.112179373433 0.204 0.0957821675991 0.201268902769
* 101 10.0654821396 0.839165484067 0.463901218235 1.0 0.1 0.1 0.865611076355 0.451989650726 0.93941617012 0.111088659552 0.202 0.0954212375543 0.20117711215
* 102 10.1658809185 0.844484091281 0.472369536682 1.01 0.1 0.1 0.871299743652 0.460052490234 0.949466049671 0.112990058558 0.202 0.0957146581827 0.202332029163
* 103 10.2662899494 0.849717750794 0.480890616901 1.02 0.1 0.1 0.87492609024 0.466344356537 0.96058601141 0.11249289863 0.201 0.097972687375 0.201552084863
* 104 10.3667399883 0.854865939243 0.489463606793 1.03 0.1 0.1 0.879420280457 0.473963737488 0.973897874355 0.113814525485 0.201 0.0991227823107 0.199176041193
* 105 10.4671440125 0.859928141816 0.498087649065 1.04 0.1 0.1 0.886939048767 0.487108707428 0.985383152962 0.115577598861 0.201 0.0956173653656 0.197204736056
* 106 10.5676169395 0.864903852295 0.506761881321 1.05 0.1 0.1 0.892615318298 0.497076511383 0.997360467911 0.11800152414 0.2 0.0948038256789 0.195662571172
* 107 10.6680829525 0.869792573113 0.515485436145 1.06 0.1 0.1 0.899096488953 0.506823539734 1.00825881958 0.117302038992 0.198 0.0937793025657 0.196753263121
* 108 10.7685770988 0.874593815403 0.524257441188 1.07 0.1 0.1 0.902603626251 0.513080596924 1.01822268963 0.116986112077 0.197 0.0960618531562 0.197379330917
* 109 10.8690109253 0.879307099045 0.533077019256 1.08 0.1 0.1 0.906205654144 0.520940303802 1.02771341801 0.1172700351 0.198 0.0972896919224 0.196937883993
* 110 10.9698400497 0.883931952714 0.541943288401 1.09 0.1 0.1 0.909796714783 0.530629634857 1.03678643703 0.118055492827 0.197 0.0973461767245 0.195061257916
* 111 11.0702719688 0.888467913928 0.550855362001 1.1 0.1 0.1 0.91371679306 0.541409492493 1.04504168034 0.119653097172 0.197 0.0965485442926 0.193455031312
* 112 11.1707370281 0.892914529096 0.559812348858 1.11 0.1 0.1 0.917724609375 0.549908638 1.05269348621 0.120194043146 0.196 0.0971355576301 0.194935140423
* 113 11.2711911201 0.897271353558 0.56881335328 1.12 0.1 0.1 0.920625209808 0.560317993164 1.06211972237 0.120511948414 0.194 0.0969333632414 0.191507411717
* 114 11.3724710941 0.901537951638 0.577857475174 1.13 0.1 0.1 0.924696445465 0.569376945496 1.07130014896 0.1209422886 0.194 0.0971529200015 0.191821669606
* 115 11.4728951454 0.905713896677 0.586943810135 1.14 0.1 0.1 0.928975582123 0.578066825867 1.08358097076 0.12258884549 0.193 0.0976073047206 0.190788848878
* 116 11.57330513 0.909798771086 0.596071449538 1.15 0.1 0.1 0.932106018066 0.587484836578 1.09609460831 0.124993285086 0.193 0.0979785580228 0.187054935917
* 117 11.673730135 0.91379216638 0.605239480625 1.16 0.1 0.1 0.935751438141 0.59738779068 1.10925316811 0.127053887075 0.192 0.0978556722627 0.183524569028
* 118 11.7741219997 0.917693683223 0.614446986603 1.17 0.1 0.1 0.941027641296 0.609566688538 1.12288796902 0.128821694875 0.188 0.0957048825145 0.180834598123
* 119 11.8745369911 0.921502931467 0.623693046727 1.18 0.1 0.1 0.944509029388 0.615232944489 1.13236653805 0.130483904493 0.187 0.0983420122409 0.183768700489
* 120 11.9749469757 0.92521953019 0.632976736399 1.19 0.1 0.1 0.946967124939 0.625269889832 1.14235389233 0.130052607402 0.184 0.0984018462793 0.180902222881
* 121 12.075371027 0.928843107734 0.642297127259 1.2 0.1 0.1 0.949566364288 0.636247158051 1.1510951519 0.132595911044 0.184 0.097739773507 0.17863760282
* 122 12.1757690907 0.932373301746 0.651653287274 1.21 0.1 0.1 0.95240688324 0.648431301117 1.16097402573 0.133576117427 0.182 0.096193895144 0.175263282312
* 123 12.2761979103 0.93580975921 0.661044280838 1.22 0.1 0.1 0.955939292908 0.657437801361 1.1697435379 0.135084633887 0.181 0.0965464116637 0.176729028782
* 124 12.3766081333 0.939152136481 0.670469168857 1.23 0.1 0.1 0.958781242371 0.668055534363 1.17911946774 0.134603557148 0.178 0.0960121741696 0.175434175179
* 125 12.4770269394 0.942400099325 0.679927008851 1.24 0.1 0.1 0.96253824234 0.678088188171 1.1885766983 0.136675404735 0.177 0.0956115062548 0.176445788066
* 126 12.5774719715 0.945553322949 0.689416855045 1.25 0.1 0.1 0.965554714203 0.685908317566 1.19808483124 0.13775200315 0.176 0.0969209145201 0.177876370413
* 127 12.6779170036 0.948611492033 0.698937758461 1.26 0.1 0.1 0.966124534607 0.6941614151 1.20911419392 0.140368981219 0.177 0.0986023756157 0.17345028874
* 128 12.7783579826 0.951574300762 0.708488767017 1.27 0.1 0.1 0.968183040619 0.704719543457 1.22378003597 0.143623157506 0.176 0.0983505428579 0.167690254179
* 129 12.8788020611 0.954441452859 0.71806892562 1.28 0.1 0.1 0.972904682159 0.717483520508 1.23612499237 0.148731564305 0.173 0.0958626781743 0.167431966254
* 130 12.9792189598 0.957212661609 0.727677276262 1.29 0.1 0.1 0.976187705994 0.727396965027 1.24390053749 0.149520533768 0.171 0.0956209598594 0.16992109456
* 131 13.0797591209 0.959887649895 0.737312858116 1.3 0.1 0.1 0.977600574493 0.734960079193 1.252212286 0.150102538849 0.17 0.0974561980032 0.170155631905
* 132 13.180366993 0.962466150221 0.746974707632 1.31 0.1 0.1 0.979990959167 0.743676662445 1.26118826866 0.151829602694 0.169 0.0982690600058 0.171182200598
* 133 13.2809860706 0.964947904737 0.756661858633 1.32 0.1 0.1 0.980179309845 0.755742549896 1.26599705219 0.152745166081 0.17 0.0971457079814 0.169206081912
* 134 13.3816559315 0.967332665272 0.766373342412 1.33 0.1 0.1 0.981585025787 0.765005588531 1.27331352234 0.15539203804 0.17 0.0977351333446 0.169617746934
* 135 13.482198 0.96962019335 0.776108187829 1.34 0.1 0.1 0.983060359955 0.776212215424 1.27977526188 0.156947398674 0.169 0.0969180821541 0.169847862842
* 136 13.582775116 0.971810260221 0.785865421408 1.35 0.1 0.1 0.985139369965 0.783628940582 1.2861559391 0.157606922788 0.169 0.0986257020759 0.173652866115
* 137 13.68323493 0.97390264688 0.795644067432 1.36 0.1 0.1 0.987807273865 0.793523311615 1.29769670963 0.162167043187 0.17 0.098553533236 0.173604166043
* 138 13.7841920853 0.975897144089 0.805443148046 1.37 0.1 0.1 0.988753318787 0.801895618439 1.30522716045 0.163345142964 0.172 0.0998261896437 0.174165347823
* 139 13.8850469589 0.977793552402 0.81526168335 1.38 0.1 0.1 0.989921569824 0.809841156006 1.31728208065 0.170589323063 0.172 0.101420468033 0.172185294279
* 140 13.9858369827 0.979591682179 0.825098691498 1.39 0.1 0.1 0.990421295166 0.821626186371 1.33327770233 0.178834952662 0.172 0.100445462679 0.164274717659
* 141 14.0864479542 0.981291353608 0.834953188798 1.4 0.1 0.1 0.992264270782 0.833297729492 1.34358501434 0.186319195815 0.171 0.0992111807191 0.163491763415
* 142 14.1871209145 0.982892396724 0.844824189808 1.41 0.1 0.1 0.994310855865 0.845260620117 1.34649300575 0.185057699053 0.168 0.0976242366264 0.168634786979
* 143 14.2878680229 0.984394651423 0.854710707436 1.42 0.1 0.1 0.995254993439 0.857168674469 1.35212647915 0.187252350257 0.166 0.0962830427824 0.169902713804
* 144 14.388324976 0.985797967481 0.86461175304 1.43 0.1 0.1 0.996862888336 0.865347385406 1.35827505589 0.186818138649 0.167 0.0975044255045 0.173911240478
* 145 14.4888749123 0.987102204569 0.874526336522 1.44 0.1 0.1 0.997217655182 0.877943992615 1.36484897137 0.190056659221 0.169 0.0957481474213 0.173507235665
* 146 14.591438055 0.988307232262 0.884453466432 1.45 0.1 0.1 0.997427940369 0.887535095215 1.37448477745 0.192648118333 0.171 0.0961945186595 0.172057561206
* 147 14.692939043 0.989412930061 0.894392150066 1.46 0.1 0.1 0.999111652374 0.898098468781 1.38426017761 0.197182799841 0.171 0.0957241150298 0.173219582992
* 148 14.7933311462 0.990419187394 0.904341393564 1.47 0.1 0.1 0.999409198761 0.90491104126 1.39205670357 0.202686726116 0.171 0.0981134633175 0.174639989274
* 149 14.8937399387 0.991325903639 0.914300202009 1.48 0.1 0.1 1.00005102158 0.913149356842 1.4034280777 0.210963443941 0.171 0.0994732794562 0.173733291421
* 150 14.9941589832 0.992132988124 0.92426757953 1.49 0.1 0.1 1.00107479095 0.922428131104 1.41540360451 0.223607598278 0.173 0.10003965643 0.172932479495
* 151 15.094671011 0.99284036014 0.934242529396 1.5 0.1 0.1 1.00252008438 0.931896686554 1.43022310734 0.246263797042 0.173 0.100465285614 0.170987102035
* 152 15.1961159706 0.993447948953 0.944224054121 1.51 0.1 0.1 1.00199794769 0.944712638855 1.44485092163 0.269568900517 0.173 0.098644994787 0.164609902875
* 153 15.2967951298 0.993955693802 0.95421115556 1.52 0.1 0.1 1.00412225723 0.957808017731 1.45444309711 0.284537793102 0.17 0.0963003901651 0.1674276358
* 154 15.3974859715 0.994363543914 0.964202835013 1.53 0.1 0.1 1.00504589081 0.968980312347 1.46143138409 0.297562377438 0.167 0.0954281465198 0.170469497268
* 155 15.4987940788 0.994671458505 0.974198093319 1.54 0.1 0.1 1.00354766846 0.978027820587 1.46927833557 0.309064026062 0.168 0.0962969216708 0.168738764439
* 156 15.5996170044 0.994879406783 0.984195930961 1.55 0.1 0.1 1.00360488892 0.990946292877 1.4755910635 0.321309008643 0.169 0.0941880919089 0.170646070154
* 157 15.7002880573 0.994987367954 0.994195348163 1.56 0.1 0.1 1.00195074081 1.00187921524 1.48589622974 0.350524080059 0.169 0.0936789973859 0.166907210249
* 158 15.8008811474 0.994995331221 1.00419534499 1.57 0.1 0.1 1.00241374969 1.01071310043 1.49595308304 0.386121999356 0.169 0.0945537460117 0.168112688952
* 159 15.9013681412 0.994903295788 1.01419492146 1.58 0.1 0.1 1.00367259979 1.01992273331 1.50422441959 0.417310025164 0.167 0.0950949168384 0.172297272138
* 160 16.0018291473 0.994711270859 1.02419307761 1.59 0.1 0.1 1.00408172607 1.02871751785 1.51384401321 0.478224465593 0.168 0.0960070764809 0.174033940679
* 161 16.1022479534 0.994419275636 1.03418881364 1.6 0.1 0.1 1.00225877762 1.03813409805 1.5247579813 0.575824147109 0.17 0.0965628644519 0.170467609806
* 162 16.2029979229 0.994027339318 1.04418112998 1.61 0.1 0.1 1.001557827 1.04910039902 1.54074501991 0.873144716161 0.171 0.0959891424541 0.165537148959
* 163 16.3036191463 0.993535501099 1.05416902742 1.62 0.1 0.1 1.00158214569 1.05799245834 1.55719316006 1.88104452357 0.171 0.0969194485726 0.162038517589
* 164 16.4042179585 0.992943810162 1.06415150716 1.63 0.1 0.1 1.00093126297 1.06974697113 1.57318735123 -10.3600065436 0.167 0.0957500123429 0.157657339858
* 165 16.5054409504 0.992252325676 1.07412757098 1.64 0.1 0.1 1.0008354187 1.0826458931 1.57750666142 -3.60590362883 0.164 0.093601425693 0.163100993013
* 166 16.6059000492 0.991461116787 1.08409622126 1.65 0.1 0.1 0.999702453613 1.09405660629 1.57973527908 -2.64450649062 0.164 0.0925044760547 0.168179027941
* 167 16.7064290047 0.990570262618 1.09405646116 1.66 0.1 0.1 1.00635290146 1.10628509521 1.58227324486 -1.9452905287 0.164 0.0908652957695 0.188834084954
* 168 16.8073959351 0.989579852252 1.10400729466 1.67 0.1 0.1 1.02716350555 1.11920976639 1.5653192997 3.97611658538 0.167 0.0881551999592 0.251752808582
* 169 16.9083340168 0.98848998473 1.11394772668 1.68 0.1 0.1 1.07155609131 1.13206624985 1.5198366642 0.40875645777 0.178 0.0823502909497 0.381504415592
* 170 17.0090310574 0.987300769037 1.12387676319 1.69 0.1 0.1 1.13567876816 1.14970827103 1.45823478699 0.176639083852 0.203 0.0662861160931 0.559008082994
* 171 17.1109690666 0.986012324094 1.13379341129 1.7 0.1 0.1 1.20643854141 1.17260885239 1.3846745491 0.0949684420128 0.289 0.0371936472112 0.750073516219
* 172 17.2125570774 0.984624778744 1.14369667934 1.71 0.1 0.1 1.25829076767 1.19136810303 1.3509619236 0.0609924541381 0.44 0.0157549752152 0.8
* 173 17.3130300045 0.983138271742 1.153585577 1.72 0.1 0.1 1.30509471893 1.2148976326 1.38872289658 0.0544189536726 0.542 0.00760751239826 0.8
* 174 17.413588047 0.981552951735 1.16345911539 1.73 0.1 0.1 1.33830881119 1.23184633255 1.45232856274 0.0459791583457 0.638 0.0154626584852 0.8
* 175 17.5140430927 0.979868977256 1.17331630718 1.74 0.1 0.1 1.35270690918 1.24133825302 1.50200664997 0.0504271406439 0.691 0.0286345855351 0.8
* 176 17.614563942 0.978086516699 1.18315616665 1.75 0.1 0.1 1.3576836586 1.24111175537 1.54411137104 0.0718850437619 0.734 0.0479831445837 0.8
* 177 17.715045929 0.97620574831 1.19297770982 1.76 0.1 0.1 1.3584227562 1.24354600906 1.59745073318 -0.0512454382165 0.757 0.0690865838449 0.8
* 178 17.8157401085 0.974226860164 1.20277995455 1.77 0.1 0.1 1.35386037827 1.24680328369 1.65038311481 -0.003419388878 0.774 0.0892389313297 0.8
* 179 17.9163820744 0.972150050148 1.21256192062 1.78 0.1 0.1 1.35120773315 1.25584793091 1.69632816315 0.00846712362056 0.78 0.102959530509 0.8
* 180 18.0171539783 0.969975525941 1.22232262984 1.79 0.1 0.1 1.34865045547 1.2639708519 1.73607981205 0.0221921366144 0.785 0.115415991925 0.8
* 181 18.1180279255 0.967703504994 1.23206110615 1.8 0.1 0.1 1.34508275986 1.27307891846 1.77935516834 0.032018638364 0.783 0.127846231644 0.8
* 182 18.2190070152 0.965334214507 1.2417763757 1.81 0.1 0.1 1.33947515488 1.28621959686 1.8243033886 0.0468996511937 0.772 0.137245715111 0.8
* 183 18.3197491169 0.962867891408 1.25146746699 1.82 0.1 0.1 1.33428049088 1.295773983 1.85958003998 0.0546266140639 0.761 0.146335088371 0.8
* 184 18.4206171036 0.960304782325 1.26113341091 1.83 0.1 0.1 1.32831954956 1.30938339233 1.90030133724 0.0666061849779 0.745 0.153589828848 0.776112233355
* 185 18.5211279392 0.957645143569 1.27077324087 1.84 0.1 0.1 1.32043218613 1.32207250595 1.93705642223 0.0723167899708 0.734 0.159672383605 0.743029366076
* 186 18.621557951 0.954889241101 1.2803859929 1.85 0.1 0.1 1.31562042236 1.33423995972 1.9715744257 0.0840275460471 0.709 0.166092247261 0.71717281489
* 187 18.7225899696 0.952037350509 1.28997070573 1.86 0.1 0.1 1.30509614944 1.34675502777 2.00430941582 0.0861813509408 0.694 0.169917062704 0.682695044574
* 188 18.8234241009 0.949089756979 1.2995264209 1.87 0.1 0.1 1.29660654068 1.35787582397 2.03415775299 0.097297074112 0.669 0.174270708527 0.653542816199
* 189 18.9241631031 0.946046755268 1.30905218284 1.88 0.1 0.1 1.28969478607 1.36825990677 2.06392621994 0.102075834201 0.651 0.179351175212 0.626607723748
* 190 19.0248260498 0.942908649675 1.31854703899 1.89 0.1 0.1 1.27588796616 1.37936639786 2.0909948349 0.111892928002 0.621 0.180644750736 0.59095494552
* 191 19.1253080368 0.939675754006 1.32801003987 1.9 0.1 0.1 1.26613140106 1.39219284058 2.11613178253 0.116896561688 0.6 0.181597512234 0.566322117516
* 192 19.226211071 0.936348391549 1.33744023918 1.91 0.1 0.1 1.25605297089 1.40398836136 2.14239883423 0.125934721253 0.574 0.18308622412 0.53937039896
* 193 19.3266699314 0.932926895038 1.34683669392 1.92 0.1 0.1 1.24339199066 1.41895055771 2.17091202736 0.128172974674 0.556 0.181787795787 0.509914368297
* 194 19.4271481037 0.929411606618 1.35619846444 1.93 0.1 0.1 1.23147726059 1.42921495438 2.19714689255 0.135018476089 0.534 0.182907701954 0.479178398549
* 195 19.5278711319 0.925802877817 1.36552461458 1.94 0.1 0.1 1.21818828583 1.44444513321 2.22835493088 0.134511317262 0.525 0.181097986394 0.447883303531
* 196 19.6286220551 0.922101069503 1.37481421173 1.95 0.1 0.1 1.20405864716 1.45891094208 2.25356149673 0.139378813469 0.498 0.17802682855 0.421048015352
* 197 19.7293629646 0.918306551855 1.38406632694 1.96 0.1 0.1 1.18877077103 1.4716629982 2.274091959 0.141789036744 0.482 0.174373341992 0.395581804572
* 198 19.8302669525 0.914419704322 1.393280035 1.97 0.1 0.1 1.17304611206 1.48660326004 2.29578351974 0.143183182403 0.452 0.169270072443 0.372069491064
* 199 19.9313180447 0.910440915584 1.40245441456 1.98 0.1 0.1 1.1593132019 1.50037002563 2.31279420853 0.144122935324 0.426 0.164903787228 0.355223990616
* 200 20.0318491459 0.906370583517 1.41158854817 1.99 0.1 0.1 1.14958953857 1.50974035263 2.33481788635 0.142267174372 0.407 0.165524836841 0.334221411405
* 201 20.1325509548 0.902209115152 1.42068152244 2.0 0.1 0.1 1.13591623306 1.52497529984 2.36372661591 0.138452177445 0.384 0.161871309609 0.309924628724
* 202 20.2333180904 0.897956926631 1.42973242807 2.01 0.1 0.1 1.12216329575 1.5374250412 2.38568067551 0.137362940391 0.365 0.158480318787 0.288860497554
* 203 20.3341219425 0.89361444317 1.43874035999 2.02 0.1 0.1 1.11338663101 1.54558992386 2.40658712387 0.135527445301 0.34 0.159621460819 0.269832046974
* 204 20.4350891113 0.889182099013 1.4477044174 2.03 0.1 0.1 1.09806108475 1.55527114868 2.43298268318 0.132842630632 0.323 0.156946849401 0.239740113586
* 205 20.5355291367 0.884660337392 1.45662370391 2.04 0.1 0.1 1.07988786697 1.56690263748 2.45235848427 0.131860371363 0.294 0.15066492259 0.216174079287
* 206 20.6360521317 0.880049610478 1.46549732759 2.05 0.1 0.1 1.06601381302 1.5776219368 2.45717573166 0.13129272689 0.276 0.145491919936 0.210340464757
* 207 20.7367179394 0.87535037934 1.4743244011 2.06 0.1 0.1 1.05363988876 1.5859708786 2.46581625938 0.1285396024 0.247 0.142667709346 0.199709919385
* 208 20.8375179768 0.870563113899 1.48310404173 2.07 0.1 0.1 1.03984832764 1.59343719482 2.47735881805 0.126192974989 0.237 0.139679538345 0.183783660752
* 209 20.9380729198 0.865688292876 1.49183537153 2.08 0.1 0.1 1.02724838257 1.60300350189 2.48969531059 0.12307045959 0.218 0.13643871984 0.172384758828
* 210 21.0395929813 0.860726403748 1.50051751736 2.09 0.1 0.1 1.01491165161 1.61277484894 2.49935245514 0.12075222918 0.205 0.132961728709 0.164350353954
* 211 21.1402130127 0.855677942702 1.50914961103 2.1 0.1 0.1 1.00479364395 1.62234973907 2.50750231743 0.118099942988 0.191 0.130718817735 0.160290572859
* 212 21.2411561012 0.850543414579 1.51773078932 2.11 0.1 0.1 0.990004062653 1.62905979156 2.51346588135 0.115933288155 0.182 0.12674058063 0.148235682712
* 213 21.3418359756 0.845323332828 1.52626019414 2.12 0.1 0.1 0.975419521332 1.63426303864 2.51967120171 0.11396489262 0.17 0.123511238791 0.134104667768
* 214 21.4424431324 0.840018219452 1.53473697254 2.13 0.1 0.1 0.967228412628 1.64322757721 2.52525305748 0.111665215128 0.162 0.122417797574 0.134320551198
* 215 21.5429739952 0.834628604958 1.54316027686 2.14 0.1 0.1 0.955744743347 1.64831352234 2.52978467941 0.109655211626 0.151 0.120912816194 0.125490075253
* 216 21.6467189789 0.829155028303 1.55152926477 2.15 0.1 0.1 0.936337947845 1.66184902191 2.54435420036 0.108027208854 0.144 0.11181996019 0.113850732267
* 217 21.7473211288 0.82359803684 1.55984309937 2.16 0.1 0.1 0.920935630798 1.66754436493 2.54826664925 0.104827005977 0.134 0.107575117052 0.102752445853
* 218 21.8478989601 0.817958186265 1.5681009493 2.17 0.1 0.1 0.907691955566 1.6746301651 2.55291295052 0.101621269401 0.128 0.104106319693 0.0960906198344
* 219 21.9487850666 0.812236040556 1.57630198878 2.18 0.1 0.1 0.907691955566 1.6746301651 2.55291295052 0.0975813741319 0.116 0.111303484251 0.0961361465995
* 220 22.0492720604 0.806432171925 1.5844453977 2.19 0.1 0.1 0.890163421631 1.6849193573 2.55866765976 0.0951518539787 0.11 0.103982664581 0.0896337912804
* 221 22.1499409676 0.800547160752 1.59253036174 2.2 0.1 0.1 0.883405208588 1.69073390961 2.56138253212 0.0955408041309 0.103 0.104878523578 0.0901400414041
* 222 22.2504799366 0.794581595535 1.60055607241 2.21 0.1 0.1 0.875357151031 1.69554233551 2.56455636024 0.0931210847923 0.098 0.105421700477 0.0873807544863
* 223 22.3511610031 0.788536072824 1.60852172713 2.22 0.1 0.1 0.865715503693 1.6997833252 2.56741142273 0.0924922359934 0.094 0.105195632438 0.0823666506172
* 224 22.451695919 0.782411197168 1.61642652935 2.23 0.1 0.1 0.854250431061 1.70662021637 2.57099294662 0.0924930676686 0.093 0.102851190419 0.0793957777083
* 225 22.5526299477 0.776207581047 1.6242696886 2.24 0.1 0.1 0.844609737396 1.71127033234 2.57359457016 0.0918327372211 0.087 0.102449836215 0.0756772258097
* 226 22.6534171104 0.76992584482 1.63205042057 2.25 0.1 0.1 0.835328578949 1.7164773941 2.57488274574 0.0919325050698 0.085 0.101993190451 0.0744734779685
* 227 22.7540149689 0.763566616654 1.63976794719 2.26 0.1 0.1 0.826704978943 1.72116470337 2.57843160629 0.0905181545568 0.08 0.102256052255 0.0715900026216
* 228 22.85542202 0.757130532467 1.64742149672 2.27 0.1 0.1 0.818949699402 1.72686481476 2.57932925224 0.0896803580737 0.078 0.102549781368 0.073534094933
* 229 22.9558799267 0.750618235862 1.6550103038 2.28 0.1 0.1 0.811186790466 1.73000049591 2.58073163033 0.0899514019001 0.076 0.103871243856 0.0709376377354
* 230 23.0563430786 0.744030378063 1.66253360956 2.29 0.1 0.1 0.800399780273 1.73617076874 2.58492279053 0.0901122720166 0.074 0.10224591809 0.0683646572202
* 231 23.1568820477 0.73736761785 1.66999066168 2.3 0.1 0.1 0.790340423584 1.74172592163 2.5857629776 0.0910788733774 0.073 0.101185283274 0.0682500333878
* 232 23.2576191425 0.730630621494 1.67738071446 2.31 0.1 0.1 0.782126426697 1.7469367981 2.58945775032 0.0903059686099 0.071 0.101517897299 0.0675589505065
* 233 23.3583829403 0.723820062689 1.6847030289 2.32 0.1 0.1 0.773953914642 1.75142002106 2.59285736084 0.0893419014209 0.07 0.102146591927 0.0660820355369
* 234 23.459125042 0.716936622485 1.69195687278 2.33 0.1 0.1 0.763056278229 1.75525379181 2.59537363052 0.089574493828 0.069 0.101286434934 0.0615132470357
* 235 23.5597281456 0.70998098922 1.69914152071 2.34 0.1 0.1 0.754603385925 1.76029396057 2.59802651405 0.0895245576745 0.067 0.101501939275 0.0616455236602
* 236 23.6602799892 0.702953858452 1.70625625424 2.35 0.1 0.1 0.744410514832 1.76495075226 2.59923171997 0.0896781495958 0.066 0.100731420231 0.060599571589
* 237 23.7611939907 0.695855932889 1.7133003619 2.36 0.1 0.1 0.736628055573 1.77042102814 2.59940338135 0.0899095350669 0.064 0.101143710396 0.0644013522894
* 238 23.8617310524 0.688687922316 1.72027313928 2.37 0.1 0.1 0.724957466125 1.77645206451 2.60124754906 0.0900619223681 0.063 0.0989526780631 0.0641132836841
* 239 23.9622859955 0.681450543529 1.72717388911 2.38 0.1 0.1 0.718265533447 1.77999591827 2.60352921486 0.0892968171108 0.063 0.100843259299 0.06455596556
* 240 24.0632350445 0.67414452026 1.73400192133 2.39 0.1 0.1 0.707719326019 1.78543949127 2.60627222061 0.0893992781117 0.064 0.0996051472706 0.0641641691922
* 241 24.1638281345 0.666770583104 1.74075655314 2.4 0.1 0.1 0.699495792389 1.7898645401 2.61203718185 0.0891732130123 0.064 0.1002797427 0.0623575325996
* 242 24.2642390728 0.65932946945 1.74743710907 2.41 0.1 0.1 0.688925743103 1.79388523102 2.6140973568 0.0893210093422 0.064 0.0995321082608 0.0604180498031
* 243 24.3666551113 0.651821923403 1.75404292109 2.42 0.1 0.1 0.679826259613 1.798620224 2.61615991592 0.0894343781273 0.063 0.0994513762438 0.0613946898146
* 244 24.4675300121 0.644248695711 1.7605733286 2.43 0.1 0.1 0.670855522156 1.80305957794 2.61669445038 0.0886514572524 0.061 0.0995336780049 0.0633131277279
* 245 24.5680401325 0.63661054369 1.76702767858 2.44 0.1 0.1 0.661144256592 1.80766773224 2.61655211449 0.088840631762 0.061 0.0990748728499 0.0654767758237
* 246 24.6684439182 0.62890823115 1.77340532561 2.45 0.1 0.1 0.652899265289 1.81160926819 2.61830496788 0.0889919426154 0.062 0.0998253324603 0.0667579164825
* 247 24.7690210342 0.621142528314 1.77970563191 2.46 0.1 0.1 0.643824577332 1.81819057465 2.62138748169 0.0891884242266 0.064 0.0991055170689 0.0710054345249
* 248 24.8703930378 0.613314211748 1.78592796746 2.47 0.1 0.1 0.63539648056 1.82111740112 2.62668061256 0.0891730340902 0.063 0.100160594137 0.0681223350841
* 249 24.9711840153 0.605424064276 1.79207171004 2.48 0.1 0.1 0.627105712891 1.8249578476 2.63042163849 0.08911718307 0.066 0.100940120346 0.0682870635096
* 250 25.0726010799 0.597472874906 1.79813624527 2.49 0.1 0.1 0.615029811859 1.83111953735 2.63469672203 0.0889984191756 0.068 0.0984688408212 0.0686248552837
* 251 25.1731209755 0.58946143875 1.80412096671 2.5 0.1 0.1 0.604593753815 1.83453845978 2.63737416267 0.0891382753028 0.067 0.0979974792145 0.0671613616844
* 252 25.2736649513 0.581390556946 1.81002527589 2.51 0.1 0.1 0.59642791748 1.83929347992 2.63853406906 0.0883261578134 0.066 0.0984887954862 0.0715409661563
* 253 25.3743510246 0.573261036575 1.81584858239 2.52 0.1 0.1 0.587674617767 1.84224033356 2.63912034035 0.0884632496315 0.068 0.0992340792231 0.0728016803708
* 254 25.474930048 0.565073690582 1.82159030387 2.53 0.1 0.1 0.57856464386 1.84722423553 2.64303278923 0.0884501559865 0.07 0.0990623979393 0.0750518243396
* 255 25.5754890442 0.556829337696 1.82724986618 2.54 0.1 0.1 0.570513248444 1.85100269318 2.64648890495 0.0886538299112 0.07 0.0999872819074 0.0767252726795
* 256 25.6761031151 0.548528802343 1.83282670335 2.55 0.1 0.1 0.561512947083 1.85565662384 2.65236234665 0.0884785989199 0.072 0.1000134079 0.077454103447
* 257 25.7765619755 0.540172914572 1.83832025771 2.56 0.1 0.1 0.553253173828 1.8603181839 2.65705418587 0.0895842889174 0.074 0.100503067871 0.0799557560073
* 258 25.8770720959 0.531762509963 1.84372997992 2.57 0.1 0.1 0.539460659027 1.86526489258 2.66117787361 0.0894372146214 0.075 0.0972929249674 0.0784570960985
* 259 25.9775159359 0.523298429551 1.84905532899 2.58 0.1 0.1 0.534541130066 1.8676404953 2.66318678856 0.0896372466342 0.076 0.100698679408 0.0823551386901
* 260 26.0782549381 0.514781519736 1.85429577241 2.59 0.1 0.1 0.522852897644 1.87052249908 2.66701889038 0.0896313954184 0.077 0.0995308325787 0.0797723436172
* 261 26.1786680222 0.506212632203 1.85945078613 2.6 0.1 0.1 0.513737678528 1.87658882141 2.66992330551 0.0897631844151 0.078 0.0989610664394 0.0861032576427
* 262 26.279433012 0.497592623832 1.86451985465 2.61 0.1 0.1 0.503058433533 1.87770557404 2.67198872566 0.0897975263089 0.079 0.0990066389829 0.0830127025394
* 263 26.379971981 0.488922356617 1.86950247108 2.62 0.1 0.1 0.494910240173 1.88337421417 2.67468333244 0.0899929599421 0.081 0.0991927556733 0.090070080936
* 264 26.4811580181 0.480202697579 1.87439813714 2.63 0.1 0.1 0.485838413239 1.88880157471 2.68086433411 0.089007205275 0.083 0.0988766506498 0.0935200906071
* 265 26.582201004 0.471434518675 1.87920636329 2.64 0.1 0.1 0.474237918854 1.89184093475 2.68461322784 0.0901078529336 0.085 0.0976575080878 0.0924392434188
* 266 26.6829559803 0.462618696716 1.88392666871 2.65 0.1 0.1 0.46634054184 1.8946390152 2.69018745422 0.0890422050358 0.088 0.098948482928 0.0930599245227
* 267 26.7837970257 0.453756113277 1.88855858136 2.66 0.1 0.1 0.458154201508 1.89715862274 2.69275450706 0.0892923345951 0.089 0.100115546175 0.0952972738617
* 268 26.8848330975 0.44484765461 1.89310163805 2.67 0.1 0.1 0.450949192047 1.90152645111 2.69894075394 0.0891660794285 0.091 0.101354749402 0.0992329617409
* 269 26.9852900505 0.435894211551 1.8975553845 2.68 0.1 0.1 0.43886089325 1.90560340881 2.70237731934 0.0893508879823 0.092 0.0994344723351 0.100684020948
* 270 27.0858380795 0.426896679439 1.90191937532 2.69 0.1 0.1 0.428527832031 1.90870571136 2.70614385605 0.0902661185927 0.094 0.0989724531178 0.101845307682
* 271 27.1865370274 0.417855958019 1.90619317412 2.7 0.1 0.1 0.417200565338 1.9134349823 2.71005964279 0.0905111393684 0.097 0.0973375625574 0.10523173377
* 272 27.2875239849 0.408772951355 1.91037635353 2.71 0.1 0.1 0.409583091736 1.918217659 2.71282577515 0.0896214527586 0.099 0.0981495496724 0.112864745597
* 273 27.3880281448 0.399648567741 1.91446849523 2.72 0.1 0.1 0.401121616364 1.92132472992 2.7181251049 0.0898600313462 0.102 0.0989187330042 0.115086558816
* 274 27.4887261391 0.390483719608 1.91846919 2.73 0.1 0.1 0.392938137054 1.92309188843 2.72407364845 0.0897006991049 0.106 0.100268873866 0.114786971739
* 275 27.5893120766 0.381279323432 1.92237803779 2.74 0.1 0.1 0.383412837982 1.92840957642 2.73121738434 0.0898764457625 0.109 0.099666247784 0.119203360312
* 276 27.6898469925 0.372036299646 1.92619464771 2.75 0.1 0.1 0.373213768005 1.93196868896 2.73930287361 0.0905450092014 0.112 0.0991311252973 0.119391445647
* 277 27.7905499935 0.362755572544 1.92991863811 2.76 0.1 0.1 0.358159542084 1.93627071381 2.74600291252 0.0908344373828 0.114 0.0950858477647 0.118443653867
* 278 27.8916721344 0.353438070191 1.93354963658 2.77 0.1 0.1 0.352010250092 1.93914985657 2.74871897697 0.0899015553364 0.115 0.0974382043105 0.124857345756
* 279 27.9922149181 0.344084724329 1.93708728003 2.78 0.1 0.1 0.342185020447 1.94214439392 2.75177311897 0.0891510061956 0.116 0.0972626806562 0.12860786911
* 280 28.0943300724 0.334696470287 1.9405312147 2.79 0.1 0.1 0.333152770996 1.94519424438 2.75669336319 0.0892450251881 0.12 0.0976117768134 0.131905346811
* 281 28.1948840618 0.32527424688 1.94388109621 2.8 0.1 0.1 0.32567358017 1.94782352448 2.76294493675 0.0893468889409 0.125 0.0991348448507 0.134790795375
* 282 28.2953209877 0.315818996324 1.94713658955 2.81 0.1 0.1 0.315212249756 1.95046234131 2.77159523964 0.089311723604 0.127 0.0986297075848 0.133921405341
* 283 28.3959951401 0.306331664135 1.95029736919 2.82 0.1 0.1 0.306944847107 1.95375061035 2.78374147415 0.0901894351577 0.13 0.0994685357192 0.133483708063
* 284 28.4965901375 0.29681319904 1.95336311906 2.83 0.1 0.1 0.295823097229 1.95659732819 2.79218649864 0.0901194766356 0.13 0.0984346141871 0.133124986129
* 285 28.5971591473 0.287264552876 1.95633353257 2.84 0.1 0.1 0.285670280457 1.95884227753 2.79904437065 0.0902614339582 0.131 0.098197269699 0.133684150906
* 286 28.6977350712 0.277686680501 1.95920831269 2.85 0.1 0.1 0.278021812439 1.96269702911 2.80461835861 0.090340892998 0.132 0.099283197004 0.140080998202
* 287 28.7983109951 0.268080539693 1.96198717195 2.86 0.1 0.1 0.268409729004 1.96281147003 2.81060791016 0.0904582653209 0.133 0.099909900997 0.137987949673
* 288 28.8988671303 0.258447091058 1.96466983246 2.87 0.1 0.1 0.255552768707 1.96719074249 2.81655240059 0.0905265686757 0.134 0.097255901249 0.142117660917
* 289 28.9996449947 0.248787297934 1.96725602596 2.88 0.1 0.1 0.244889259338 1.96882152557 2.8231317997 0.0907244463706 0.136 0.0967645683114 0.142229028838
* 290 29.1002631187 0.239102126292 1.96974549382 2.89 0.1 0.1 0.235937595367 1.97235298157 2.82738733292 0.0908424963884 0.138 0.097006494281 0.148911963125
* 291 29.2012429237 0.229392544641 1.97213798712 2.9 0.1 0.1 0.228468894958 1.97362518311 2.83410763741 0.0900556966128 0.141 0.0988074884965 0.15058885629
* 292 29.3018131256 0.21965952393 1.97443326659 2.91 0.1 0.1 0.218477725983 1.97782897949 2.8413105011 0.0901347127001 0.143 0.0981999946611 0.156152375429
* 293 29.4024569988 0.209904037454 1.97663110271 2.92 0.1 0.1 0.210175991058 1.97858524323 2.85050559044 0.0901607803487 0.146 0.0995384304743 0.154854109975
* 294 29.5032241344 0.200127060754 1.9787312757 2.93 0.1 0.1 0.200274467468 1.9802274704 2.8621301651 0.09043571417 0.149 0.0995710567961 0.15272060217
* 295 29.6038279533 0.190329571518 1.98073357555 2.94 0.1 0.1 0.188039302826 1.98317527771 2.87232208252 0.0911591901147 0.152 0.097676064418 0.153111147724
* 296 29.7045619488 0.180512549488 1.98263780202 2.95 0.1 0.1 0.179326057434 1.98385334015 2.88225984573 0.0913830748661 0.15 0.0987012433314 0.151409167804
* 297 29.8052289486 0.170676976358 1.9844437647 2.96 0.1 0.1 0.167545318604 1.98462963104 2.88873076439 0.0913788308942 0.152 0.0974888962994 0.151048448083
* 298 29.9066500664 0.160823835676 1.98615128299 2.97 0.1 0.1 0.157432556152 1.98875236511 2.89583921432 0.0915953536221 0.151 0.0968493332027 0.157771338031
* 299 30.0071060658 0.150954112749 1.98776018614 2.98 0.1 0.1 0.147536277771 1.98845291138 2.9012298584 0.0907130119158 0.151 0.0971350572685 0.15747357745
* 300 30.1075270176 0.141068794541 1.98927031326 2.99 0.1 0.1 0.140564918518 1.98971366882 2.90696692467 0.0909207665576 0.153 0.099220574985 0.161508991788
* 301 30.207955122 0.131168869575 1.99068151334 3.0 0.1 0.1 0.129626274109 1.99162960052 2.91705918312 0.0909071472503 0.156 0.0983988039962 0.161974865611
* 302 30.3084089756 0.121255327835 1.99199364526 3.01 0.1 0.1 0.118489265442 1.99032306671 2.92893481255 0.0911481691529 0.157 0.0979477008896 0.155004482442
* 303 30.4088389874 0.111329160668 1.99320657781 3.02 0.1 0.1 0.11163854599 1.99537849426 2.93556261063 0.091134046539 0.158 0.099539994081 0.166289066086
* 304 30.509303093 0.101391360682 1.9943201897 3.03 0.1 0.1 0.100043296814 1.99758529663 2.94437289238 0.0913274934807 0.157 0.0981952749725 0.168658169543
* 305 30.6097481251 0.0914429216485 1.99533436956 3.04 0.1 0.1 0.0903725624084 1.99692058563 2.9539835453 0.0922754170406 0.161 0.0986423392471 0.165785805261
* 306 30.7106220722 0.0814848384031 1.99624901599 3.05 0.1 0.1 0.0779495239258 1.99882602692 2.96309614182 0.0925010727156 0.164 0.096736192393 0.167535703398
* 307 30.8117749691 0.071518106746 1.9970640375 3.06 0.1 0.1 0.0694646835327 2.00044059753 2.97317290306 0.0925133427466 0.165 0.0977240033694 0.169631839682
* 308 30.9122669697 0.0615437233419 1.99777935262 3.07 0.1 0.1 0.0593099594116 2.00208854675 2.98158502579 0.091691189157 0.165 0.0974890946764 0.172623435305
* 309 31.0127649307 0.0515626856209 1.99839488979 3.08 0.1 0.1 0.0497579574585 2.00098228455 2.98849582672 0.0918012027255 0.166 0.0979845619745 0.171655790781
* 310 31.1132290363 0.0415759916786 1.99891058747 3.09 0.1 0.1 0.0407056808472 2.00058364868 2.99597883224 0.092006312852 0.169 0.0987489621293 0.171995605575
* 311 31.213670969 0.0315846401758 1.9993263941 3.1 0.1 0.1 0.0291604995728 2.00036334991 3.00347352028 0.0921091383828 0.169 0.0976693314949 0.172161031828
* 312 31.3141100407 0.0215896302396 1.99964226808 3.11 0.1 0.1 0.0232763290405 2.00101566315 3.01673221588 0.0922752507033 0.17 0.100667044759 0.171530585742
* 313 31.4147191048 0.0115919613624 1.99985817784 3.12 0.1 0.1 0.010621547699 2.00372123718 3.0282804966 0.0932915878324 0.171 0.0985524515878 0.174706973133
* 314 31.515155077 0.001592633303 1.99997410178 3.13 0.1 0.1 -0.00187587738037 2.005818367 3.03747224808 0.0934509293695 0.171 0.0965974956421 0.178746716848
* 315 31.6156089306 -0.00840735401428 1.99999002831 3.14 0.1 0.1 -0.00940465927124 2.0068063736 3.0467915535 0.0935496329693 0.172 0.0983648807076 0.181724229931
* 316 31.716078043 -0.018407000599 1.99990595583 3.15 0.1 0.1 -0.0191316604614 2.00709629059 3.05898308754 0.0927636690328 0.175 0.098621538721 0.180946739111
* 317 31.8165271282 -0.0284053064948 1.99972189277 3.16 0.1 0.1 -0.0329208374023 2.00235652924 3.07047390938 0.0938430188179 0.178 0.0961597813161 0.170255830319
* 318 31.9169580936 -0.0384012718795 1.99943785751 3.17 0.1 0.1 -0.0439658164978 2.00428199768 3.07958912849 0.0930842329672 0.177 0.095299338716 0.175270408582
* 319 32.017359972 -0.0483938971648 1.99905387846 3.18 0.1 0.1 -0.0579719543457 2.00550842285 3.08900642395 0.0932271532069 0.175 0.0923245020196 0.178601952446
* 320 32.1178109646 -0.0583821830966 1.99856999403 3.19 0.1 0.1 -0.0628042221069 2.00685214996 3.09500694275 0.0915143746502 0.175 0.0960275871886 0.185784542355
* 321 32.2182941437 -0.0683651308545 1.99798625259 3.2 0.1 0.1 -0.0714902877808 2.00567054749 3.10284399986 0.0906476321903 0.175 0.0970204600788 0.186350878911
* 322 32.3187639713 -0.0783417421522 1.99730271253 3.21 0.1 0.1 -0.0818490982056 2.00569629669 3.11456871033 0.0918260855846 0.18 0.0968079993506 0.186562874177
* 323 32.4192659855 -0.0883110193368 1.9965194422 3.22 0.1 0.1 -0.0881390571594 2.00536632538 3.1243827343 0.0929434277735 0.182 0.09955765211 0.187804802015
* 324 32.5198090076 -0.0982719654888 1.99563651992 3.23 0.1 0.1 -0.100185871124 2.00393867493 3.1392583847 0.093166115412 0.184 0.0981710761709 0.183128180976
* 325 32.6203100681 -0.108223584522 1.99465403398 3.24 0.1 0.1 -0.109742164612 2.0027589798 3.15432078043 0.0943054390596 0.185 0.0985954636169 0.179068276394
* 326 32.7207579613 -0.118164881283 1.99357208263 3.25 0.1 0.1 -0.12001991272 2.00436782837 3.16112023989 0.0945384658017 0.183 0.0983999693451 0.18682753542
* 327 32.8212349415 -0.12809486165 1.99239077407 3.26 0.1 0.1 -0.131456375122 2.00360202789 3.17257959047 0.0956280877763 0.181 0.0974092865965 0.186717739267
* 328 32.9217269421 -0.138012532633 1.99111022643 3.27 0.1 0.1 -0.137292861938 2.00169372559 3.18012077013 0.0958648849376 0.184 0.100422540002 0.18699638843
* 329 33.0221920013 -0.147916902474 1.98973056776 3.28 0.1 0.1 -0.154096126556 1.99592685699 3.19091636339 0.095072820757 0.184 0.0953022921067 0.178304025669
* 330 33.1226530075 -0.157806980744 1.98825193602 3.29 0.1 0.1 -0.161253929138 1.99787807465 3.19916969935 0.0962909645414 0.184 0.0974707744794 0.186214961736
* 331 33.2231230736 -0.167681778443 1.98667447908 3.3 0.1 0.1 -0.170983314514 1.99600887299 3.20767623583 0.0954885233116 0.183 0.0976106292226 0.18675697815
* 332 33.3235590458 -0.1775403081 1.98499835468 3.31 0.1 0.1 -0.181170463562 1.99315834045 3.21632725397 0.0957243818821 0.183 0.0973540682366 0.185498500476
* 333 33.4240291119 -0.18738158387 1.98322373043 3.32 0.1 0.1 -0.194151878357 1.98950481415 3.22537547747 0.0959118974764 0.184 0.0949913939611 0.183031090705
* 334 33.5244691372 -0.197204621633 1.98135078379 3.33 0.1 0.1 -0.201102256775 1.99164867401 3.23368603388 0.0951525584937 0.185 0.0973852283861 0.191843948666
* 335 33.6249189377 -0.207008439095 1.97937970207 3.34 0.1 0.1 -0.208965301514 1.99069023132 3.24608594576 0.0953753570671 0.187 0.0989973508861 0.191764809049
* 336 33.7253510952 -0.21679205588 1.97731068235 3.35 0.1 0.1 -0.224750995636 1.99952888489 3.28074556986 0.0969105013859 0.189 0.0962406871464 0.196992940698
* 337 33.8258459568 -0.226554493637 1.97514393154 3.36 0.1 0.1 -0.245731830597 2.02485847473 3.32375699679 0.0976862313385 0.19 0.0927093940188 0.231306008659
* 338 33.9263091087 -0.236294776129 1.97287966633 3.37 0.1 0.1 -0.27867937088 2.06623077393 3.36114555994 0.0975490340589 0.198 0.0845722997011 0.307174756577
* 339 34.0267999172 -0.246011929336 1.97051811312 3.38 0.1 0.1 -0.318245887756 2.11088085175 3.38728744188 0.0962065468896 0.213 0.0736572882506 0.402090623484
* 340 34.1290440559 -0.255704981551 1.96805950808 3.39 0.1 0.1 -0.356405735016 2.16630840302 3.41722065607 0.0929692386522 0.255 0.0684743838825 0.516384937882
* 341 34.2296340466 -0.265372963477 1.96550409706 3.4 0.1 0.1 -0.403859138489 2.22157001495 3.44574529329 0.0876047222709 0.308 0.0592446751547 0.638033540837
* 342 34.3300819397 -0.275014908323 1.9628521356 3.41 0.1 0.1 -0.44137096405 2.25487422943 3.45026404062 0.0784712697166 0.416 0.048755814355 0.72799466765
* 343 34.4305720329 -0.284629851904 1.9601038889 3.42 0.1 0.1 -0.463256835938 2.27448749542 3.48637038866 0.072110496465 0.497 0.054425407986 0.763848441996
* 344 34.5311050415 -0.294216832732 1.95725963177 3.43 0.1 0.1 -0.470902442932 2.27528953552 3.53081304232 0.0648160384527 0.598 0.0681192095308 0.748661281992
* 345 34.6315610409 -0.303774892119 1.95431964865 3.44 0.1 0.1 -0.478862762451 2.26520347595 3.59417874018 0.0656021613088 0.652 0.0830404571845 0.699251190348
* 346 34.7320039272 -0.313303074265 1.95128423352 3.45 0.1 0.1 -0.479124069214 2.26168060303 3.64058024088 0.074000391035 0.685 0.100340741478 0.664065082835
* 347 34.8324739933 -0.32280042636 1.94815368993 3.46 0.1 0.1 -0.48227596283 2.25300502777 3.67138344446 0.0798828985354 0.687 0.109831098775 0.632314175003
* 348 34.9329419136 -0.332265998678 1.94492833092 3.47 0.1 0.1 -0.490152359009 2.24674797058 3.70081502596 0.0975914304869 0.675 0.116622942619 0.609975293432
* 349 35.0333681107 -0.341698844668 1.94160847904 3.48 0.1 0.1 -0.498287677765 2.23472118378 3.72849351565 0.109875914248 0.659 0.120343880892 0.57936105294
* 350 35.1338229179 -0.351098021055 1.93819446626 3.49 0.1 0.1 -0.508756637573 2.23301506042 3.75471526781 0.124699808477 0.634 0.126362073968 0.569589797607
* 351 35.2343230247 -0.360462587928 1.93468663399 3.5 0.1 0.1 -0.520718574524 2.22288513184 3.78456741968 0.134381943446 0.614 0.128637302168 0.5448234815
* 352 35.3347079754 -0.369791608838 1.93108533299 3.51 0.1 0.1 -0.529849052429 2.21164417267 3.81508332888 0.145693927433 0.595 0.13195546857 0.514567914936
* 353 35.4354851246 -0.379084150891 1.92739092341 3.52 0.1 0.1 -0.538110256195 2.20344352722 3.84003431002 0.151891828439 0.577 0.135776569078 0.492689603512
* 354 35.536536932 -0.388339284841 1.92360377467 3.53 0.1 0.1 -0.546452522278 2.19096851349 3.8691166083 0.162401348135 0.548 0.138092989125 0.46100176038
* 355 35.6372830868 -0.397556085183 1.91972426549 3.54 0.1 0.1 -0.55499792099 2.17579364777 3.90307194391 0.172074901357 0.53 0.13947331442 0.421753046743
* 356 35.7381420135 -0.406733630242 1.91575278382 3.55 0.1 0.1 -0.56824016571 2.16611766815 3.93427735964 0.180123259943 0.492 0.140331112907 0.399786217947
* 357 35.8385441303 -0.415871002274 1.91168972679 3.56 0.1 0.1 -0.575580120087 2.15873432159 3.96073228518 0.186917918412 0.467 0.144445898857 0.376920781239
* 358 35.9389030933 -0.424967287547 1.90753550073 3.57 0.1 0.1 -0.585152626038 2.14525032043 3.99394041697 0.196879764853 0.442 0.145054391484 0.343281818053
* 359 36.039288044 -0.434021576442 1.90329052103 3.58 0.1 0.1 -0.599624156952 2.13772583008 4.01877934137 0.203106441282 0.417 0.145074355091 0.332716603928
* 360 36.1397099495 -0.443032963537 1.8989552122 3.59 0.1 0.1 -0.605521678925 2.11592006683 4.03079849878 0.208863273351 0.384 0.138918296935 0.302557738547
* 361 36.2401990891 -0.4520005477 1.89453000777 3.6 0.1 0.1 -0.614858627319 2.11290645599 4.0474014918 0.213590914825 0.367 0.142475281335 0.297771898594
* 362 36.3420751095 -0.460923432181 1.89001535025 3.61 0.1 0.1 -0.626287460327 2.10353088379 4.06487757364 0.215262748401 0.339 0.141558975939 0.287849376375
* 363 36.4428489208 -0.469800724699 1.8854116911 3.62 0.1 0.1 -0.63343334198 2.08037090302 4.07250172297 0.215865164017 0.319 0.13296286515 0.263562588895
* 364 36.543350935 -0.478631537532 1.88071949069 3.63 0.1 0.1 -0.638321876526 2.06951236725 4.0854631106 0.216974407246 0.306 0.133217343189 0.246208218383
* 365 36.6440889835 -0.487414987605 1.87593921823 3.64 0.1 0.1 -0.6458568573 2.05805301666 4.1027665774 0.21624037735 0.288 0.132442045396 0.22903699347
* 366 36.7446570396 -0.496150196582 1.87107135174 3.65 0.1 0.1 -0.653447151184 2.05281162262 4.12547022501 0.2208712055 0.272 0.135991320271 0.214621227568
* 367 36.8452241421 -0.504836290948 1.86611637801 3.66 0.1 0.1 -0.661189079285 2.03998851776 4.13569742838 0.219397175498 0.251 0.133256753548 0.202953758864
* 368 36.9457690716 -0.513472402102 1.86107479253 3.67 0.1 0.1 -0.667182922363 2.03032398224 4.14421040217 0.222947447157 0.238 0.132918414915 0.193568196208
* 369 37.0463199615 -0.52205766644 1.85594709946 3.68 0.1 0.1 -0.672743797302 2.01724720001 4.15557676951 0.222239678959 0.221 0.130915763044 0.177638163817
* 370 37.1467521191 -0.530591225441 1.85073381156 3.69 0.1 0.1 -0.679682731628 2.00444221497 4.16246849695 0.223770489807 0.211 0.127999186998 0.168463096998
* 371 37.2472689152 -0.539072225759 1.84543545015 3.7 0.1 0.1 -0.686760902405 1.9910697937 4.16903597513 0.221702194735 0.196 0.124617308432 0.15952277026
* 372 37.3478159904 -0.547499819298 1.84005254506 3.71 0.1 0.1 -0.690721988678 1.98161411285 4.17740160624 0.222238080047 0.187 0.125027756495 0.1480611226
* 373 37.4483780861 -0.555873163308 1.83458563459 3.72 0.1 0.1 -0.696359157562 1.96889686584 4.18623310724 0.220877301493 0.174 0.122754637124 0.136026746403
* 374 37.5491709709 -0.56419142046 1.82903526542 3.73 0.1 0.1 -0.703763484955 1.95910739899 4.19597393671 0.220377733368 0.164 0.121742121464 0.129534932245
* 375 37.6505980492 -0.572453758937 1.82340199258 3.74 0.1 0.1 -0.710011482239 1.94921970367 4.20238310495 0.219958466947 0.151 0.120772967002 0.123923791267
* 376 37.7515349388 -0.58065935251 1.81768637939 3.75 0.1 0.1 -0.71454668045 1.93977069855 4.20505863825 0.218592279998 0.143 0.120368101786 0.119020757682
* 377 37.8521270752 -0.588807380628 1.81188899742 3.76 0.1 0.1 -0.723938941956 1.93121147156 4.21296459833 0.217117557882 0.134 0.119266568173 0.119425530127
* 378 37.9526879787 -0.596897028494 1.80601042638 3.77 0.1 0.1 -0.724318504333 1.91369915009 4.21407992045 0.215247784375 0.129 0.11500473142 0.101184924774
* 379 38.0534291267 -0.604927487151 1.80005125414 3.78 0.1 0.1 -0.73189163208 1.90846347809 4.22174460093 0.215717018236 0.124 0.116648233851 0.102246183461
* 380 38.153990984 -0.612897953559 1.79401207661 3.79 0.1 0.1 -0.734609127045 1.89639091492 4.2304011027 0.215080808891 0.117 0.11560517553 0.0876967654365
* 381 38.2545509338 -0.620807630678 1.7878934977 3.8 0.1 0.1 -0.740649223328 1.89399528503 4.23955876032 0.216238471858 0.109 0.119737248575 0.0877352105742
* 382 38.355148077 -0.628655727547 1.78169612927 3.81 0.1 0.1 -0.747301101685 1.87820911407 4.24343640009 0.215473404913 0.102 0.114561366279 0.0811110437859
* 383 38.4555950165 -0.636441459363 1.77542059104 3.82 0.1 0.1 -0.751509189606 1.86426830292 4.24284416834 0.216230364394 0.095 0.111111149925 0.0755981317015
* 384 38.55615592 -0.64416404756 1.76906751056 3.83 0.1 0.1 -0.756734371185 1.85476112366 4.2481294314 0.216214743734 0.09 0.110608839031 0.0714731917368
* 385 38.6570060253 -0.651822719884 1.76263752314 3.84 0.1 0.1 -0.759544372559 1.84058666229 4.2470861117 0.209488899698 0.082 0.107465811094 0.0640086790103
* 386 38.7578661442 -0.659416710476 1.75613127177 3.85 0.1 0.1 -0.765756130219 1.83670520782 4.25151068369 0.209062885114 0.078 0.110285213042 0.0677639969252
* 387 38.8585751057 -0.666945259941 1.74954940707 3.86 0.1 0.1 -0.769736766815 1.82688236237 4.25600535074 0.206649034963 0.073 0.109944082023 0.062348109909
* 388 38.959031105 -0.674407615433 1.74289258722 3.87 0.1 0.1 -0.774934768677 1.81480789185 4.25734717051 0.206934404486 0.071 0.107560493513 0.0598014511249
* 389 39.059898138 -0.68180303072 1.73616147789 3.88 0.1 0.1 -0.778917789459 1.80354499817 4.26087385813 0.206120697185 0.067 0.106220122997 0.0543066890016
* 390 39.1604521275 -0.689130766269 1.7293567522 3.89 0.1 0.1 -0.78267621994 1.79728031158 4.26342493693 0.206784875226 0.064 0.108205453829 0.0537120541997
* 391 39.2611620426 -0.696390089311 1.72247909061 3.9 0.1 0.1 -0.786537647247 1.77872657776 4.26442772547 0.204889816632 0.061 0.101976287708 0.0440277567494
* 392 39.3623890877 -0.70358027392 1.71552918088 3.91 0.1 0.1 -0.791397094727 1.77276802063 4.26681095759 0.203579619374 0.056 0.103821989667 0.0462044933546
* 393 39.4629299641 -0.710700601084 1.70850771799 3.92 0.1 0.1 -0.795230388641 1.76497840881 4.26896435419 0.200399090042 0.052 0.104782485086 0.0453003906061
* 394 39.5634789467 -0.717750358776 1.70141540409 3.93 0.1 0.1 -0.800257205963 1.75279712677 4.26955706278 0.200226634876 0.049 0.102407881038 0.044163551197
* 395 39.6640760899 -0.724728842026 1.6942529484 3.94 0.1 0.1 -0.804201126099 1.74694156647 4.27185112635 0.200916134313 0.048 0.104639675804 0.0453872597333
* 396 39.7645869255 -0.731635352992 1.68702106716 3.95 0.1 0.1 -0.806975364685 1.73780345917 4.27383858362 0.19764309229 0.046 0.105056300319 0.0421057222927
* 397 39.8652169704 -0.738469201027 1.67972048355 3.96 0.1 0.1 -0.811949253082 1.72848987579 4.27739960352 0.200803472609 0.045 0.104729736549 0.0416560589783
* 398 39.9657280445 -0.745229702754 1.67235192763 3.97 0.1 0.1 -0.816696166992 1.71095848083 4.27839333216 0.200945945705 0.044 0.0989305970406 0.0360323576952
* 399 40.0663011074 -0.751916182128 1.66491613624 3.98 0.1 0.1 -0.81854391098 1.70085716248 4.27824217478 0.200591746839 0.043 0.0989440696968 0.0324546910958
* 400 40.1667411327 -0.758527970506 1.65741385295 3.99 0.1 0.1 -0.823276996613 1.69547748566 4.27885300318 0.194780957411 0.039 0.101240584034 0.037706866915
* 401 40.2674760818 -0.765064406714 1.649845828 4.0 0.1 0.1 -0.82642364502 1.68611431122 4.28000456492 0.195125448422 0.037 0.101398384691 0.0365175260288
* 402 40.3684051037 -0.771524837116 1.64221281817 4.01 0.1 0.1 -0.831283569336 1.66934490204 4.28036743799 0.194995399928 0.037 0.0960870433534 0.0330204717052
* 403 40.4689819813 -0.777908615672 1.63451558677 4.02 0.1 0.1 -0.831689834595 1.66477298737 4.28213221232 0.193524211057 0.037 0.100299390771 0.0308015191964
* 404 40.5699720383 -0.784215104011 1.62675490349 4.03 0.1 0.1 -0.837284564972 1.66068077087 4.28454918066 0.190518868202 0.035 0.103265942442 0.038085569174
* 405 40.6705441475 -0.790443671489 1.61893154442 4.04 0.1 0.1 -0.841368198395 1.64765930176 4.2874049584 0.193392392419 0.033 0.100750069719 0.0350780584098
* 406 40.7710089684 -0.796593695254 1.61104629188 4.05 0.1 0.1 -0.844100475311 1.6341714859 4.28783888022 0.197197628283 0.036 0.0982874546842 0.0312433397711
* 407 40.8716340065 -0.802664560309 1.60309993438 4.06 0.1 0.1 -0.847440719604 1.62396144867 4.2890705506 0.19563398717 0.035 0.0978471925574 0.0308296330476
* 408 40.972299099 -0.808655659574 1.59509326656 4.07 0.1 0.1 -0.851664066315 1.60995292664 4.28970808188 0.193664485741 0.033 0.0945969467354 0.0295451315653
* 409 41.0727469921 -0.814566393941 1.58702708907 4.08 0.1 0.1 -0.854481697083 1.60129547119 4.28997177282 0.191678002361 0.032 0.0953476156447 0.0305588136843
* 410 41.1733031273 -0.820396172344 1.57890220853 4.09 0.1 0.1 -0.857855319977 1.59363174438 4.29252475897 0.190664212469 0.032 0.0966220898783 0.0319262000101
* 411 41.2738549709 -0.82614441181 1.57071943742 4.1 0.1 0.1 -0.864912033081 1.59664678574 4.29503769079 0.189483649148 0.031 0.103960793261 0.0488948776518
* 412 41.3742671013 -0.831810537518 1.56247959401 4.11 0.1 0.1 -0.867868900299 1.59086275101 4.29715913931 0.192233953525 0.032 0.106630852571 0.0516607054235
* 413 41.4747059345 -0.837393982862 1.55418350227 4.12 0.1 0.1 -0.868845462799 1.57182073593 4.30201477209 0.198086329552 0.038 0.101006136792 0.0382976288947
* 414 41.5752100945 -0.842894189501 1.54583199182 4.13 0.1 0.1 -0.870150089264 1.55782747269 4.30355257193 0.204503617033 0.043 0.0986234969682 0.0323057211133
* 415 41.6756970882 -0.848310607419 1.53742589778 4.14 0.1 0.1 -0.875696182251 1.54285955429 4.3032788674 0.202217403109 0.04 0.0943377419367 0.0348560685905
* 416 41.7762761116 -0.85364269498 1.52896606077 4.15 0.1 0.1 -0.880497455597 1.53565645218 4.30406278769 0.198270249753 0.035 0.0954992846823 0.0416463409734
* 417 41.8767440319 -0.858889918978 1.52045332676 4.16 0.1 0.1 -0.882428646088 1.52477502823 4.30421394507 0.196036341863 0.037 0.0950196681617 0.0409013456342
* 418 41.977410078 -0.864051754696 1.51188854702 4.17 0.1 0.1 -0.889822006226 1.52940654755 4.30841106573 0.193770758334 0.037 0.103426887397 0.0596789835222
* 419 42.077974081 -0.869127685954 1.50327257802 4.18 0.1 0.1 -0.892576694489 1.52414608002 4.30952543417 0.193978834575 0.039 0.106501145549 0.064540933396
* 420 42.1785049438 -0.874117205163 1.49460628134 4.19 0.1 0.1 -0.894106388092 1.51396799088 4.31196159521 0.200880969829 0.048 0.106617223616 0.062486989331
* 421 42.2792720795 -0.879019813377 1.48589052362 4.2 0.1 0.1 -0.893614292145 1.48916244507 4.31177610556 0.204532074829 0.053 0.0974118725371 0.047474230426
* 422 42.379899025 -0.883835020337 1.47712617641 4.21 0.1 0.1 -0.90033531189 1.47849321365 4.31404823462 0.209218201671 0.055 0.0956902678351 0.0551879242596
* 423 42.4805510044 -0.888562344528 1.46831411615 4.22 0.1 0.1 -0.905006885529 1.47168779373 4.31661314169 0.206091363338 0.053 0.0971676680041 0.0621100244552
* 424 42.5811350346 -0.893201313221 1.45945522404 4.23 0.1 0.1 -0.904060840607 1.45604372025 4.31533617178 0.200919924149 0.053 0.0942502931404 0.054821427894
* 425 42.6824309826 -0.897751462522 1.45055038596 4.24 0.1 0.1 -0.91158246994 1.45185899734 4.31974929968 0.198484544474 0.056 0.0966883857553 0.0680852698754
* 426 42.7829101086 -0.902212337421 1.44160049237 4.25 0.1 0.1 -0.916958808899 1.45175981522 4.32287496725 0.1976182065 0.057 0.102519698284 0.0815667073244
* 427 42.8834691048 -0.906583491834 1.43260643828 4.26 0.1 0.1 -0.917986869812 1.44276094437 4.32573265234 0.200595216277 0.065 0.103526873007 0.0805854735759
* 428 42.9839510918 -0.910864488649 1.42356912306 4.27 0.1 0.1 -0.920040607452 1.42082214355 4.32953876654 0.206332416537 0.069 0.0954411387523 0.0713167026217
* 429 43.0843751431 -0.915054899771 1.41448945046 4.28 0.1 0.1 -0.922965526581 1.41223049164 4.33212560812 0.209086702305 0.073 0.09617337581 0.0747950723742
* 430 43.185008049 -0.91915430616 1.40536832842 4.29 0.1 0.1 -0.930928707123 1.40449285507 4.33684915701 0.206851198755 0.072 0.0961266892852 0.0869151079421
* 431 43.285476923 -0.923162297881 1.39620666905 4.3 0.1 0.1 -0.92897939682 1.38965845108 4.33607048193 0.203667020132 0.074 0.0939022468607 0.0795598394819
* 432 43.3863661289 -0.927078474137 1.38700538851 4.31 0.1 0.1 -0.932312488556 1.3790602684 4.33844274679 0.202450608005 0.078 0.0931348150904 0.0830854748206
* 433 43.4870040417 -0.930902443314 1.37776540693 4.32 0.1 0.1 -0.936165809631 1.37265062332 4.34251302878 0.201602922575 0.079 0.0950829702976 0.0896100212187
* 434 43.5874910355 -0.934633823019 1.36848764828 4.33 0.1 0.1 -0.942447662354 1.37008666992 4.34809774557 0.201890654557 0.081 0.099037866837 0.102472071434
* 435 43.6880290508 -0.938272240115 1.35917304034 4.34 0.1 0.1 -0.937038898468 1.3504486084 4.34792799154 0.203259701137 0.086 0.0943425035871 0.0856628656596
* 436 43.7886650562 -0.941817330766 1.34982251457 4.35 0.1 0.1 -0.943792819977 1.34446620941 4.355215017 0.208870839773 0.091 0.0958127706481 0.0961324851233
* 437 43.8892600536 -0.945268740464 1.340437006 4.36 0.1 0.1 -0.94561958313 1.33249950409 4.35951179663 0.208389260553 0.089 0.0944498203813 0.0955300181378
* 438 43.990003109 -0.948626124072 1.33101745318 4.37 0.1 0.1 -0.948452472687 1.32368087769 4.36513847509 0.210895873222 0.091 0.0949839600023 0.0982444814801
* 439 44.0906479359 -0.951889145853 1.32156479806 4.38 0.1 0.1 -0.951465606689 1.31776189804 4.36997169653 0.210583162644 0.093 0.0974727836398 0.104001210095
* 440 44.191257 -0.955057479509 1.31207998589 4.39 0.1 0.1 -0.954096317291 1.3038482666 4.37393707434 0.21465269473 0.096 0.0945278951364 0.104497951294
* 441 44.2918760777 -0.958130808209 1.30256396515 4.4 0.1 0.1 -0.957478046417 1.29181957245 4.37752575079 0.215714390497 0.099 0.092691695842 0.108183308664
* 442 44.3924410343 -0.961108824622 1.29301768743 4.41 0.1 0.1 -0.957809925079 1.28212022781 4.37962621847 0.216637284925 0.1 0.0931921496431 0.108915127922
* 443 44.4929299355 -0.96399123095 1.28344210736 4.42 0.1 0.1 -0.963212966919 1.27199077606 4.38571972052 0.217031576716 0.104 0.0921721287065 0.116311262505
* 444 44.5937120914 -0.966777738953 1.27383818248 4.43 0.1 0.1 -0.967897415161 1.2623333931 4.39049810568 0.217005419701 0.105 0.0916600734791 0.123808273537
* 445 44.6949570179 -0.969468069984 1.26420687317 4.44 0.1 0.1 -0.971177577972 1.26356649399 4.39722103277 0.217888501753 0.11 0.0990735713637 0.134219662389
* 446 44.7955019474 -0.972061955012 1.25454914256 4.45 0.1 0.1 -0.973692893982 1.26713418961 4.40374845663 0.221520312535 0.115 0.108321296054 0.144665697922
* 447 44.8966789246 -0.974559134651 1.24486595642 4.46 0.1 0.1 -0.979536533356 1.25479745865 4.41639560858 0.239368414805 0.124 0.105805656646 0.147287002689
* 448 44.9974751472 -0.976959359183 1.23515828306 4.47 0.1 0.1 -0.976519584656 1.22707796097 4.42393154303 0.254457847917 0.131 0.0943058229432 0.128337462338
* 449 45.0980410576 -0.97926238859 1.22542709322 4.48 0.1 0.1 -0.979614257812 1.21917772293 4.42957634131 0.260236060616 0.135 0.0954008177223 0.134159149996
* 450 45.1986539364 -0.98146799257 1.21567336004 4.49 0.1 0.1 -0.983380794525 1.20489931107 4.43426698843 0.255408157078 0.131 0.0918635770574 0.138626678923
* 451 45.299284935 -0.983575950564 1.20589805886 4.5 0.1 0.1 -0.985471248627 1.19383239746 4.44032329718 0.253869297246 0.134 0.0909272679003 0.14092224078
* 452 45.3997349739 -0.985586051779 1.19610216722 4.51 0.1 0.1 -0.988827228546 1.18810510635 4.44518608252 0.254669886329 0.135 0.0935070973862 0.149551662795
* 453 45.500275135 -0.987498095206 1.18628666469 4.52 0.1 0.1 -0.990269184113 1.17766809464 4.45143455664 0.253091802376 0.139 0.0931355252148 0.151180326221
* 454 45.6009209156 -0.989311889642 1.17645253281 4.53 0.1 0.1 -0.988522052765 1.16459703445 4.45731443564 0.257479016514 0.143 0.091470736708 0.145782673086
* 455 45.7017519474 -0.991027253709 1.16660075499 4.54 0.1 0.1 -0.991334438324 1.1594748497 4.4692572991 0.267637818272 0.146 0.0946245224182 0.149034675968
* 456 45.8023719788 -0.992644015873 1.15673231641 4.55 0.1 0.1 -0.992346286774 1.1493229866 4.47951788107 0.274759014202 0.145 0.0945161211262 0.147679224931
* 457 45.9029679298 -0.994162014457 1.14684820389 4.56 0.1 0.1 -0.994863510132 1.14086580276 4.49014801184 0.288648020413 0.146 0.0953642738623 0.149947575628
* 458 46.0035159588 -0.995581097665 1.13694940584 4.57 0.1 0.1 -0.99751329422 1.14181518555 4.49865955511 0.298354203699 0.147 0.102931615133 0.158148265051
* 459 46.1041550636 -0.996901123589 1.12703691213 4.58 0.1 0.1 -0.998342514038 1.1288189888 4.50863784948 0.316710878644 0.149 0.100811245311 0.155867928078
* 460 46.2046210766 -0.998121960227 1.117111714 4.59 0.1 0.1 -0.999840736389 1.11483049393 4.51737255255 0.335442693058 0.15 0.0978512555274 0.155739594083
* 461 46.3052279949 -0.999243485496 1.10717480396 4.6 0.1 0.1 -1.00192165375 1.10537385941 4.5266627709 0.352480178723 0.152 0.0980708266189 0.158370839054
* 462 46.407086134 -1.00026558725 1.0972271757 4.61 0.1 0.1 -1.00312566757 1.09424877167 4.53365749518 0.364053651857 0.154 0.0971869029389 0.160545277912
* 463 46.5079140663 -1.00118816327 1.08726982397 4.62 0.1 0.1 -1.0040345192 1.08027124405 4.54059976736 0.371327761985 0.155 0.0942722742294 0.161433378645
* 464 46.608536005 -1.0020111213 1.0773037445 4.63 0.1 0.1 -1.00474691391 1.06931972504 4.54880279699 0.387512180975 0.156 0.0935680264225 0.162332794226
* 465 46.7092120647 -1.00273437905 1.06732993388 4.64 0.1 0.1 -1.00618600845 1.06552124023 4.55848592917 0.403141232136 0.159 0.0979695169924 0.166034236451
* 466 46.8099551201 -1.0033578642 1.05734938949 4.65 0.1 0.1 -1.00455188751 1.0571975708 4.5701345841 0.428276832513 0.16 0.0994469341767 0.160879166699
* 467 46.9105319977 -1.00388151439 1.04736310938 4.66 0.1 0.1 -1.00596666336 1.04284191132 4.58404916922 0.474195034399 0.162 0.0962283034395 0.158666753081
* 468 47.0109870434 -1.00430527726 1.03737209217 4.67 0.1 0.1 -1.00764703751 1.03515148163 4.59430116812 0.510078713747 0.159 0.0978081126495 0.16161703897
* 469 47.1114640236 -1.00462911044 1.02737733694 4.68 0.1 0.1 -1.00894784927 1.02173900604 4.60307830969 0.547414155684 0.16 0.0952494312426 0.163755634011
* 470 47.2120420933 -1.00485298154 1.01737984316 4.69 0.1 0.1 -1.00849103928 1.01164531708 4.61278528372 0.594493571927 0.161 0.0952530074872 0.162714345591
* 471 47.3125929832 -1.00497686817 1.00738061059 4.7 0.1 0.1 -1.0080037117 1.00321102142 4.62013239065 0.636749047669 0.161 0.0964325791422 0.16381958821
* 472 47.4132421017 -1.00500075795 0.997380639125 4.71 0.1 0.1 -1.006939888 0.992073059082 4.62825388113 0.682694114136 0.162 0.0956687665616 0.162909731791
* 473 47.514220953 -1.00492464849 0.987380928762 4.72 0.1 0.1 -1.00583696365 0.981758117676 4.63854164282 0.771418558103 0.163 0.095507580271 0.160716206723
* 474 47.6146421432 -1.0047485474 0.977382479462 4.73 0.1 0.1 -1.00759077072 0.970744132996 4.64743417898 0.866265997163 0.162 0.0946670185678 0.165348940437
* 475 47.7150709629 -1.00447247229 0.967386291062 4.74 0.1 0.1 -1.00826263428 0.960953235626 4.65536159674 0.978448740464 0.162 0.0947745115726 0.168892580582
* 476 47.8156120777 -1.00409645076 0.957393363172 4.75 0.1 0.1 -1.00930452347 0.949941158295 4.66478914419 1.15745166776 0.163 0.0939976199958 0.172172799382
* 477 47.9161679745 -1.00362052042 0.947404695077 4.76 0.1 0.1 -1.00756692886 0.940464496613 4.67367548147 1.41494108121 0.165 0.094430818774 0.170643860975
* 478 48.0166809559 -1.00304472885 0.937421285635 4.77 0.1 0.1 -1.00760650635 0.93030834198 4.68802446524 2.19577520162 0.168 0.0943689550067 0.168879729468
* 479 48.1172170639 -1.00236913365 0.92744413318 4.78 0.1 0.1 -1.00648593903 0.920926570892 4.70119375387 4.73684801481 0.169 0.0948773913206 0.165868860755
* 480 48.2187731266 -1.00159380237 0.917474235417 4.79 0.1 0.1 -1.00460100174 0.903971672058 4.71154112021 61.6259711087 0.167 0.0897902591798 0.163518500909
* 481 48.319947958 -1.00071881253 0.907512589329 4.8 0.1 0.1 -1.00370693207 0.905093193054 4.71809620062 -9.07284101732 0.166 0.0979033781084 0.166056615303
* 482 48.4205350876 -0.999744251647 0.897560191071 4.81 0.1 0.1 -1.0037651062 0.88800573349 4.72610897223 -3.68298501955 0.165 0.0926839835956 0.169813035761
* 483 48.5217001438 -0.998670217165 0.887618035875 4.82 0.1 0.1 -0.999665737152 0.87538433075 4.73143190542 -2.6655180238 0.165 0.090653665642 0.167395781485
* 484 48.6229739189 -0.997496816489 0.877687117949 4.83 0.1 0.1 -0.997726917267 0.867835044861 4.73963970343 -1.8365850171 0.168 0.0923756481937 0.167250180286
* 485 48.7236180305 -0.996224166959 0.867768430376 4.84 0.1 0.1 -0.997734546661 0.860612392426 4.75119346777 -1.24839054205 0.166 0.0944059476686 0.168687743762
* 486 48.8242371082 -0.994852395838 0.857862965017 4.85 0.1 0.1 -0.99631357193 0.850610256195 4.75870412985 -1.03081021529 0.167 0.0943210732714 0.170530036507
* 487 48.9248731136 -0.993381640302 0.847971712409 4.86 0.1 0.1 -0.996140480042 0.837804317474 4.76657289663 -0.881982756081 0.167 0.0922295201421 0.175112744985
* 488 49.0254340172 -0.991812047426 0.838095661669 4.87 0.1 0.1 -0.99490070343 0.829542636871 4.77552599112 -0.745633657343 0.169 0.0934382663587 0.176513798782
* 489 49.1264679432 -0.990143774168 0.828235800396 4.88 0.1 0.1 -0.992940425873 0.82180929184 4.78416675726 -0.642295200011 0.171 0.0949883466831 0.176766764358
* 490 49.2273230553 -0.988376987353 0.818393114566 4.89 0.1 0.1 -0.992155075073 0.815992832184 4.79826349417 -0.535369578167 0.173 0.0980636769039 0.175202388093
* 491 49.3279299736 -0.986511863659 0.808568588439 4.9 0.1 0.1 -0.992922306061 0.805620670319 4.81255001227 -0.454349406262 0.174 0.0979372438753 0.177465563778
* 492 49.4307510853 -0.984548589596 0.798763204462 4.91 0.1 0.1 -0.990261554718 0.791598320007 4.82078546682 -0.421298062763 0.174 0.0948329192551 0.178322302543
* 493 49.5324380398 -0.982487361491 0.788977943162 4.92 0.1 0.1 -0.985637664795 0.780084133148 4.83002657095 -0.381930619157 0.175 0.0933906297546 0.174314338834
* 494 49.6331379414 -0.980328385464 0.779213783059 4.93 0.1 0.1 -0.983764648438 0.77219247818 4.83906788031 -0.350152826539 0.175 0.0947983142685 0.175264135863
* 495 49.7337119579 -0.978071877411 0.769471700561 4.94 0.1 0.1 -0.980097293854 0.764977455139 4.84461158911 -0.326328017461 0.175 0.0964747121338 0.175140434322
* 496 49.8342189789 -0.975718062981 0.759752669867 4.95 0.1 0.1 -0.977985858917 0.755745887756 4.85184282461 -0.306497897244 0.175 0.0968404737133 0.177575494127
* 497 49.9348039627 -0.973267177554 0.750057662872 4.96 0.1 0.1 -0.979129314423 0.744579315186 4.85655016104 -0.294393505073 0.174 0.0961077479315 0.189027394608
* 498 50.035326004 -0.970719466217 0.74038764907 4.97 0.1 0.1 -0.974047660828 0.730389595032 4.86400312582 -0.276075470026 0.176 0.0925607221344 0.187318314185
* 499 50.1359939575 -0.968075183737 0.730743595453 4.98 0.1 0.1 -0.970724105835 0.721262931824 4.87307733694 -0.255260474421 0.182 0.092877886697 0.186660354986
* 500 50.2365789413 -0.965334594542 0.721126466418 4.99 0.1 0.1 -0.973495006561 0.716640472412 4.88248247305 -0.235719187307 0.183 0.0971936592019 0.196437178984
* 501 50.3373839855 -0.962497972687 0.711537223672 5.0 0.1 0.1 -0.971283435822 0.708428382874 4.89334863821 -0.216490750734 0.185 0.0983489131495 0.19660110717
* 502 50.4389741421 -0.959565601833 0.701976826129 5.01 0.1 0.1 -0.968176364899 0.698468208313 4.9071359078 -0.200795997708 0.189 0.0981692646738 0.19367514341
* 503 50.5433189869 -0.956537775214 0.692446229822 5.02 0.1 0.1 -0.963962554932 0.683211326599 4.91890615622 -0.187643417712 0.19 0.0939784661128 0.19244452883
* 504 50.643887043 -0.953414795611 0.682946387802 5.03 0.1 0.1 -0.961294651031 0.670767307281 4.92790836493 -0.177036544283 0.191 0.0919916248622 0.195459050648
* 505 50.7444090843 -0.950196975318 0.673478250047 5.04 0.1 0.1 -0.957737445831 0.662146091461 4.936789457 -0.164437213191 0.191 0.0925975698225 0.19542135427
* 506 50.844933033 -0.946884636116 0.66404276336 5.05 0.1 0.1 -0.955015182495 0.65268945694 4.9451755921 -0.15430933783 0.194 0.0927264821398 0.197919198553
* 507 50.945442915 -0.943478109235 0.654640871284 5.06 0.1 0.1 -0.950269699097 0.642134666443 4.95245784918 -0.144131103906 0.194 0.0916995780293 0.197992032001
* 508 51.045938015 -0.939977735325 0.645273514 5.07 0.1 0.1 -0.943336963654 0.624918937683 4.961286966 -0.136658679116 0.194 0.0855520637411 0.196249269082
* 509 51.1465251446 -0.936383864421 0.635941628235 5.08 0.1 0.1 -0.939974784851 0.612711429596 4.96878189245 -0.128271634362 0.195 0.0835739682971 0.20027557019
* 510 51.2471790314 -0.932696855906 0.626646147171 5.09 0.1 0.1 -0.935791492462 0.60254573822 4.97919029394 -0.118459650383 0.196 0.0829394036509 0.199925324282
* 511 51.3476519585 -0.928917078479 0.617388000348 5.1 0.1 0.1 -0.932695388794 0.595226287842 4.98914570013 -0.107200519657 0.197 0.0845122463967 0.20065959118
* 512 51.4481239319 -0.925044910114 0.608168113572 5.11 0.1 0.1 -0.930377483368 0.59003162384 4.99785513083 -0.099632023032 0.198 0.0877131490742 0.202674153452
* 513 51.5486969948 -0.921080738025 0.598987408826 5.12 0.1 0.1 -0.927227497101 0.584448337555 5.01047748724 -0.093608643201 0.2 0.0905343779519 0.20059466511
* 514 51.6491250992 -0.917024958625 0.589846804171 5.13 0.1 0.1 -0.924786567688 0.57458782196 5.0259389321 -0.0875472140273 0.2 0.0905717495355 0.200478096126
* 515 51.7495980263 -0.912877977489 0.58074721366 5.14 0.1 0.1 -0.919267654419 0.558428764343 5.03996700445 -0.0830149112893 0.199 0.0855135024817 0.199807165137
* 516 51.850135088 -0.908640209312 0.571689547245 5.15 0.1 0.1 -0.915315151215 0.549223423004 5.05064529577 -0.0796141347682 0.199 0.0855919060646 0.200351920971
* 517 51.9517581463 -0.904312077868 0.562674710686 5.16 0.1 0.1 -0.912535190582 0.542287349701 5.06114286581 -0.0728952400571 0.2 0.0875237669009 0.201873221188
* 518 52.0524890423 -0.899894015965 0.553703605457 5.17 0.1 0.1 -0.90802526474 0.532565116882 5.07157940069 -0.0684902911427 0.2 0.0871019000826 0.202248880469
* 519 52.1529200077 -0.895386465406 0.544777128663 5.18 0.1 0.1 -0.905722141266 0.525465965271 5.08241075674 -0.0647222542841 0.201 0.0890638799898 0.204793132291
* 520 52.2534389496 -0.890789876942 0.535896172943 5.19 0.1 0.1 -0.898446559906 0.512121677399 5.09257215658 -0.0610384967536 0.201 0.0854219950878 0.203300197785
* 521 52.358453989 -0.886104710229 0.527061626386 5.2 0.1 0.1 -0.890326023102 0.495536804199 5.11224836508 -0.0578918747256 0.202 0.0795291036381 0.196661718848
* 522 52.459141016 -0.88133143378 0.518274372439 5.21 0.1 0.1 -0.885931491852 0.488324642181 5.12079471747 -0.0528319767664 0.201 0.0807884396226 0.197638719959
* 523 52.5597419739 -0.876470524917 0.509535289819 5.22 0.1 0.1 -0.882393360138 0.48056268692 5.129047815 -0.0491474518335 0.2 0.0819185513487 0.200970326007
* 524 52.6606860161 -0.871522469728 0.500845252429 5.23 0.1 0.1 -0.878616809845 0.474748134613 5.139893953 -0.0454791028548 0.2 0.0843382789663 0.200618401136
* 525 52.7611761093 -0.866487763013 0.492205129264 5.24 0.1 0.1 -0.874147891998 0.467001914978 5.15335125128 -0.0430435609039 0.199 0.0853104146234 0.198900617071
* 526 52.8616149426 -0.861366908241 0.48361578433 5.25 0.1 0.1 -0.869224071503 0.456480503082 5.1667680184 -0.0406123361298 0.2 0.0843051832413 0.198966140611
* 527 52.9620530605 -0.856160417491 0.475078076554 5.26 0.1 0.1 -0.865500450134 0.448037624359 5.17877096335 -0.0380124656793 0.199 0.0850406813872 0.200561057142
* 528 53.0625100136 -0.850868811409 0.466592859699 5.27 0.1 0.1 -0.859483242035 0.44447851181 5.19102234045 -0.0352934316482 0.199 0.0882049158525 0.193570405037
* 529 53.1631269455 -0.845492619151 0.45816098228 5.28 0.1 0.1 -0.859483242035 0.44447851181 5.19102234045 -0.0334393723618 0.199 0.0954241531795 0.202679732142
* 530 53.2636480331 -0.840032378331 0.449783287479 5.29 0.1 0.1 -0.849960803986 0.428406715393 5.21431011358 -0.0314942400788 0.197 0.0894756187823 0.193473437844
* 531 53.3641660213 -0.83448863497 0.441460613056 5.3 0.1 0.1 -0.844250679016 0.417999267578 5.22546476523 -0.030638242932 0.198 0.0882485770693 0.194692720577
* 532 53.4647700787 -0.828861943435 0.433193791274 5.31 0.1 0.1 -0.836137771606 0.410286903381 5.23550790945 -0.0279228697435 0.196 0.0878383693005 0.190111943784
* 533 53.565294981 -0.823152866394 0.424983648807 5.32 0.1 0.1 -0.833664417267 0.400762081146 5.24258274237 -0.0263907380034 0.194 0.0882766885907 0.199397810406
* 534 53.6658110619 -0.817361974747 0.416831006662 5.33 0.1 0.1 -0.827036857605 0.391971588135 5.25027794043 -0.0243497648462 0.193 0.0876632842957 0.200542769068
* 535 53.7664649487 -0.81148984758 0.408736680098 5.34 0.1 0.1 -0.821722507477 0.387053489685 5.25767368475 -0.0228438408256 0.195 0.0899598877002 0.200352556916
* 536 53.8671450615 -0.8055370721 0.400701478539 5.35 0.1 0.1 -0.817560195923 0.379666805267 5.26827234427 -0.0207136288951 0.197 0.0912173747167 0.202549158493
* 537 53.9677979946 -0.79950424358 0.3927262055 5.36 0.1 0.1 -0.812874317169 0.386088371277 5.28049654165 -0.0191999806039 0.198 0.100856120314 0.187975533728
* 538 54.0686171055 -0.793391965298 0.384811658501 5.37 0.1 0.1 -0.805486679077 0.363165378571 5.28853130737 -0.0176235821567 0.198 0.0911903294212 0.203603859405
* 539 54.1695570946 -0.787200848476 0.37695862899 5.38 0.1 0.1 -0.799171447754 0.353117465973 5.29742050568 -0.0165987146307 0.194 0.0899325955741 0.206839339383
* 540 54.2699871063 -0.780931512221 0.369167902264 5.39 0.1 0.1 -0.794595241547 0.345767021179 5.30907202164 -0.0147063101727 0.198 0.0911090670985 0.208240748986
* 541 54.371160984 -0.774584583462 0.361440257389 5.4 0.1 0.1 -0.790651321411 0.369109153748 5.32291651169 -0.0122717121716 0.202 0.111063834163 0.174053819408
* 542 54.4717180729 -0.768160696885 0.353776467122 5.41 0.1 0.1 -0.783051490784 0.331748008728 5.33354664246 -0.0111262291565 0.202 0.0929274640101 0.205915182626
* 543 54.5725450516 -0.761660494875 0.346177297836 5.42 0.1 0.1 -0.773464679718 0.335798740387 5.34776974121 -0.00980093694527 0.193 0.0987512178922 0.184280213047
* 544 54.6730020046 -0.755084627446 0.338643509443 5.43 0.1 0.1 -0.767469406128 0.337122917175 5.35692406098 -0.00847039135905 0.197 0.104297783219 0.175207657562
* 545 54.7735259533 -0.748433752179 0.331175855314 5.44 0.1 0.1 -0.760342597961 0.309792995453 5.36160278717 -0.00663884921287 0.188 0.0924831024898 0.202308448932
* 546 54.8739421368 -0.741708534157 0.32377508221 5.45 0.1 0.1 -0.754263401031 0.307804107666 5.36720133225 -0.00579392587773 0.185 0.095975568996 0.200078057982
* 547 54.9745509624 -0.734909645895 0.3164419302 5.46 0.1 0.1 -0.746644020081 0.287936210632 5.3737287561 -0.00381179810479 0.192 0.0884180839248 0.216790939301
* 548 55.0750589371 -0.728037767276 0.309177132594 5.47 0.1 0.1 -0.74047088623 0.298021793365 5.38328218857 -0.00299888238474 0.194 0.0988850771583 0.19692967851
* 549 55.1759169102 -0.721093585484 0.301981415865 5.48 0.1 0.1 -0.733185768127 0.275246620178 5.39008188645 -0.00125492001875 0.201 0.0898844614005 0.218294482129
* 550 55.2766830921 -0.714077794929 0.294855499581 5.49 0.1 0.1 -0.723851203918 0.268797397614 5.39743233124 -0.000210452372124 0.201 0.0893102149834 0.215982893162
* 551 55.3772859573 -0.706991097187 0.287800096325 5.5 0.1 0.1 -0.717324256897 0.259821891785 5.40738392273 0.00152439663177 0.208 0.0886673168882 0.219613591871
* 552 55.4779069424 -0.699834200919 0.280815911633 5.51 0.1 0.1 -0.711281776428 0.258551597595 5.41801643768 0.00250244550792 0.21 0.0925942713224 0.213748691483
* 553 55.5784640312 -0.69260782181 0.273903643917 5.52 0.1 0.1 -0.704352855682 0.247815608978 5.42923736969 0.00405563722405 0.214 0.0908260487171 0.218537258914
* 554 55.6790630817 -0.685312682492 0.267063984398 5.53 0.1 0.1 -0.699018001556 0.2580742836 5.44643402496 0.00493129180595 0.213 0.101488694457 0.193667196685
* 555 55.7796630859 -0.677949512473 0.260297617037 5.54 0.1 0.1 -0.689140796661 0.25045633316 5.45701218048 0.00632535669246 0.213 0.0999106784704 0.190645319715
* 556 55.8802249432 -0.670519048063 0.253605218464 5.55 0.1 0.1 -0.681311607361 0.245711326599 5.46669245163 0.00765162816302 0.205 0.100854105828 0.187623408438
* 557 55.9808750153 -0.663022032304 0.246987457914 5.56 0.1 0.1 -0.673058509827 0.223908901215 5.4726014177 0.00922932906858 0.198 0.0924263123529 0.21043409357
* 558 56.082062006 -0.655459214889 0.240444997158 5.57 0.1 0.1 -0.664675712585 0.218827724457 5.48018885056 0.0103176351025 0.196 0.0928873551176 0.20914079523
* 559 56.182639122 -0.647831352095 0.233978490435 5.58 0.1 0.1 -0.657178878784 0.20947265625 5.48834848801 0.0114228623244 0.202 0.0915560182384 0.214871413857
* 560 56.2831909657 -0.640139206701 0.227588584392 5.59 0.1 0.1 -0.649652957916 0.202533721924 5.4974737207 0.0121441609126 0.203 0.091509199802 0.216721899932
* 561 56.3837749958 -0.632383547916 0.221275918013 5.6 0.1 0.1 -0.641799926758 0.20049571991 5.50780105988 0.013079912139 0.208 0.0938406590919 0.210464576669
* 562 56.4843859673 -0.624565151299 0.21504112256 5.61 0.1 0.1 -0.633298397064 0.19447851181 5.5156626741 0.0141160090026 0.211 0.0936947811734 0.210892276673
* 563 56.5849580765 -0.616684798683 0.208884821508 5.62 0.1 0.1 -0.62592124939 0.190004825592 5.52520656983 0.015280785621 0.209 0.0949527899578 0.209625305028
* 564 56.6855721474 -0.608743278097 0.20280763048 5.63 0.1 0.1 -0.61961889267 0.183759212494 5.53649998108 0.0162974390941 0.21 0.0959295709753 0.211289946217
* 565 56.786162138 -0.600741383686 0.196810157192 5.64 0.1 0.1 -0.61009979248 0.17613363266 5.54889870087 0.0175689753585 0.21 0.0945205528021 0.210034663611
* 566 56.8867719173 -0.592679915633 0.190893001386 5.65 0.1 0.1 -0.601078987122 0.173655033112 5.56144619385 0.018248610347 0.21 0.0958804112643 0.201906739897
* 567 56.9872920513 -0.584559680079 0.185056754772 5.66 0.1 0.1 -0.592113018036 0.171051025391 5.57282495895 0.0197390894374 0.21 0.0971223260055 0.19500520655
* 568 57.087939024 -0.576381489039 0.17930200097 5.67 0.1 0.1 -0.584305763245 0.164202213287 5.58365869919 0.0201957120643 0.205 0.0969447796723 0.196617779801
* 569 57.1885941029 -0.568146160327 0.173629315451 5.68 0.1 0.1 -0.577181816101 0.157723426819 5.59266233841 0.0215695566953 0.201 0.0972979402037 0.200071493536
* 570 57.2891750336 -0.559854517468 0.168039265478 5.69 0.1 0.1 -0.567706108093 0.153874874115 5.60080862442 0.0226139498204 0.2 0.0975207800299 0.197284530584
* 571 57.3897471428 -0.55150738962 0.162532410052 5.7 0.1 0.1 -0.560473918915 0.148321628571 5.60884714523 0.023557361749 0.199 0.0982144749687 0.200232090305
* 572 57.4902999401 -0.543105611488 0.157109299854 5.71 0.1 0.1 -0.549983501434 0.142638206482 5.61586523453 0.0243696842452 0.198 0.0969518266178 0.200267567872
* 573 57.5908050537 -0.534650023243 0.15177047719 5.72 0.1 0.1 -0.542105674744 0.136425018311 5.62452507416 0.025695916247 0.199 0.0969810556442 0.203400728085
* 574 57.6925439835 -0.526141470437 0.146516475938 5.73 0.1 0.1 -0.534129142761 0.130953788757 5.6328167955 0.0266706336357 0.2 0.0972802486706 0.205700112963
* 575 57.7930870056 -0.517580803919 0.141347821494 5.74 0.1 0.1 -0.527167320251 0.128089904785 5.64364529053 0.0275024604047 0.201 0.0993742994869 0.203366931694
* 576 57.8936860561 -0.508968879748 0.136265030719 5.75 0.1 0.1 -0.51952457428 0.12274312973 5.65572500626 0.0280288042767 0.201 0.100000615491 0.203410397372
* 577 57.9941940308 -0.500306559108 0.131268611888 5.76 0.1 0.1 -0.511149406433 0.118024349213 5.66856384674 0.0291350733073 0.202 0.100477677747 0.201188043348
* 578 58.0947139263 -0.491594708225 0.126359064638 5.77 0.1 0.1 -0.499402523041 0.115231990814 5.68082189957 0.0300704177056 0.203 0.0996973026722 0.192571537935
* 579 58.1953830719 -0.482834198277 0.121536879921 5.78 0.1 0.1 -0.491729259491 0.108584403992 5.69185352722 0.0308751502641 0.2 0.0997320748709 0.196053735333
* 580 58.29600811 -0.474025905307 0.11680253995 5.79 0.1 0.1 -0.484638214111 0.104414463043 5.70191574494 0.032007489499 0.197 0.101128075916 0.196945643593
* 581 58.3965399265 -0.465170710138 0.112156518156 5.8 0.1 0.1 -0.474519252777 0.0981416702271 5.71062469879 0.0328050337632 0.197 0.0997948431351 0.199220293282
* 582 58.4971430302 -0.456269498281 0.107599279137 5.81 0.1 0.1 -0.465541362762 0.0921516418457 5.71970653931 0.0336668955629 0.196 0.0992901091669 0.202227958433
* 583 58.5976819992 -0.44732315985 0.103131278613 5.82 0.1 0.1 -0.455638885498 0.0910634994507 5.7286982576 0.0343392463221 0.196 0.100108477832 0.196219466074
* 584 58.6983790398 -0.438332589472 0.0987529633802 5.83 0.1 0.1 -0.447046756744 0.0872740745544 5.73742676178 0.0352906708672 0.199 0.100664291177 0.196545074246
* 585 58.7991840839 -0.429298686196 0.0944647712668 5.84 0.1 0.1 -0.437557697296 0.0807433128357 5.74751377503 0.036062027911 0.198 0.0996448051234 0.199842005798
* 586 58.8997170925 -0.420222353405 0.0902671310884 5.85 0.1 0.1 -0.428493022919 0.0775079727173 5.75719356934 0.0366187787047 0.197 0.10011714034 0.198420639601
* 587 59.0003049374 -0.411104498725 0.0861604626055 5.86 0.1 0.1 -0.420868396759 0.0740194320679 5.76960421005 0.037377087359 0.198 0.101453614047 0.197022733791
* 588 59.1009559631 -0.401946033933 0.0821451764814 5.87 0.1 0.1 -0.412065982819 0.0713896751404 5.78131390015 0.0384276755586 0.198 0.102318325854 0.193620817775
* 589 59.2019159794 -0.392747874869 0.0782216742415 5.88 0.1 0.1 -0.40145778656 0.0726723670959 5.7921991388 0.0392856238161 0.198 0.103328165532 0.182377544425
* 590 59.3024721146 -0.38351094134 0.0743903482327 5.89 0.1 0.1 -0.391228675842 0.0671834945679 5.80073643128 0.0402291452346 0.194 0.102163139398 0.185378961735
* 591 59.4029300213 -0.374236157033 0.0706515815844 5.9 0.1 0.1 -0.382078647614 0.0580854415894 5.8111414949 0.040974914513 0.189 0.100537324594 0.194668045524
* 592 59.5033431053 -0.364924449417 0.0670057481702 5.91 0.1 0.1 -0.372880935669 0.0610184669495 5.8200216333 0.0416241616227 0.189 0.102853288299 0.183795801734
* 593 59.6037631035 -0.355576749657 0.0634532125703 5.92 0.1 0.1 -0.363640785217 0.0571098327637 5.82697439591 0.0423577195051 0.19 0.102826559657 0.186701978683
* 594 59.7041559219 -0.346193992513 0.0599943300354 5.93 0.1 0.1 -0.352266311646 0.0546288490295 5.83643293778 0.0434812838815 0.188 0.101878249938 0.183529231004
* 595 59.8045799732 -0.336777116255 0.0566294464508 5.94 0.1 0.1 -0.342108726501 0.0506920814514 5.84521675507 0.0442110689173 0.187 0.10124511693 0.184772436103
* 596 59.9050190449 -0.327327062562 0.0533588983021 5.95 0.1 0.1 -0.333710670471 0.0469460487366 5.85603142182 0.0446320127033 0.186 0.101870859741 0.18586141973
* 597 60.0054719448 -0.317844776431 0.0501830126413 5.96 0.1 0.1 -0.324423313141 0.0435056686401 5.86425447861 0.0449058918144 0.185 0.101956763173 0.18775369559
* 598 60.1058869362 -0.308331206083 0.0471021070545 5.97 0.1 0.1 -0.31675195694 0.0429396629333 5.87654400269 0.045603251478 0.186 0.104027205235 0.182830364322
* 599 60.2063889503 -0.298787302867 0.0441164896296 5.98 0.1 0.1 -0.307884216309 0.0400085449219 5.89367771546 0.0462028217176 0.186 0.104654261756 0.17780182751
* 600 60.3068051338 -0.289214021166 0.0412264589258 5.99 0.1 0.1 -0.293850898743 0.0311303138733 5.90837717453 0.047605897547 0.183 0.100120809915 0.182032408723
* 601 60.4072611332 -0.279612318299 0.0384323039438 6.0 0.1 0.1 -0.283234596252 0.0256524085999 5.9126372377 0.0482045750735 0.181 0.0987010102638 0.190503902551
* 602 60.50770998 -0.26998315443 0.0357343040968 6.01 0.1 0.1 -0.273278236389 0.0292639732361 5.91901541153 0.0478510983129 0.182 0.100154195405 0.181150255421
* 603 60.6081531048 -0.260327492466 0.0331327291825 6.02 0.1 0.1 -0.262949466705 0.0264854431152 5.9260344545 0.0480478781487 0.184 0.0996560621726 0.183185634242
* 604 60.7086019516 -0.250646297965 0.0306278393562 6.03 0.1 0.1 -0.251415729523 0.0228662490845 5.93464947144 0.0487173654989 0.183 0.098132429006 0.185027548162
* 605 60.8090019226 -0.24094053904 0.0282198851049 6.04 0.1 0.1 -0.242171287537 0.0222434997559 5.94630480209 0.0493782864807 0.183 0.0989646252799 0.180792998391
* 606 60.9094769955 -0.231211186257 0.0259091072219 6.05 0.1 0.1 -0.232026100159 0.0187330245972 5.95955610672 0.0493834975333 0.182 0.0984845250984 0.18043996768
* 607 61.0100340843 -0.221459212543 0.0236957367831 6.06 0.1 0.1 -0.224009513855 0.0179495811462 5.9693279306 0.0494302463703 0.181 0.100067051 0.178987476927
* 608 61.1104631424 -0.21168559309 0.0215799951237 6.07 0.1 0.1 -0.214569091797 0.0123453140259 5.97934437195 0.0500134222992 0.18 0.0995809404481 0.185818578859
* 609 61.2108991146 -0.201891305248 0.0195620938162 6.08 0.1 0.1 -0.205119132996 0.00297451019287 5.991464142 0.0509762281162 0.181 0.0983771497741 0.198545742859
* 610 61.3113191128 -0.192077328441 0.0176422346489 6.09 0.1 0.1 -0.192721843719 0.00526523590088 6.00898504654 0.0514220726344 0.184 0.0976696272579 0.183579424157
* 611 61.4124770164 -0.182244644057 0.0158206096061 6.1 0.1 0.1 -0.177639961243 0.000840187072754 6.02488232056 0.0515577082928 0.189 0.0936480852845 0.181691639784
* 612 61.5129210949 -0.172394235355 0.014097400849 6.11 0.1 0.1 -0.162703990936 -0.00947427749634 6.03989124695 0.0519671247373 0.186 0.0886950775074 0.192490778819
* 613 61.6133761406 -0.16252708737 0.0124727806968 6.12 0.1 0.1 -0.154431343079 -0.0105104446411 6.04826116959 0.0511086151608 0.185 0.0900474080809 0.193534743661
* 614 61.7137949467 -0.152644186808 0.0109469116103 6.13 0.1 0.1 -0.14496421814 -0.0133867263794 6.05714512268 0.0504964911505 0.188 0.090248235439 0.197404859942
* 615 61.8142640591 -0.142746521949 0.00951994617515 6.14 0.1 0.1 -0.135776042938 -0.00832223892212 6.06561565796 0.0500259599637 0.19 0.0919092578154 0.186373353264
* 616 61.9146780968 -0.132835082554 0.00819202708662 6.15 0.1 0.1 -0.12633228302 -0.00381994247437 6.07684374252 0.0504531082079 0.193 0.093261290146 0.174488780425
* 617 62.0150990486 -0.122910859756 0.00696328713556 6.16 0.1 0.1 -0.119343280792 -0.00612926483154 6.09072018067 0.0510880214938 0.187 0.0953564119259 0.175133610207
* 618 62.1155190468 -0.112974845971 0.00583384919492 6.17 0.1 0.1 -0.105695724487 -0.0179224014282 6.10488415161 0.0515512953276 0.181 0.0914462580121 0.19192096683
* 619 62.2159531116 -0.103028034791 0.00480382620757 6.18 0.1 0.1 -0.100409507751 -0.0189962387085 6.11437845627 0.0527431887434 0.18 0.094960329394 0.194158190668
* 620 62.3163499832 -0.0930714208899 0.00387332117494 6.19 0.1 0.1 -0.0933704376221 -0.0200943946838 6.12660932938 0.0531274954172 0.184 0.0972753629417 0.193921100764
* 621 62.4167559147 -0.0831059999196 0.00304242714677 6.2 0.1 0.1 -0.086085319519 -0.0211539268494 6.1478514711 0.054199123655 0.188 0.0996349131618 0.186990100898
* 622 62.5171859264 -0.0731327684145 0.00231122721175 6.21 0.1 0.1 -0.0771598815918 -0.0211639404297 6.16822099337 0.0558333510172 0.19 0.100871533635 0.178197194344
* 623 62.6175971031 -0.0631527236893 0.00167979448929 6.22 0.1 0.1 -0.0660967826843 -0.0183420181274 6.18536376605 0.0576269928379 0.187 0.100654568438 0.165822960988
* 624 62.7180330753 -0.0531668637402 0.00114819212211 6.23 0.1 0.1 -0.050708770752 -0.0239496231079 6.19555234561 0.0587755619607 0.182 0.0965347258191 0.17483018287
* 625 62.8184640408 -0.0431761871449 0.000716473270023 6.24 0.1 0.1 -0.038770198822 -0.0227384567261 6.1995983089 0.0594072597071 0.175 0.0952633422197 0.175633380759
* 626 62.9189009666 -0.0331816929626 0.000384681104546 6.25 0.1 0.1 -0.0299205780029 -0.0223317146301 6.20773791919 0.0599544047372 0.175 0.0962709672761 0.17579899507
* 627 63.0193331242 -0.0231843806346 0.000152848804622 6.26 0.1 0.1 -0.0188055038452 -0.0195512771606 6.22092103982 0.0597880690773 0.176 0.0958202578695 0.167440110935
* 628 63.1199169159 -0.0131852498836 2.09995532855e-05 6.27 0.1 0.1 -0.00924396514893 -0.0176568031311 6.23582029367 0.0597010690193 0.177 0.0964413404733 0.160003709828
* 629 63.2204079628 -0.00318530061445 -1.08534646468e-05 6.28 0.1 0.1 0.00235891342163 -0.0224561691284 6.24946117425 0.0602946727504 0.17 0.0953357003404 0.166882666459
