### Ensaio do Controlador Klancar com Laser (Círculo) ###

# Parâmetros #

# Número do Ensaio: 11
# Frequência: 10.0 Hz
# Raio: 1.00 m
# Velocidade Linear da Base: 0.20 m/s
# Velocidade Angular da Base: 0.20 rad/s
# Parâmetro ksi: 0.80
# Parâmetro w_n: 0.92
# Parâmetro g: 20.00

* 1 0.0 0.0 0.0 0.0 0.2 0.2 0.0 0.0 0.0 0.0 0.0 0.2 0.2
* 2 0.100643873215 0.0199960001333 0.000399973333867 0.02 0.2 0.2 0.0 0.0 0.0 0.0 0.0 0.22928262028 0.230928377783
* 3 0.201346874237 0.0399800022666 0.0011997600176 0.04 0.2 0.2 0.00766277313232 -0.00512266159058 6.25028657938 0.020010828146 0.015 0.246528975953 0.8
* 4 0.302150964737 0.0599440130653 0.00239904014719 0.06 0.2 0.2 0.00699234008789 -0.00586891174316 6.2514328959 0.0730368153358 0.041 0.276384303446 0.8
* 5 0.40265083313 0.0798800471913 0.00399733402657 0.08 0.2 0.2 0.0117049217224 -0.00474452972412 6.25721788431 0.105034098129 0.146 0.298485245408 0.8
* 6 0.503557920456 0.0997801304969 0.00599400235951 0.1 0.2 0.2 0.0303816795349 8.63075256348e-05 6.26572465921 0.133009036657 0.198 0.3 0.8
* 7 0.60532784462 0.119636303214 0.00838824650529 0.12 0.2 0.2 0.0569505691528 0.0036940574646 6.27148056055 0.156969227686 0.232 0.290104904185 0.8
* 8 0.706041812897 0.139440623138 0.0111791087982 0.14 0.2 0.2 0.0811309814453 -0.00170707702637 0.00735390977934 0.168918046906 0.254 0.283886401462 0.444343589322
* 9 0.806483030319 0.159185168806 0.0143654729305 0.16 0.2 0.2 0.102647304535 0.00148248672485 0.0245175287127 0.182877846603 0.26 0.281513969213 0.444647115672
* 10 0.906925916672 0.178862042661 0.017946064399 0.18 0.2 0.2 0.12637090683 0.00652551651001 0.0440572202206 0.200891001193 0.23 0.275791984282 0.435740186571
* 11 1.0075378418 0.198463374218 0.0219194510149 0.2 0.2 0.2 0.148941040039 0.00538635253906 0.0565721541643 0.211891286589 0.216 0.271821776953 0.465152300107
* 12 1.10819101334 0.217981323205 0.0262840434765 0.22 0.2 0.2 0.173468112946 0.00657272338867 0.0626364499331 0.217814300801 0.219 0.264485353651 0.498307077877
* 13 1.20876383781 0.237408082702 0.031038096005 0.24 0.2 0.2 0.201261997223 0.0087194442749 0.0704642757773 0.219751058228 0.238 0.252310889422 0.527484755323
* 14 1.30930280685 0.256735882265 0.0361797070429 0.26 0.2 0.2 0.224740028381 0.0108985900879 0.0790283083916 0.217696469653 0.26 0.246433662816 0.556086331179
* 15 1.40973591805 0.275956991031 0.0417068200142 0.28 0.2 0.2 0.245714664459 0.0158805847168 0.0936848595738 0.214688795399 0.294 0.244235166754 0.564752539708
* 16 1.51032781601 0.295063720813 0.0476172241474 0.3 0.2 0.2 0.267808437347 0.0173149108887 0.11640740931 0.210858712144 0.323 0.241497161637 0.576951342303
* 17 1.61073184013 0.314048429175 0.0539085553597 0.32 0.2 0.2 0.28626537323 0.0208129882812 0.141391471028 0.208128012164 0.345 0.24399273978 0.577316235441
* 18 1.7113058567 0.332903522486 0.0605782972025 0.34 0.2 0.2 0.307465553284 0.0269327163696 0.168934121728 0.206533675791 0.36 0.242148007162 0.566413908801
* 19 1.81172299385 0.351621458959 0.067623781868 0.36 0.2 0.2 0.329905509949 0.0319924354553 0.18869715929 0.205696095074 0.367 0.238153379849 0.574904263786
* 20 1.91234588623 0.370194751671 0.0750421912563 0.38 0.2 0.2 0.350112915039 0.0364670753479 0.205110549927 0.204850396834 0.373 0.237301767105 0.591167512376
* 21 2.01276993752 0.388615971551 0.0828305581025 0.4 0.2 0.2 0.370749473572 0.0407991409302 0.223996758461 0.20396810181 0.386 0.236146674858 0.606146257698
* 22 2.11316585541 0.406877750357 0.0909857671637 0.42 0.2 0.2 0.39032459259 0.0480971336365 0.244688048959 0.202222774604 0.397 0.235721381345 0.607485867601
* 23 2.21358990669 0.424972783621 0.099504556465 0.44 0.2 0.2 0.409666538239 0.055736541748 0.271089494228 0.202738152538 0.409 0.235966303151 0.59997793049
* 24 2.31443691254 0.442893833572 0.108383518604 0.46 0.2 0.2 0.43173456192 0.0601053237915 0.29624158144 0.201229696616 0.413 0.233643109331 0.611809384404
* 25 2.41487979889 0.460633732027 0.117619102115 0.48 0.2 0.2 0.450844764709 0.0676393508911 0.313699215651 0.201518242376 0.416 0.233511272663 0.62194747595
* 26 2.51531291008 0.478185383265 0.127207612887 0.5 0.2 0.2 0.469243526459 0.0763230323792 0.331913173199 0.200565397481 0.423 0.233892785401 0.62726102828
* 27 2.61573886871 0.495541766859 0.137145215644 0.52 0.2 0.2 0.487963199615 0.0854134559631 0.351131498814 0.200750519963 0.432 0.23368349936 0.631507153832
* 28 2.7162168026 0.512695940486 0.147427935477 0.54 0.2 0.2 0.504195213318 0.0943841934204 0.374564021826 0.200185853719 0.435 0.237329536796 0.627623077708
* 29 2.8165948391 0.529641042706 0.158051659436 0.56 0.2 0.2 0.522918701172 0.101288795471 0.402526676655 0.200256800165 0.435 0.239203431777 0.629293107889
* 30 2.91723394394 0.546370295705 0.169012138171 0.58 0.2 0.2 0.542314052582 0.111812591553 0.425321042538 0.200686878853 0.432 0.237639940916 0.62854404398
* 31 3.01803779602 0.562877008003 0.180304987639 0.6 0.2 0.2 0.55940246582 0.122023582458 0.444916933775 0.200998799917 0.428 0.238981650651 0.631866037273
* 32 3.1186568737 0.579154577136 0.19192569085 0.62 0.2 0.2 0.579099178314 0.133574485779 0.461773395538 0.201046055526 0.429 0.235697877646 0.640887481418
* 33 3.21909379959 0.595196492294 0.203869599677 0.64 0.2 0.2 0.594557762146 0.140232086182 0.477966547012 0.199892980233 0.427 0.241136574203 0.662457744424
* 34 3.31968784332 0.610996336924 0.216131936717 0.66 0.2 0.2 0.610671043396 0.150045871735 0.498036116362 0.200251070994 0.43 0.244095687344 0.669118544713
* 35 3.4203338623 0.626547791299 0.228707797197 0.68 0.2 0.2 0.628636360168 0.160638332367 0.520765602589 0.199800101665 0.427 0.244477306353 0.673846101674
* 36 3.52369880676 0.641844635044 0.241592150942 0.7 0.2 0.2 0.659730434418 0.185764312744 0.560506165028 0.200374676663 0.426 0.219364284431 0.631732193552
* 37 3.6242480278 0.656880749627 0.254779844381 0.72 0.2 0.2 0.676502227783 0.196952819824 0.578144729137 0.198827006801 0.43 0.220234161209 0.64462572082
* 38 3.72492098808 0.671650120802 0.268265602614 0.74 0.2 0.2 0.690038204193 0.20859670639 0.598017036915 0.195735104508 0.446 0.2249652357 0.646871879618
* 39 3.8277490139 0.686146841017 0.282044031516 0.76 0.2 0.2 0.690038204193 0.20859670639 0.598017036915 0.193955581789 0.453 0.253304209248 0.689102406254
* 40 3.92838001251 0.700365111777 0.2961096199 0.78 0.2 0.2 0.718989372253 0.233234405518 0.643105328083 0.195462641877 0.447 0.231565417257 0.646680690641
* 41 4.02899098396 0.714299245964 0.310456741718 0.8 0.2 0.2 0.732752323151 0.24455499649 0.666721761227 0.198209698761 0.438 0.236724490419 0.648245323401
* 42 4.12955188751 0.72794367011 0.325079658313 0.82 0.2 0.2 0.7487616539 0.261174201965 0.692142009735 0.204336642685 0.44 0.234670716345 0.637435511593
* 43 4.23069882393 0.741292926626 0.339972520712 0.84 0.2 0.2 0.764671325684 0.274173736572 0.713420033455 0.201915400006 0.436 0.235622443376 0.645826683331
* 44 4.3311829567 0.75434167599 0.35512937197 0.86 0.2 0.2 0.776937961578 0.291947364807 0.736504971981 0.203672334018 0.435 0.236163551881 0.62903421116
* 45 4.43201184273 0.767084698874 0.370544149548 0.88 0.2 0.2 0.793336391449 0.307368278503 0.761413633823 0.209540814822 0.434 0.234647876249 0.629269157796
* 46 4.53268885612 0.779516898239 0.38621068774 0.9 0.2 0.2 0.805137634277 0.321889400482 0.783195376396 0.207989761854 0.431 0.238561001705 0.625920091081
* 47 4.63327288628 0.791633301372 0.402122720141 0.92 0.2 0.2 0.815483570099 0.335898399353 0.813740730286 0.216231353407 0.431 0.245439592648 0.607091801535
* 48 4.73381185532 0.803429061873 0.418273882149 0.94 0.2 0.2 0.831851005554 0.352292060852 0.842393219471 0.21458114876 0.427 0.243507509213 0.603661931267
* 49 4.83433294296 0.814899461594 0.434657713515 0.96 0.2 0.2 0.84348154068 0.368909358978 0.866809487343 0.226312576971 0.412 0.245497228473 0.594031220038
* 50 4.93534493446 0.826039912529 0.451267660925 0.98 0.2 0.2 0.857777118683 0.391696929932 0.889756798744 0.225665737914 0.41 0.237752884738 0.580986891258
* 51 5.03617787361 0.836845958647 0.468097080621 1.0 0.2 0.2 0.869593143463 0.406748771667 0.906615018845 0.233868616604 0.404 0.240366085321 0.591349368274
* 52 5.13670802116 0.847313277672 0.48513924106 1.02 0.2 0.2 0.877563476562 0.424810886383 0.92949962616 0.230664593026 0.405 0.243534453236 0.574034519705
* 53 5.23759198189 0.857437682816 0.502387325605 1.04 0.2 0.2 0.889886379242 0.44256067276 0.95360994339 0.242609692456 0.408 0.243261212369 0.571030430345
* 54 5.33812689781 0.867215124454 0.519834435252 1.06 0.2 0.2 0.898917198181 0.459145545959 0.97518491745 0.239958944496 0.403 0.246871327511 0.565537019535
* 55 5.43864989281 0.876641691737 0.53747359139 1.08 0.2 0.2 0.910432338715 0.481264591217 0.996801555157 0.252090133992 0.399 0.241618718651 0.557589361742
* 56 5.53922200203 0.885713614166 0.555297738591 1.1 0.2 0.2 0.92147731781 0.500789642334 1.01472187042 0.249300721982 0.394 0.239478854337 0.56164494133
* 57 5.6397550106 0.894427263091 0.573299747435 1.12 0.2 0.2 0.928538322449 0.519773006439 1.03131401539 0.256743728393 0.389 0.240863399663 0.557101996061
* 58 5.7402408123 0.90277915317 0.591472417357 1.14 0.2 0.2 0.937114715576 0.538651943207 1.05225944519 0.250870418746 0.391 0.241551550076 0.552666229026
* 59 5.84089183807 0.910765943758 0.609808479532 1.16 0.2 0.2 0.947984218597 0.561468601227 1.07355606556 0.253211113579 0.387 0.235522054075 0.549841229112
* 60 5.9414768219 0.918384440246 0.62830059978 1.18 0.2 0.2 0.955391407013 0.579993247986 1.09943640232 0.257962141673 0.386 0.237822514671 0.53777122351
* 61 6.04190397263 0.925631595335 0.6469413815 1.2 0.2 0.2 0.965571403503 0.603701114655 1.12552642822 0.278794702007 0.39 0.231445885336 0.527886258162
* 62 6.14235687256 0.932504510262 0.665723368626 1.22 0.2 0.2 0.972923755646 0.622328281403 1.14270293713 0.273366771721 0.384 0.23268997319 0.532496985065
* 63 6.24281787872 0.93900043595 0.684639048615 1.24 0.2 0.2 0.977548122406 0.641531467438 1.16215920448 0.285969588272 0.386 0.234941933342 0.524159552743
* 64 6.34335780144 0.945116774118 0.703680855447 1.26 0.2 0.2 0.984340667725 0.66207742691 1.18440401554 0.278171821763 0.385 0.23426327784 0.518897043426
* 65 6.44375896454 0.950851078311 0.722841172653 1.28 0.2 0.2 0.989636898041 0.679849147797 1.20397007465 0.297163937552 0.376 0.237873428342 0.517990928496
* 66 6.54424595833 0.956201054883 0.742112336361 1.3 0.2 0.2 0.994585990906 0.701553344727 1.2255333662 0.293328181318 0.374 0.236361941455 0.508586310831
* 67 6.64472699165 0.961164563916 0.761486638363 1.32 0.2 0.2 1.00192117691 0.724456787109 1.24330091476 0.317750120121 0.37 0.231602175108 0.514481099985
* 68 6.74516201019 0.965739620072 0.780956329197 1.34 0.2 0.2 1.00556993484 0.745029449463 1.2576700449 0.312111039072 0.368 0.231453140946 0.51657179798
* 69 6.8456838131 0.96992439339 0.800513621246 1.36 0.2 0.2 1.00879907608 0.76623249054 1.27488839626 0.3127275925 0.37 0.230738186446 0.513536795675
* 70 6.94613480568 0.973717210016 0.820150691854 1.38 0.2 0.2 1.01354980469 0.785370826721 1.29423606396 0.321677847898 0.375 0.232379729802 0.517028516102
* 71 7.04662084579 0.977116552874 0.839859686453 1.4 0.2 0.2 1.01853466034 0.807566165924 1.31578159332 0.355666855377 0.374 0.229794259632 0.51639983604
* 72 7.14745688438 0.980121062272 0.85963272171 1.42 0.2 0.2 1.02451848984 0.831392765045 1.33319675922 0.345526254583 0.378 0.224171424374 0.526478227771
* 73 7.24805784225 0.982729536447 0.879461888674 1.44 0.2 0.2 1.03609514236 0.850251674652 1.34545660019 0.376092611611 0.384 0.223372989114 0.572813083067
* 74 7.34854388237 0.984940932044 0.899339255942 1.46 0.2 0.2 1.0627951622 0.864748477936 1.35959362984 0.361853915267 0.394 0.224656742891 0.68074130478
* 75 7.44902682304 0.986754364533 0.919256872833 1.48 0.2 0.2 1.10946512222 0.870287418365 1.38366007805 0.362533138644 0.422 0.236150624701 0.8
* 76 7.550303936 0.988169108566 0.939206772565 1.5 0.2 0.2 1.18154382706 0.875487327576 1.41600573063 0.447774044617 0.46 0.247898669691 0.8
* 77 7.65078282356 0.989184598265 0.959180975445 1.52 0.2 0.2 1.26781845093 0.887989044189 1.43163645267 0.421186708468 0.484 0.245931298974 0.8
* 78 7.75123381615 0.989800427446 0.979171492057 1.54 0.2 0.2 1.35294246674 0.898791313171 1.43037736416 0.432215257556 0.494 0.240980320457 0.8
* 79 7.85170698166 0.990016349788 0.999170326461 1.56 0.2 0.2 1.41546535492 0.913735866547 1.44355201721 0.448824239716 0.5 0.243743572324 0.8
* 80 7.95302581787 0.989832278922 1.01916947939 1.58 0.2 0.2 1.44753313065 0.937159061432 1.47189450264 0.523005394839 0.511 0.252233706634 0.8
* 81 8.0535159111 0.989248288476 1.03916095145 1.6 0.2 0.2 1.45718288422 0.9581990242 1.50595664978 0.487537646266 0.507 0.273130075824 0.8
* 82 8.15392684937 0.988264612038 1.05913674632 1.62 0.2 0.2 1.45610666275 0.982336997986 1.52567839622 0.969727201793 0.488 0.28067452882 0.8
* 83 8.25436782837 0.986881643065 1.07908887395 1.64 0.2 0.2 1.45484399796 1.00810289383 1.54831790924 0.915046528571 0.468 0.287805195744 0.8
* 84 8.35477089882 0.985099934726 1.09900935375 1.66 0.2 0.2 1.45283174515 1.02491760254 1.56838083267 15.5473164218 0.439 0.3 0.8
* 85 8.45520687103 0.982920199681 1.11889021779 1.68 0.2 0.2 1.45079660416 1.04382944107 1.59758996964 14.4167726692 0.421 0.3 0.8
* 86 8.55566096306 0.980343309795 1.138723514 1.7 0.2 0.2 1.44981765747 1.06978130341 1.62798917294 -0.564337551227 0.401 0.3 0.8
* 87 8.65618896484 0.97737029579 1.15850130932 1.72 0.2 0.2 1.44906663895 1.09199810028 1.64950466156 -0.513924145577 0.387 0.3 0.8
* 88 8.75671601295 0.974002346831 1.1782156929 1.74 0.2 0.2 1.44449853897 1.1166844368 1.66934072971 -0.256858782323 0.38 0.3 0.8
* 89 8.85716080666 0.970240810053 1.19785877924 1.76 0.2 0.2 1.43744802475 1.135617733 1.68173444271 -0.229557578912 0.373 0.3 0.8
* 90 8.95762586594 0.966087190021 1.21742271138 1.78 0.2 0.2 1.43370819092 1.15541696548 1.70070815086 -0.143068501431 0.367 0.3 0.8
* 91 9.05807995796 0.961543148127 1.23689966399 1.8 0.2 0.2 1.43012666702 1.18008852005 1.72641766071 -0.122751029417 0.367 0.3 0.8
* 92 9.15862298012 0.956610501928 1.25628184657 1.82 0.2 0.2 1.42262792587 1.20048189163 1.7459141016 -0.0704916969055 0.364 0.3 0.8
* 93 9.25922489166 0.951291224416 1.27556150649 1.84 0.2 0.2 1.4139251709 1.22062540054 1.76148998737 -0.0549182706193 0.361 0.3 0.8
* 94 9.35984683037 0.945587443231 1.29473093215 1.86 0.2 0.2 1.40743923187 1.24060869217 1.77803349495 -0.0272154183889 0.359 0.3 0.8
* 95 9.46026301384 0.93950143981 1.31378245604 1.88 0.2 0.2 1.40404748917 1.26358270645 1.79771888256 -0.0140803817265 0.362 0.3 0.8
* 96 9.56077885628 0.933035648472 1.33270845779 1.9 0.2 0.2 1.39887857437 1.28438425064 1.8232088089 0.00605731529845 0.364 0.3 0.8
* 97 9.6657538414 0.926192655449 1.35150136727 1.92 0.2 0.2 1.39259624481 1.30565547943 1.84644889832 0.016987549014 0.362 0.3 0.8
* 98 9.76642799377 0.918975197846 1.37015366755 1.94 0.2 0.2 1.38836669922 1.32694149017 1.86522054672 0.0261936648743 0.36 0.3 0.8
* 99 9.8672068119 0.911386162551 1.38865789796 1.96 0.2 0.2 1.37859010696 1.34780359268 1.8813751936 0.0355926873941 0.361 0.3 0.8
* 100 9.96947598457 0.903428585075 1.40700665707 1.98 0.2 0.2 1.36986684799 1.36631822586 1.89560902119 0.0455021965227 0.361 0.3 0.8
* 101 10.0703508854 0.895105648344 1.42519260561 2.0 0.2 0.2 1.36258459091 1.38444137573 1.91818368435 0.0543374252884 0.361 0.3 0.8
* 102 10.1709618568 0.886420681422 1.44320846944 2.02 0.2 0.2 1.35259389877 1.40456676483 1.94356894493 0.0579778590311 0.359 0.3 0.8
* 103 10.2719838619 0.877377158179 1.46104704246 2.04 0.2 0.2 1.34200811386 1.4232673645 1.96115720272 0.066407673096 0.359 0.3 0.8
* 104 10.3725969791 0.867978695904 1.47870118947 2.06 0.2 0.2 1.32952785492 1.44283914566 1.97859227657 0.0708501555497 0.36 0.3 0.8
* 105 10.4733548164 0.858229053857 1.49616384906 2.08 0.2 0.2 1.31985712051 1.46220397949 1.99590039253 0.0763338991712 0.356 0.3 0.8
* 106 10.5740189552 0.848132131765 1.5134280364 2.1 0.2 0.2 1.31227016449 1.47805166245 2.0120882988 0.0799904300283 0.356 0.3 0.8
* 107 10.6745648384 0.837691968262 1.53048684603 2.12 0.2 0.2 1.30014657974 1.49959421158 2.03751420975 0.0846207197797 0.358 0.3 0.8
* 108 10.7754878998 0.826912739274 1.54733345466 2.14 0.2 0.2 1.28790330887 1.51540613174 2.0581946373 0.0874363290576 0.358 0.3 0.8
* 109 10.8759748936 0.815798756349 1.56396112387 2.16 0.2 0.2 1.27439260483 1.53469991684 2.07565259933 0.0931395251633 0.362 0.3 0.8
* 110 10.9765439034 0.804354464932 1.58036320283 2.18 0.2 0.2 1.26258516312 1.55590963364 2.0968606472 0.095019393527 0.363 0.3 0.8
* 111 11.0770969391 0.792584442587 1.5965331309 2.2 0.2 0.2 1.25154733658 1.57102108002 2.1158645153 0.10036988663 0.365 0.3 0.8
* 112 11.1777579784 0.780493397166 1.61246444035 2.22 0.2 0.2 1.23880052567 1.58866167068 2.14597415924 0.0994176297023 0.367 0.3 0.8
* 113 11.2783129215 0.768086164926 1.62815075885 2.24 0.2 0.2 1.22288751602 1.60652446747 2.16994667053 0.103472420283 0.365 0.3 0.8
* 114 11.3790159225 0.755367708594 1.64358581209 2.26 0.2 0.2 1.20831727982 1.62227725983 2.18338799477 0.106059896782 0.364 0.3 0.8
* 115 11.4795928001 0.742343115383 1.65876342625 2.28 0.2 0.2 1.19359493256 1.63867759705 2.20173001289 0.110206663601 0.365 0.3 0.8
* 116 11.5804698467 0.729017594958 1.6736775305 2.3 0.2 0.2 1.17949438095 1.65460586548 2.21881151199 0.111816854239 0.364 0.3 0.8
* 117 11.6814498901 0.715396477348 1.68832215938 2.32 0.2 0.2 1.16879272461 1.66912174225 2.24107909203 0.113756153753 0.363 0.3 0.8
* 118 11.7819898129 0.701485210818 1.70269145524 2.34 0.2 0.2 1.15163707733 1.68818378448 2.26695203781 0.114503111812 0.363 0.3 0.8
* 119 11.8825449944 0.687289359691 1.71677967055 2.36 0.2 0.2 1.13875627518 1.70307826996 2.28276467323 0.118091844495 0.359 0.3 0.8
* 120 11.9831039906 0.672814602117 1.73058117023 2.38 0.2 0.2 1.11989355087 1.71790409088 2.29487586021 0.119716015675 0.359 0.3 0.8
* 121 12.0836298466 0.658066727806 1.74409043384 2.4 0.2 0.2 1.10358476639 1.73475074768 2.31096386909 0.123018191318 0.357 0.3 0.8
* 122 12.1841919422 0.643051635712 1.75730205786 2.42 0.2 0.2 1.09100389481 1.74936199188 2.32982039452 0.124441381253 0.356 0.3 0.8
* 123 12.2847459316 0.62777533167 1.77021075783 2.44 0.2 0.2 1.07354640961 1.76232051849 2.3527007103 0.126660285893 0.358 0.3 0.8
* 124 12.3854060173 0.612243926 1.78281137043 2.46 0.2 0.2 1.05448150635 1.77747440338 2.37212657928 0.126616137992 0.357 0.3 0.8
* 125 12.486027956 0.596463631055 1.79509885559 2.48 0.2 0.2 1.03959178925 1.78838634491 2.3876657486 0.129269238841 0.354 0.3 0.8
* 126 12.5865838528 0.580440758744 1.80706829847 2.5 0.2 0.2 1.02161693573 1.80268192291 2.40436148643 0.130536762723 0.353 0.3 0.8
* 127 12.6870679855 0.564181718002 1.81871491146 2.52 0.2 0.2 1.00497865677 1.81670951843 2.42707777023 0.133177638475 0.357 0.3 0.8
* 128 12.7874999046 0.547693012228 1.83003403607 2.54 0.2 0.2 0.988424777985 1.82875537872 2.44862437248 0.133208149038 0.355 0.3 0.8
* 129 12.8893938065 0.530981236686 1.8410211448 2.56 0.2 0.2 0.967094421387 1.84431552887 2.47471737862 0.135427871669 0.359 0.3 0.8
* 130 12.9901928902 0.514053075862 1.85167184295 2.58 0.2 0.2 0.948107719421 1.8578081131 2.49117851257 0.137983570247 0.357 0.3 0.8
* 131 13.0907068253 0.496915300794 1.86198187038 2.6 0.2 0.2 0.934738636017 1.8680562973 2.51175332069 0.138734342425 0.356 0.3 0.8
* 132 13.1911189556 0.479574766365 1.87194710323 2.62 0.2 0.2 0.910219669342 1.87877368927 2.53413724899 0.140843684937 0.361 0.3 0.8
* 133 13.2916018963 0.462038408557 1.88156355553 2.64 0.2 0.2 0.889544487 1.88796329498 2.55515623093 0.141569855011 0.36 0.3 0.8
* 134 13.3920009136 0.44431324168 1.89082738083 2.66 0.2 0.2 0.873382568359 1.89855670929 2.57528185844 0.143616808251 0.362 0.3 0.8
* 135 13.4928297997 0.426406355563 1.89973487372 2.68 0.2 0.2 0.853610992432 1.90870761871 2.59212875366 0.14471707452 0.361 0.3 0.8
* 136 13.5933690071 0.408324912723 1.90828247132 2.7 0.2 0.2 0.838871479034 1.91834640503 2.60936999321 0.147140982475 0.361 0.3 0.8
* 137 13.6939098835 0.390076145495 1.91646675472 2.72 0.2 0.2 0.814676761627 1.92789554596 2.62981534004 0.14790429957 0.363 0.3 0.8
* 138 13.7944200039 0.371667353143 1.9242844503 2.74 0.2 0.2 0.796432495117 1.93516349792 2.65037941933 0.150131793293 0.367 0.3 0.8
* 139 13.8949849606 0.353105898939 1.93173243108 2.76 0.2 0.2 0.777263641357 1.94531154633 2.67043662071 0.1509522583 0.367 0.3 0.8
* 140 13.9955379963 0.334399207216 1.93880771799 2.78 0.2 0.2 0.754720211029 1.95330142975 2.6846613884 0.153474257585 0.366 0.3 0.8
* 141 14.0967228413 0.315554760403 1.94550748099 2.8 0.2 0.2 0.731583595276 1.95946502686 2.69864916801 0.153994634665 0.364 0.3 0.8
* 142 14.1972999573 0.296580096026 1.95182904028 2.82 0.2 0.2 0.713704109192 1.96780872345 2.71584630013 0.156194471906 0.363 0.3 0.8
* 143 14.2979009151 0.277482803699 1.9577698673 2.84 0.2 0.2 0.688582420349 1.97557449341 2.73272752762 0.157205319111 0.363 0.3 0.8
* 144 14.3984839916 0.258270522083 1.96332758582 2.86 0.2 0.2 0.672066688538 1.98286247253 2.75042057037 0.159304009239 0.362 0.3 0.8
* 145 14.4995918274 0.238950935835 1.96849997281 2.88 0.2 0.2 0.649230957031 1.98831558228 2.76885008812 0.1602052487 0.36 0.3 0.8
* 146 14.6009910107 0.219531772532 1.9732849594 2.9 0.2 0.2 0.629405975342 1.99393463135 2.7826654911 0.161710494374 0.357 0.3 0.8
* 147 14.7017028332 0.20002079958 1.97768063164 2.92 0.2 0.2 0.611035823822 1.99800682068 2.79793024063 0.162783956593 0.359 0.3 0.8
* 148 14.8022518158 0.180425821109 1.98168523134 2.94 0.2 0.2 0.590065956116 2.00291061401 2.82382655144 0.164498899343 0.36 0.3 0.8
* 149 14.9027168751 0.160754674848 1.9852971567 2.96 0.2 0.2 0.568972587585 2.01114749908 2.84289121628 0.164610223801 0.359 0.3 0.8
* 150 15.0033938885 0.141015228994 1.98851496299 2.98 0.2 0.2 0.548783302307 2.01229476929 2.85993242264 0.166466408529 0.359 0.3 0.8
* 151 15.1042737961 0.121215379062 1.99133736316 3.0 0.2 0.2 0.525951385498 2.01736927032 2.87512564659 0.168358010538 0.359 0.3 0.8
* 152 15.2049129009 0.101363044728 1.99376322826 3.02 0.2 0.2 0.509846687317 2.02128601074 2.89024853706 0.170400075073 0.361 0.3 0.8
* 153 15.3054819107 0.0814661666609 1.99579158798 3.04 0.2 0.2 0.487837791443 2.02438640594 2.91305160522 0.171170719231 0.361 0.3 0.8
* 154 15.4060618877 0.0615327033466 1.99742163102 3.06 0.2 0.2 0.467302799225 2.02903842926 2.93819284439 0.171472828044 0.36 0.3 0.8
* 155 15.506814003 0.0415706279047 1.99865270537 3.08 0.2 0.2 0.447063446045 2.03197574615 2.95364332199 0.173406066783 0.36 0.3 0.8
* 156 15.6072208881 0.0215879248992 1.99948431862 3.1 0.2 0.2 0.423593997955 2.03364944458 2.97193980217 0.17529065057 0.361 0.3 0.793988239317
* 157 15.7077789307 0.00159258714498 1.99991613813 3.12 0.2 0.2 0.404978275299 2.0366897583 2.98549199104 0.176456778258 0.361 0.3 0.793405177171
* 158 15.8083088398 -0.0184073874896 1.99994799119 3.14 0.2 0.2 0.386206626892 2.03631496429 3.00411653519 0.179149809906 0.362 0.3 0.765157070106
* 159 15.9087269306 -0.0384039992812 1.99957986505 3.16 0.2 0.2 0.362867832184 2.04060077667 3.02894282341 0.180069720356 0.36 0.3 0.735659694449
* 160 16.0094048977 -0.0583892498519 1.99881190696 3.18 0.2 0.2 0.341491699219 2.04027557373 3.04350781441 0.182757039696 0.35 0.3 0.721850533227
* 161 16.1101717949 -0.0783551453678 1.99764442409 3.2 0.2 0.2 0.321888923645 2.03995895386 3.06019496918 0.185945750929 0.342 0.3 0.70388310169
* 162 16.2105820179 -0.0982936997369 1.99607788342 3.22 0.2 0.2 0.298886299133 2.04218578339 3.07398986816 0.188775836654 0.338 0.3 0.705443224332
* 163 16.3113667965 -0.118196937803 1.99411291155 3.24 0.2 0.2 0.278432369232 2.04110145569 3.0926296711 0.192209081622 0.328 0.3 0.681485924088
* 164 16.4117999077 -0.138056898537 1.99175029443 3.26 0.2 0.2 0.257533073425 2.04149913788 3.11106538773 0.193294378836 0.321 0.3 0.665601599343
* 165 16.5125110149 -0.157865638219 1.98899097708 3.28 0.2 0.2 0.231606960297 2.04027748108 3.12156701088 0.196720357777 0.311 0.3 0.668630527018
* 166 16.6130979061 -0.177615233617 1.9858360632 3.3 0.2 0.2 0.209416866302 2.03875160217 3.1354238987 0.198752697684 0.305 0.3 0.662546474105
* 167 16.7136809826 -0.197297785157 1.9822868147 3.32 0.2 0.2 0.187323570251 2.03542613983 3.14937287966 0.201899207787 0.305 0.3 0.650792965933
* 168 16.8142659664 -0.21690542008 1.97834465124 3.34 0.2 0.2 0.164046287537 2.03190803528 3.1640680472 0.20306622589 0.3 0.3 0.637945026116
* 169 16.9148099422 -0.236430295593 1.97401114964 3.36 0.2 0.2 0.143414974213 2.03424358368 3.18413073221 0.206485784136 0.297 0.3 0.633998681644
* 170 17.0153768063 -0.255864602008 1.96928804322 3.38 0.2 0.2 0.115254878998 2.02979278564 3.1934085528 0.207289073003 0.293 0.3 0.638431220341
* 171 17.1169238091 -0.275200565859 1.96417722118 3.4 0.2 0.2 0.0915880203247 2.02393245697 3.2035463492 0.209723359258 0.287 0.3 0.635809271653
* 172 17.2175238132 -0.29443045302 1.95868072778 3.42 0.2 0.2 0.0724401473999 2.02211284637 3.22167259852 0.210838290313 0.287 0.3 0.626357110676
* 173 17.318171978 -0.313546571793 1.95280076153 3.44 0.2 0.2 0.0481557846069 2.01932621002 3.2382932345 0.213398115271 0.284 0.3 0.620956922433
* 174 17.4199488163 -0.332541275984 1.94653967435 3.46 0.2 0.2 0.0268716812134 2.01616954803 3.25170594851 0.215435357859 0.283 0.3 0.62429525872
* 175 17.5207128525 -0.351406967965 1.93989997058 3.48 0.2 0.2 0.00339889526367 2.00847911835 3.26666909853 0.217051645624 0.279 0.3 0.607958316747
* 176 17.6214058399 -0.37013610171 1.93288430603 3.5 0.2 0.2 -0.0197668075562 2.00457859039 3.28016740481 0.218185557726 0.277 0.3 0.612807516354
* 177 17.7219488621 -0.388721185817 1.92549548686 3.52 0.2 0.2 -0.0376310348511 2.00117397308 3.30361348787 0.219900978662 0.272 0.3 0.589522332197
* 178 17.8226728439 -0.407154786499 1.9177364685 3.54 0.2 0.2 -0.0641393661499 1.9939031601 3.31960541407 0.222105684998 0.271 0.3 0.580087665483
* 179 17.9233298302 -0.425429530562 1.90961035445 3.56 0.2 0.2 -0.0854005813599 1.99042224884 3.32774335543 0.224431067696 0.262 0.3 0.606523098397
* 180 18.0237870216 -0.443538108352 1.90112039507 3.58 0.2 0.2 -0.107359886169 1.98050117493 3.3430407683 0.225696043619 0.26 0.3 0.589523466633
* 181 18.1244018078 -0.461473276678 1.8922699862 3.6 0.2 0.2 -0.131356239319 1.97560214996 3.35872465769 0.228383902948 0.264 0.3 0.594845608721
* 182 18.2249288559 -0.479227861714 1.8830626679 3.62 0.2 0.2 -0.149430751801 1.97137737274 3.37304193178 0.229678317593 0.261 0.3 0.603377933754
* 183 18.3255629539 -0.496794761861 1.87350212298 3.64 0.2 0.2 -0.176364421844 1.9618844986 3.38904101053 0.231280637654 0.261 0.3 0.596840443793
* 184 18.4260339737 -0.514166950594 1.86359217552 3.66 0.2 0.2 -0.196845531464 1.95389556885 3.39831191698 0.231334702894 0.263 0.3 0.610839014184
* 185 18.5265038013 -0.531337479269 1.85333678937 3.68 0.2 0.2 -0.217511177063 1.95135498047 3.41670233408 0.233248037779 0.26 0.3 0.622428311762
* 186 18.6275939941 -0.548299479903 1.84274006656 3.7 0.2 0.2 -0.243174552917 1.9398765564 3.43958765665 0.235338683934 0.261 0.3 0.594952774318
* 187 18.7282099724 -0.565046167923 1.83180624561 3.72 0.2 0.2 -0.267553329468 1.93212604523 3.4441939036 0.23532571228 0.264 0.3 0.632879083985
* 188 18.8289740086 -0.581570844875 1.82053969993 3.74 0.2 0.2 -0.280724525452 1.92221736908 3.4551542441 0.235745787228 0.263 0.3 0.633402198429
* 189 18.9295070171 -0.597866901111 1.80894493598 3.76 0.2 0.2 -0.30918598175 1.91381835938 3.47212392489 0.237507896871 0.27 0.3 0.644174498108
* 190 19.0303058624 -0.613927818425 1.7970265915 3.78 0.2 0.2 -0.329414367676 1.91084289551 3.49018770853 0.241647885263 0.285 0.3 0.66413658498
* 191 19.130920887 -0.629747172663 1.78478943368 3.8 0.2 0.2 -0.358892917633 1.91077709198 3.52232724825 0.245046762098 0.298 0.3 0.672449199675
* 192 19.2314858437 -0.645318636295 1.77223835722 3.82 0.2 0.2 -0.40666437149 1.93664550781 3.5869696776 0.252658748333 0.31 0.3 0.723949860592
* 193 19.3323278427 -0.660635980944 1.75937838238 3.84 0.2 0.2 -0.468195915222 1.98257923126 3.63152295748 0.257644762974 0.316 0.3 0.8
* 194 19.4330639839 -0.675693079875 1.74621465298 3.86 0.2 0.2 -0.548830986023 2.03956317902 3.65850025812 0.258596976244 0.339 0.3 0.8
* 195 19.5336148739 -0.69048391045 1.73275243433 3.88 0.2 0.2 -0.629679203033 2.08550167084 3.67145139376 0.256223384242 0.354 0.3 0.8
* 196 19.6342058182 -0.705002556534 1.71899711115 3.9 0.2 0.2 -0.692217826843 2.12930297852 3.68991977373 0.257095275273 0.368 0.3 0.8
* 197 19.7347669601 -0.719243210862 1.70495418537 3.92 0.2 0.2 -0.736671924591 2.1514787674 3.71208697954 0.258544571246 0.372 0.3 0.8
* 198 19.8353288174 -0.733200177363 1.69062927399 3.94 0.2 0.2 -0.76372385025 2.15396499634 3.73567253748 0.259250478018 0.371 0.3 0.8
* 199 19.9359447956 -0.746867873434 1.67602810677 3.96 0.2 0.2 -0.780616283417 2.12855243683 3.74482518831 0.260986517416 0.373 0.3 0.8
* 200 20.0365619659 -0.760240832181 1.661156524 3.98 0.2 0.2 -0.801458358765 2.11221122742 3.75709492365 0.259644412504 0.366 0.3 0.8
* 201 20.1372909546 -0.773313704599 1.64602047409 4.0 0.2 0.2 -0.815529823303 2.10207653046 3.7779896895 0.263594944966 0.366 0.3 0.8
* 202 20.2378919125 -0.786081261711 1.63062601127 4.02 0.2 0.2 -0.831696510315 2.0877161026 3.79800731341 0.266251766524 0.364 0.3 0.8
* 203 20.3386719227 -0.798538396667 1.61497929313 4.04 0.2 0.2 -0.848204135895 2.07287311554 3.81194669405 0.267774517884 0.363 0.3 0.8
* 204 20.4403469563 -0.810680126778 1.59908657813 4.06 0.2 0.2 -0.864038467407 2.06096744537 3.82757217089 0.272183284048 0.364 0.3 0.8
* 205 20.540927887 -0.822501595514 1.58295422316 4.08 0.2 0.2 -0.876198291779 2.04247951508 3.85780007044 0.277653645825 0.362 0.3 0.8
* 206 20.641479969 -0.833998074444 1.56658868094 4.1 0.2 0.2 -0.894037723541 2.0298576355 3.87803823153 0.280977581317 0.357 0.3 0.8
* 207 20.7419528961 -0.845164965132 1.54999649747 4.12 0.2 0.2 -0.905549526215 2.01291847229 3.8934858481 0.28464658874 0.357 0.3 0.8
* 208 20.8425378799 -0.855997800968 1.5331843094 4.14 0.2 0.2 -0.916460037231 1.9964799881 3.90518361727 0.287165546671 0.356 0.3 0.8
* 209 20.9431769848 -0.866492248964 1.51615884138 4.16 0.2 0.2 -0.93083524704 1.98090744019 3.92125779787 0.291200443244 0.357 0.3 0.8
* 210 21.0437350273 -0.876644111481 1.49892690337 4.18 0.2 0.2 -0.94060754776 1.96577835083 3.94393879572 0.297132411672 0.355 0.3 0.8
* 211 21.1443109512 -0.886449327908 1.48149538792 4.2 0.2 0.2 -0.956844329834 1.94835662842 3.96490270296 0.303146517334 0.356 0.3 0.8
* 212 21.2448608875 -0.895903976289 1.46387126741 4.22 0.2 0.2 -0.970503330231 1.93196678162 3.98152357737 0.307677872445 0.356 0.3 0.8
* 213 21.3453509808 -0.905004274892 1.44606159124 4.24 0.2 0.2 -0.985168933868 1.91478061676 3.99822885195 0.312957382086 0.357 0.3 0.8
* 214 21.44577384 -0.913746583718 1.42807348304 4.26 0.2 0.2 -0.997129440308 1.89517688751 4.01345163981 0.318775775123 0.36 0.3 0.8
* 215 21.5463819504 -0.922127405961 1.40991413783 4.28 0.2 0.2 -1.01043367386 1.87822437286 4.0363565127 0.326829610865 0.363 0.3 0.8
* 216 21.6469650269 -0.930143389402 1.3915908191 4.3 0.2 0.2 -1.02072238922 1.85836982727 4.06037623087 0.335376660455 0.36 0.3 0.8
* 217 21.7475140095 -0.937791327756 1.37311085592 4.32 0.2 0.2 -1.03434228897 1.8429479599 4.07622343699 0.341366883829 0.36 0.3 0.8
* 218 21.8482379913 -0.94506816195 1.35448164005 4.34 0.2 0.2 -1.04297685623 1.82166290283 4.09478813807 0.348278382368 0.362 0.3 0.8
* 219 21.9487979412 -0.951970981346 1.33571062291 4.36 0.2 0.2 -1.05443239212 1.80404281616 4.11208063761 0.355646403546 0.361 0.3 0.8
* 220 22.04931283 -0.958497024909 1.31680531266 4.38 0.2 0.2 -1.07507610321 1.76449966431 4.16445070902 0.368959738185 0.364 0.3 0.8
* 221 22.1497209072 -0.964643682309 1.29777327119 4.4 0.2 0.2 -1.07507610321 1.76449966431 4.16445070902 0.383918750429 0.367 0.3 0.8
* 222 22.2501599789 -0.970408494964 1.27862211104 4.42 0.2 0.2 -1.085729599 1.7464723587 4.18633419672 0.397411544714 0.368 0.3 0.8
* 223 22.3506009579 -0.975789157026 1.25935949243 4.44 0.2 0.2 -1.09402322769 1.72719669342 4.20756918589 0.410480579225 0.372 0.3 0.8
* 224 22.4518690109 -0.980783516303 1.23999312014 4.46 0.2 0.2 -1.11477041245 1.68881797791 4.24781519571 0.422262715743 0.372 0.3 0.8
* 225 22.5525648594 -0.985389575116 1.22053074048 4.48 0.2 0.2 -1.12197732925 1.66772174835 4.27490383783 0.437385740314 0.37 0.3 0.8
* 226 22.6532878876 -0.989605491105 1.20098013813 4.5 0.2 0.2 -1.12197732925 1.66772174835 4.27490383783 0.456480803509 0.366 0.3 0.8
* 227 22.7538769245 -0.993429577958 1.18134913306 4.52 0.2 0.2 -1.13860702515 1.63008403778 4.31439251104 0.472298000129 0.365 0.3 0.8
* 228 22.8542938232 -0.996860306093 1.16164557743 4.54 0.2 0.2 -1.14227151871 1.60554599762 4.33084911505 0.49223327954 0.365 0.3 0.8
* 229 22.9547119141 -0.999896303263 1.14187735239 4.56 0.2 0.2 -1.1507229805 1.58934164047 4.35148901144 0.509166037755 0.367 0.3 0.8
* 230 23.0551328659 -1.00253635511 1.12205236497 4.58 0.2 0.2 -1.1558880806 1.56033325195 4.37153476874 0.531546929397 0.367 0.3 0.8
* 231 23.1556229591 -1.00477940565 1.1021785449 4.6 0.2 0.2 -1.1558880806 1.56033325195 4.37153476874 0.5576828208 0.366 0.3 0.8
* 232 23.256043911 -1.00662455769 1.08226384144 4.62 0.2 0.2 -1.16683721542 1.51193904877 4.40891498724 0.585208055691 0.363 0.3 0.8
* 233 23.3569629192 -1.00807107319 1.06231622021 4.64 0.2 0.2 -1.169526577 1.48750448227 4.42380279699 0.609694770806 0.361 0.3 0.8
* 234 23.4573919773 -1.00911837358 1.04234365998 4.66 0.2 0.2 -1.17494678497 1.46934652328 4.44193166891 0.630853465124 0.358 0.3 0.8
* 235 23.5578358173 -1.00976603993 1.02235414952 4.68 0.2 0.2 -1.17910814285 1.44440698624 4.45970911184 0.666735322635 0.359 0.3 0.8
* 236 23.6582789421 -1.0100138132 1.00235568437 4.7 0.2 0.2 -1.17910814285 1.44440698624 4.45970911184 0.704097511092 0.358 0.3 0.8
* 237 23.7587449551 -1.00986159428 0.982356263647 4.72 0.2 0.2 -1.18946743011 1.40432786942 4.49851793448 0.763031250183 0.36 0.3 0.8
* 238 23.8591778278 -1.00930944405 0.962363886847 4.74 0.2 0.2 -1.19174623489 1.37832164764 4.51293033758 0.81137880794 0.358 0.3 0.8
* 239 23.9598958492 -1.00835758337 0.942386550657 4.76 0.2 0.2 -1.19319629669 1.35711717606 4.52897924582 0.931717132268 0.36 0.3 0.8
* 240 24.060341835 -1.00700639296 0.922432245746 4.78 0.2 0.2 -1.19542789459 1.33627557755 4.54770940939 0.929425063703 0.363 0.3 0.8
* 241 24.1607708931 -1.00525641329 0.902508953569 4.8 0.2 0.2 -1.19542789459 1.33627557755 4.54770940939 1.01867999492 0.36 0.3 0.8
* 242 24.2625188828 -1.00310834433 0.882624643178 4.82 0.2 0.2 -1.19891405106 1.29349565506 4.5889715592 1.16208704519 0.363 0.3 0.8
* 243 24.3632249832 -1.00056304527 0.862787268032 4.84 0.2 0.2 -1.20211935043 1.27163743973 4.60301107565 1.4905349502 0.361 0.3 0.8
* 244 24.4636459351 -0.997621534197 0.843004762816 4.86 0.2 0.2 -1.20077133179 1.2449836731 4.61902183691 1.4675764023 0.359 0.3 0.8
* 245 24.5641767979 -0.99428498768 0.823285040269 4.88 0.2 0.2 -1.20224571228 1.2266201973 4.63647169272 2.07822229259 0.358 0.3 0.8
* 246 24.6645720005 -0.990554740291 0.803635988016 4.9 0.2 0.2 -1.20329904556 1.20531892776 4.65574592749 2.05452288974 0.358 0.3 0.8
* 247 24.7650020123 -0.986432284081 0.784065465417 4.92 0.2 0.2 -1.20198869705 1.17670726776 4.67173666159 3.77533380055 0.359 0.3 0.8
* 248 24.8654098511 -0.981919267975 0.76458130042 4.94 0.2 0.2 -1.20280647278 1.16171550751 4.68621629873 3.7296221845 0.358 0.3 0.8
* 249 24.9658248425 -0.977017497121 0.745191286431 4.96 0.2 0.2 -1.20117092133 1.13797140121 4.69978183905 11.8043239087 0.359 0.3 0.8
* 250 25.0662298203 -0.971728932162 0.725903179197 4.98 0.2 0.2 -1.19786500931 1.11673355103 4.72018045584 11.7077564379 0.36 0.3 0.8
* 251 25.1672329903 -0.966055688453 0.706724693704 5.0 0.2 0.2 -1.19708061218 1.09481811523 4.74112838904 -18.5564253513 0.363 0.3 0.8
* 252 25.2677438259 -0.960000035216 0.68766350109 5.02 0.2 0.2 -1.19198560715 1.07083892822 4.75808900992 -4.96210585739 0.363 0.3 0.8
* 253 25.3681688309 -0.953564394631 0.668727225578 5.04 0.2 0.2 -1.18927049637 1.04572677612 4.77707618872 -2.17822401031 0.369 0.3 0.8
* 254 25.4686229229 -0.946751340868 0.649923441426 5.06 0.2 0.2 -1.18777322769 1.03110790253 4.79536337057 -2.15607031632 0.371 0.3 0.8
* 255 25.5690608025 -0.93956359906 0.631259669897 5.08 0.2 0.2 -1.18388986588 1.0127081871 4.82345623175 -1.2283606743 0.37 0.3 0.8
* 256 25.669467926 -0.932004044205 0.61274337625 5.1 0.2 0.2 -1.18166208267 0.989437580109 4.85874981085 -1.21341215202 0.376 0.3 0.8
* 257 25.7698709965 -0.924075700027 0.594381966757 5.12 0.2 0.2 -1.17791461945 0.968166351318 4.88037151495 -0.78081689769 0.371 0.3 0.8
* 258 25.8702869415 -0.915781737756 0.576182785736 5.14 0.2 0.2 -1.15987157822 0.953245639801 4.91843980948 -0.763137195904 0.369 0.3 0.8
* 259 25.970717907 -0.907125474866 0.558153112616 5.16 0.2 0.2 -1.15458679199 0.926921844482 4.936976854 -0.607076495702 0.369 0.3 0.8
* 260 26.0712749958 -0.898110373748 0.540300159028 5.18 0.2 0.2 -1.15004444122 0.91251373291 4.96178192297 -0.547709853383 0.367 0.3 0.8
* 261 26.1717028618 -0.888740040322 0.522631065913 5.2 0.2 0.2 -1.14387845993 0.893497943878 4.9948930184 -0.482275315253 0.368 0.3 0.8
* 262 26.2721188068 -0.879018222597 0.505152900675 5.22 0.2 0.2 -1.13913583755 0.870773792267 5.01597112814 -0.418216187391 0.367 0.3 0.8
* 263 26.3725428581 -0.868948809169 0.487872654345 5.24 0.2 0.2 -1.12810707092 0.852463245392 5.04011959234 -0.351729802705 0.365 0.3 0.8
* 264 26.473017931 -0.858535827669 0.470797238792 5.26 0.2 0.2 -1.11515331268 0.830931186676 5.06104559103 -0.343951715324 0.367 0.3 0.8
* 265 26.5736060143 -0.847783443153 0.453933483955 5.28 0.2 0.2 -1.1039390564 0.809996604919 5.08090538183 -0.313498252573 0.365 0.3 0.8
* 266 26.6740548611 -0.836695956429 0.437288135111 5.3 0.2 0.2 -1.10109424591 0.79540348053 5.104758207 -0.289351039786 0.363 0.3 0.8
* 267 26.7759208679 -0.825277802345 0.420867850177 5.32 0.2 0.2 -1.08456087112 0.773326873779 5.12916940848 -0.264448190692 0.36 0.3 0.8
* 268 26.8763258457 -0.813533548011 0.404679197048 5.34 0.2 0.2 -1.07394218445 0.754381656647 5.14654869238 -0.243857878375 0.36 0.3 0.8
* 269 26.9767298698 -0.801467890971 0.388728650969 5.36 0.2 0.2 -1.06362104416 0.734840393066 5.16606420675 -0.217168687877 0.362 0.3 0.8
* 270 27.0771369934 -0.789085657327 0.373022591948 5.38 0.2 0.2 -1.05052137375 0.715554714203 5.18313640753 -0.211598004292 0.362 0.3 0.799257215418
* 271 27.177531004 -0.776391799809 0.357567302196 5.4 0.2 0.2 -1.04113054276 0.699585914612 5.20587772528 -0.196120376682 0.361 0.3 0.769213419291
* 272 27.2779300213 -0.763391395788 0.342368963626 5.42 0.2 0.2 -1.02927207947 0.679127693176 5.22934574286 -0.183349774365 0.361 0.3 0.738375040396
* 273 27.3784499168 -0.750089645255 0.327433655368 5.44 0.2 0.2 -1.01703691483 0.661940574646 5.24439567724 -0.169953391019 0.353 0.3 0.728316918781
* 274 27.478938818 -0.736491868731 0.312767351349 5.46 0.2 0.2 -1.00211381912 0.642749786377 5.25878614584 -0.155965013567 0.342 0.3 0.717004942741
* 275 27.5793809891 -0.722603505146 0.298375917892 5.48 0.2 0.2 -0.991812229156 0.621877193451 5.27091831366 -0.152087219789 0.334 0.3 0.734052014327
* 276 27.6802279949 -0.70843010966 0.284265111381 5.5 0.2 0.2 -0.979008674622 0.609212398529 5.28443813721 -0.139954942691 0.327 0.3 0.722459056036
* 277 27.7806718349 -0.693977351442 0.270440575949 5.52 0.2 0.2 -0.963525772095 0.583985328674 5.30201721588 -0.136211538151 0.328 0.3 0.718404336651
* 278 27.8810858727 -0.679251011404 0.256907841226 5.54 0.2 0.2 -0.947049617767 0.561762332916 5.31769466797 -0.12314782998 0.324 0.3 0.713002043939
* 279 27.9821588993 -0.664256979884 0.243672320126 5.56 0.2 0.2 -0.933902740479 0.546408176422 5.33064794937 -0.117196314935 0.324 0.3 0.713368918182
* 280 28.082711935 -0.649001254296 0.230739306681 5.58 0.2 0.2 -0.919497966766 0.527183532715 5.34561920563 -0.109859343778 0.326 0.3 0.714227551536
* 281 28.1837518215 -0.633489936726 0.218113973924 5.6 0.2 0.2 -0.908212661743 0.511808872223 5.36379862229 -0.106092905014 0.328 0.3 0.707964072892
* 282 28.2841928005 -0.617729231494 0.205801371819 5.62 0.2 0.2 -0.890786170959 0.492396354675 5.38471937576 -0.0957127441731 0.327 0.3 0.685572121896
* 283 28.3847680092 -0.601725442672 0.193806425243 5.64 0.2 0.2 -0.8723320961 0.4754114151 5.40017366806 -0.0920421557618 0.326 0.3 0.672946782314
* 284 28.4853439331 -0.585484971563 0.182133932015 5.66 0.2 0.2 -0.857571125031 0.455723762512 5.41417694489 -0.082830307272 0.315 0.3 0.685136778697
* 285 28.585821867 -0.569014314139 0.170788560976 5.68 0.2 0.2 -0.843159198761 0.443322658539 5.42798519531 -0.0795299238015 0.309 0.3 0.681948570014
* 286 28.6866989136 -0.552320058442 0.159774850124 5.7 0.2 0.2 -0.829987049103 0.43364238739 5.44038677612 -0.0713124779767 0.307 0.3 0.680925886133
* 287 28.7872469425 -0.535408881953 0.149097204796 5.72 0.2 0.2 -0.81340265274 0.409224033356 5.45779657761 -0.0680463837102 0.302 0.3 0.695847205116
* 288 28.8883728981 -0.518287548916 0.138759895908 5.74 0.2 0.2 -0.794015407562 0.393309116364 5.47189522186 -0.0603799245458 0.304 0.3 0.691867159821
* 289 28.9890909195 -0.500962907637 0.128767058246 5.76 0.2 0.2 -0.778890609741 0.377160549164 5.48424101273 -0.057583810955 0.305 0.3 0.708072340515
* 290 29.0896499157 -0.483441887741 0.119122688811 5.78 0.2 0.2 -0.765528678894 0.365349769592 5.50291634003 -0.05035124414 0.306 0.3 0.700082923497
* 291 29.1906609535 -0.465731497402 0.109830645223 5.8 0.2 0.2 -0.748962879181 0.351113796234 5.52206278244 -0.0469886373212 0.309 0.3 0.690175809619
* 292 29.291217804 -0.44783882054 0.100894644175 5.82 0.2 0.2 -0.731069564819 0.332894325256 5.53711414734 -0.040252242215 0.306 0.3 0.702325810569
* 293 29.3918378353 -0.429771013988 0.0923182599482 5.84 0.2 0.2 -0.710740089417 0.317073822021 5.55069876114 -0.0374656842448 0.305 0.3 0.707361909856
* 294 29.4923539162 -0.411535304628 0.0841049229823 5.86 0.2 0.2 -0.693497657776 0.30184173584 5.56334114472 -0.0322330224665 0.308 0.3 0.72370957749
* 295 29.5928969383 -0.393138986499 0.0762579185025 5.88 0.2 0.2 -0.678693294525 0.289984703064 5.57872295776 -0.0280306919473 0.31 0.3 0.73012261519
* 296 29.6939120293 -0.374589417884 0.0687803852059 5.9 0.2 0.2 -0.66002702713 0.278759002686 5.59824896256 -0.0231651743447 0.314 0.3 0.714313844661
* 297 29.7953569889 -0.355894018363 0.0616753140061 5.92 0.2 0.2 -0.638860225677 0.264126777649 5.61315060059 -0.0200779843612 0.317 0.3 0.718148460286
* 298 29.8965098858 -0.337060265847 0.054945546837 5.94 0.2 0.2 -0.621529102325 0.250353813171 5.6259679834 -0.0149004181924 0.314 0.3 0.736835419283
* 299 29.9970519543 -0.318095693585 0.0485937755155 5.96 0.2 0.2 -0.602348804474 0.238614082336 5.63916969696 -0.0116151436149 0.315 0.3 0.745318435456
* 300 30.0976088047 -0.299007887153 0.0426225406656 5.98 0.2 0.2 -0.58652973175 0.225710868835 5.65681791702 -0.00679964598664 0.324 0.3 0.754784681163
* 301 30.1982209682 -0.27980448142 0.0370342307017 6.0 0.2 0.2 -0.568486213684 0.215902805328 5.67558622757 -0.00356957283564 0.326 0.3 0.747539924935
* 302 30.299943924 -0.260493157492 0.031831080873 6.02 0.2 0.2 -0.545820236206 0.204322814941 5.69100284973 0.000935693186173 0.329 0.3 0.747014643784
* 303 30.4005019665 -0.241081639641 0.0270151723704 6.04 0.2 0.2 -0.526215553284 0.193182945251 5.70365715424 0.00503883403425 0.33 0.3 0.761667562959
* 304 30.5010309219 -0.221577692215 0.0225884314928 6.06 0.2 0.2 -0.508397102356 0.183397769928 5.71907043854 0.00778681329102 0.331 0.3 0.769784485942
* 305 30.6015329361 -0.201989116533 0.0185526288777 6.08 0.2 0.2 -0.487906455994 0.17391204834 5.73402929703 0.0124417756327 0.336 0.3 0.774233265137
* 306 30.7021160126 -0.182323747764 0.0149093787922 6.1 0.2 0.2 -0.469666004181 0.165096282959 5.75291490952 0.0152026164432 0.34 0.3 0.772039322362
* 307 30.8031828403 -0.162589451793 0.0116601384879 6.12 0.2 0.2 -0.44810295105 0.156806945801 5.76648283402 0.019391174706 0.34 0.3 0.777805566578
* 308 30.9037628174 -0.142794122077 0.00880620761756 6.14 0.2 0.2 -0.429935455322 0.146092891693 5.78118801514 0.0223647758544 0.342 0.3 0.797439430098
* 309 31.0043518543 -0.122945676482 0.00634872771543 6.16 0.2 0.2 -0.411938667297 0.136859893799 5.79696894089 0.0258757468432 0.347 0.3 0.8
* 310 31.1049189568 -0.103052054123 0.00428868174072 6.18 0.2 0.2 -0.391623497009 0.131505012512 5.8165426294 0.0285612496428 0.353 0.3 0.79782549601
* 311 31.2055299282 -0.0831212121821 0.00262689368437 6.2 0.2 0.2 -0.372009754181 0.123075962067 5.83704328934 0.032935145439 0.359 0.3 0.796219402628
* 312 31.3062310219 -0.0631611227317 0.00136402823944 6.22 0.2 0.2 -0.35298204422 0.114448547363 5.8569936792 0.0354562883932 0.36 0.3 0.799701251433
* 313 31.4068138599 -0.043179769541 0.000500590535265 6.24 0.2 0.2 -0.331387042999 0.108603000641 5.8726892511 0.0397505395676 0.361 0.3 0.8
* 314 31.5078020096 -0.0231851448849 3.69259354162e-05 6.26 0.2 0.2 -0.312492370605 0.102313041687 5.89135408798 0.0416837656866 0.361 0.3 0.8
* 315 31.6084239483 -0.0031852463466 -2.67801004475e-05 6.28 0.2 0.2 -0.295505523682 0.095362663269 5.91464662949 0.0455199295508 0.361 0.3 0.8
