### Ensaio do Controlador Klancar com Laser (Círculo) ###

# Parâmetros #

# Número do Ensaio: 13
# Frequência: 10.0 Hz
# Raio: 1.00 m
# Velocidade Linear da Base: 0.20 m/s
# Velocidade Angular da Base: 0.20 rad/s
# Parâmetro ksi: 0.80
# Parâmetro w_n: 1.11
# Parâmetro g: 30.00

* 1 0.0 0.0 0.0 0.0 0.2 0.2 0.0 0.0 0.0 0.0 0.0 0.2 0.2
* 2 0.100430965424 0.0199960001333 0.000399973333867 0.02 0.2 0.2 0.0 0.0 0.0 0.0 0.0 0.235586566755 0.238033531925
* 3 0.200849056244 0.0399800022666 0.0011997600176 0.04 0.2 0.2 -0.0002121925354 0.000874519348145 0.000247348303674 0.0 0.0 0.271451948982 0.272718482312
* 4 0.301331043243 0.0599440130653 0.00239904014719 0.06 0.2 0.2 3.81469726562e-05 0.00123071670532 0.000692254921887 0.021 0.011 0.306383136473 0.312428814043
* 5 0.40194606781 0.0798800471913 0.00399733402657 0.08 0.2 0.2 0.000348091125488 0.000943183898926 0.000287777365884 0.074 0.005 0.341067353636 0.360209614217
* 6 0.502351999283 0.0997801304969 0.00599400235951 0.1 0.2 0.2 0.00616598129272 0.00173854827881 0.00317638926208 0.128 0.007 0.365877380157 0.3962576046
* 7 0.602877140045 0.119636303214 0.00838824650529 0.12 0.2 0.2 0.0316209793091 0.00382232666016 0.00286700553261 0.17 0.008 0.355467779603 0.434575417968
* 8 0.703459978104 0.139440623138 0.0111791087982 0.14 0.2 0.2 0.0607023239136 0.00691080093384 0.00344350654632 0.201 0.01 0.338450298571 0.467283484355
* 9 0.803951025009 0.159185168806 0.0143654729305 0.16 0.2 0.2 0.0894684791565 0.00519561767578 0.0053938459605 0.219 0.016 0.321913919461 0.528221498725
* 10 0.904699087143 0.178862042661 0.017946064399 0.18 0.2 0.2 0.118670463562 0.00665283203125 0.00755929714069 0.23 0.042 0.30442522582 0.572262392065
* 11 1.00514411926 0.198463374218 0.0219194510149 0.2 0.2 0.2 0.146709442139 0.00898742675781 0.00937641132623 0.233 0.09 0.288798421751 0.614308292057
* 12 1.10607194901 0.217981323205 0.0262840434765 0.22 0.2 0.2 0.174151420593 0.008469581604 0.0145677756518 0.229 0.142 0.274339718746 0.669059969714
* 13 1.20704507828 0.237408082702 0.031038096005 0.24 0.2 0.2 0.19909954071 0.011944770813 0.0178887397051 0.223 0.201 0.263938237409 0.706162302814
* 14 1.30790805817 0.256735882265 0.0361797070429 0.26 0.2 0.2 0.223888397217 0.0146803855896 0.0288122054189 0.216 0.264 0.254282050891 0.735168456993
* 15 1.40864300728 0.275956991031 0.0417068200142 0.28 0.2 0.2 0.245391845703 0.016303062439 0.0475728549063 0.208 0.317 0.251170281331 0.757640825649
* 16 1.50946903229 0.295063720813 0.0476172241474 0.3 0.2 0.2 0.26321554184 0.0192461013794 0.0745106637478 0.201 0.363 0.25528584105 0.757280293747
* 17 1.61007714272 0.314048429175 0.0539085553597 0.32 0.2 0.2 0.28590631485 0.0243711471558 0.106290929019 0.196 0.396 0.250890776815 0.739072697933
* 18 1.7107000351 0.332903522486 0.0605782972025 0.34 0.2 0.2 0.304934024811 0.0269751548767 0.129234239459 0.194 0.415 0.252707220916 0.753828255933
* 19 1.81135702133 0.351621458959 0.067623781868 0.36 0.2 0.2 0.324177742004 0.030743598938 0.153207778931 0.192 0.427 0.254089995287 0.761998695941
* 20 1.91192793846 0.370194751671 0.0750421912563 0.38 0.2 0.2 0.345677852631 0.0341095924377 0.172625303268 0.192 0.433 0.25127407155 0.786154169414
* 21 2.01246500015 0.388615971551 0.0828305581025 0.4 0.2 0.2 0.364364624023 0.0391869544983 0.192952752113 0.191 0.444 0.253045754499 0.797992671628
* 22 2.11331391335 0.406877750357 0.0909857671637 0.42 0.2 0.2 0.382101535797 0.0446929931641 0.217736363411 0.189 0.457 0.256841136919 0.799455575673
* 23 2.21388792992 0.424972783621 0.099504556465 0.44 0.2 0.2 0.401279449463 0.0506782531738 0.243455529213 0.189 0.463 0.258088984939 0.800230218785
* 24 2.3144299984 0.442893833572 0.108383518604 0.46 0.2 0.2 0.418393611908 0.0584359169006 0.270549714565 0.189 0.466 0.262269187935 0.787037187935
* 25 2.41529202461 0.460633732027 0.117619102115 0.48 0.2 0.2 0.439828395844 0.0624260902405 0.299030959606 0.19 0.464 0.26112686779 0.802117024546
* 26 2.51609802246 0.478185383265 0.127207612887 0.5 0.2 0.2 0.457886695862 0.0702295303345 0.319036751986 0.191 0.462 0.262916021775 0.808836201628
* 27 2.6166241169 0.495541766859 0.137145215644 0.52 0.2 0.2 0.475690364838 0.0801477432251 0.340125083923 0.191 0.461 0.263994066369 0.803138734069
* 28 2.71750712395 0.512695940486 0.147427935477 0.54 0.2 0.2 0.494936943054 0.0878653526306 0.360969096422 0.191 0.459 0.263885363148 0.815688187767
* 29 2.81805109978 0.529641042706 0.158051659436 0.56 0.2 0.2 0.512328147888 0.0952482223511 0.382001966238 0.192 0.459 0.267175196993 0.828072534861
* 30 2.91859698296 0.546370295705 0.169012138171 0.58 0.2 0.2 0.528996944427 0.105959415436 0.410420536995 0.191 0.461 0.270337499806 0.807444179703
* 31 3.01912903786 0.562877008003 0.180304987639 0.6 0.2 0.2 0.547989845276 0.113537788391 0.436474323273 0.192 0.457 0.27165858296 0.816635911622
* 32 3.1196269989 0.579154577136 0.19192569085 0.62 0.2 0.2 0.565073490143 0.122414588928 0.459185093641 0.193 0.449 0.274799836849 0.822939853946
* 33 3.22143411636 0.595196492294 0.203869599677 0.64 0.2 0.2 0.583070278168 0.135089874268 0.481228977442 0.193 0.442 0.27335750197 0.815011924494
* 34 3.32201504707 0.610996336924 0.216131936717 0.66 0.2 0.2 0.599722385406 0.143926143646 0.498681604862 0.193 0.434 0.276571842642 0.835539444371
* 35 3.42277097702 0.626547791299 0.228707797197 0.68 0.2 0.2 0.615342617035 0.155314445496 0.516040086746 0.193 0.432 0.279206154663 0.841966785296
* 36 3.52337098122 0.641844635044 0.241592150942 0.7 0.2 0.2 0.632985591888 0.166348934174 0.535025537014 0.193 0.43 0.279214874106 0.855201464771
* 37 3.62383294106 0.656880749627 0.254779844381 0.72 0.2 0.2 0.648292541504 0.178217411041 0.556798100471 0.193 0.428 0.282421373463 0.853529402521
* 38 3.72427296638 0.671650120802 0.268265602614 0.74 0.2 0.2 0.663284301758 0.190933227539 0.582477211952 0.192 0.425 0.285764241584 0.840526751072
* 39 3.82472991943 0.686146841017 0.282044031516 0.76 0.2 0.2 0.68138885498 0.204198360443 0.602403521538 0.193 0.42 0.283095310812 0.84946910344
* 40 3.9256401062 0.700365111777 0.2961096199 0.78 0.2 0.2 0.697283744812 0.214525699615 0.620019316673 0.194 0.417 0.286373927818 0.872683409884
* 41 4.02613210678 0.714299245964 0.310456741718 0.8 0.2 0.2 0.712625980377 0.230214118958 0.637832343578 0.194 0.417 0.284901505086 0.869749433145
* 42 4.12663197517 0.72794367011 0.325079658313 0.82 0.2 0.2 0.72717666626 0.244734287262 0.656874001026 0.194 0.42 0.285840876446 0.86958427269
* 43 4.22714209557 0.741292926626 0.339972520712 0.84 0.2 0.2 0.740437984467 0.256070137024 0.682823777199 0.193 0.42 0.293040967501 0.867347534871
* 44 4.32767796516 0.75434167599 0.35512937197 0.86 0.2 0.2 0.755886077881 0.27109003067 0.710798919201 0.194 0.421 0.29338352733 0.854005725456
* 45 4.42811799049 0.767084698874 0.370544149548 0.88 0.2 0.2 0.770244598389 0.285937309265 0.731776118279 0.196 0.413 0.294343456204 0.854435969682
* 46 4.52861905098 0.779516898239 0.38621068774 0.9 0.2 0.2 0.785169124603 0.302622795105 0.752223074436 0.197 0.411 0.292223573313 0.852664733851
* 47 4.6291410923 0.791633301372 0.402122720141 0.92 0.2 0.2 0.801910400391 0.318320274353 0.772925376892 0.198 0.405 0.28898555986 0.86504592831
* 48 4.72959399223 0.803429061873 0.418273882149 0.94 0.2 0.2 0.814891815186 0.332188606262 0.794379591942 0.199 0.406 0.292995713412 0.870450732316
* 49 4.83035492897 0.814899461594 0.434657713515 0.96 0.2 0.2 0.825184345245 0.349952697754 0.824026763439 0.199 0.414 0.29646320516 0.832775313266
* 50 4.93090200424 0.826039912529 0.451267660925 0.98 0.2 0.2 0.838554382324 0.364506721497 0.855289936066 0.199 0.414 0.300491488369 0.820357517201
* 51 5.03136491776 0.836845958647 0.468097080621 1.0 0.2 0.2 0.849956989288 0.380451202393 0.882644593716 0.202 0.404 0.304407559236 0.803842719015
* 52 5.13258004189 0.847313277672 0.48513924106 1.02 0.2 0.2 0.865432739258 0.403202056885 0.90631377697 0.206 0.389 0.293727065272 0.791299046746
* 53 5.23306894302 0.857437682816 0.502387325605 1.04 0.2 0.2 0.877384662628 0.419686794281 0.921172916889 0.207 0.377 0.29442601782 0.807163100107
* 54 5.33371210098 0.867215124454 0.519834435252 1.06 0.2 0.2 0.887534141541 0.440178871155 0.941893458366 0.208 0.38 0.292078356515 0.790165381527
* 55 5.43427205086 0.876641691737 0.53747359139 1.08 0.2 0.2 0.899395465851 0.458117008209 0.964818120003 0.208 0.38 0.291798068288 0.788624983985
* 56 5.53489804268 0.885713614166 0.555297738591 1.1 0.2 0.2 0.910486698151 0.475789070129 0.984961092472 0.207 0.379 0.292312211035 0.792576095499
* 57 5.63558292389 0.894427263091 0.573299747435 1.12 0.2 0.2 0.919822692871 0.497047424316 1.00327658653 0.208 0.381 0.288877247002 0.782383550905
* 58 5.73621797562 0.90277915317 0.591472417357 1.14 0.2 0.2 0.930146694183 0.516344547272 1.02101910114 0.207 0.381 0.287238429899 0.787519204014
* 59 5.83680891991 0.910765943758 0.609808479532 1.16 0.2 0.2 0.938554286957 0.534249305725 1.04207932949 0.207 0.382 0.289877487629 0.782745383319
* 60 5.93741798401 0.918384440246 0.62830059978 1.18 0.2 0.2 0.949259757996 0.555623531342 1.06870889664 0.207 0.385 0.28579499257 0.770531558532
* 61 6.03795909882 0.925631595335 0.6469413815 1.2 0.2 0.2 0.958000183105 0.575779914856 1.09155583382 0.206 0.381 0.284737025346 0.762423607221
* 62 6.13850092888 0.932504510262 0.665723368626 1.22 0.2 0.2 0.964637756348 0.594779968262 1.11377584934 0.206 0.377 0.287035674941 0.750104505195
* 63 6.23911905289 0.93900043595 0.684639048615 1.24 0.2 0.2 0.972633361816 0.617329597473 1.13224983215 0.206 0.376 0.281971020441 0.7461654608
* 64 6.33979511261 0.945116774118 0.703680855447 1.26 0.2 0.2 0.979774475098 0.636133670807 1.15013897419 0.205 0.366 0.283434316926 0.751056946287
* 65 6.44031214714 0.950851078311 0.722841172653 1.28 0.2 0.2 0.984459400177 0.656824588776 1.17144382 0.206 0.372 0.283905781978 0.73320771954
* 66 6.54098010063 0.956201054883 0.742112336361 1.3 0.2 0.2 0.99115228653 0.67742395401 1.19981396198 0.206 0.372 0.283835285736 0.714650583539
* 67 6.64145612717 0.961164563916 0.761486638363 1.32 0.2 0.2 0.998749256134 0.698867797852 1.22064197063 0.207 0.367 0.28083918016 0.717734592648
* 68 6.74186301231 0.965739620072 0.780956329197 1.34 0.2 0.2 1.00256490707 0.722265720367 1.23744499683 0.208 0.362 0.276292253787 0.706734757137
* 69 6.84223604202 0.96992439339 0.800513621246 1.36 0.2 0.2 1.00791597366 0.741798400879 1.25524234772 0.207 0.361 0.277343509663 0.712670677344
* 70 6.94265508652 0.973717210016 0.820150691854 1.38 0.2 0.2 1.01232290268 0.761610984802 1.27478075027 0.207 0.363 0.278592017845 0.711487265998
* 71 7.04309296608 0.977116552874 0.839859686453 1.4 0.2 0.2 1.01613855362 0.784176826477 1.29807782173 0.206 0.365 0.27577826164 0.697061406608
* 72 7.14351606369 0.980121062272 0.85963272171 1.42 0.2 0.2 1.02006149292 0.804141044617 1.3177895546 0.207 0.364 0.276864501378 0.697462908986
* 73 7.24395704269 0.982729536447 0.879461888674 1.44 0.2 0.2 1.02285909653 0.826979637146 1.33485221863 0.207 0.365 0.273098041174 0.695056418631
* 74 7.34438514709 0.984940932044 0.899339255942 1.46 0.2 0.2 1.02413988113 0.850253105164 1.3519910574 0.207 0.365 0.269045654039 0.685952832953
* 75 7.44482707977 0.986754364533 0.919256872833 1.48 0.2 0.2 1.02734613419 0.870720386505 1.3710539341 0.207 0.368 0.269221755089 0.690598545652
* 76 7.54524993896 0.988169108566 0.939206772565 1.5 0.2 0.2 1.02854537964 0.888602256775 1.39516592026 0.207 0.376 0.275106677632 0.6783645642
* 77 7.64568901062 0.989184598265 0.959180975445 1.52 0.2 0.2 1.03201198578 0.913164615631 1.42219352722 0.206 0.376 0.268829774793 0.669270703853
* 78 7.74614906311 0.989800427446 0.979171492057 1.54 0.2 0.2 1.03318309784 0.932383060455 1.43843865395 0.208 0.371 0.27140187526 0.676018083356
* 79 7.84662699699 0.990016349788 0.999170326461 1.56 0.2 0.2 1.03393411636 0.955414295197 1.45544195175 0.208 0.374 0.267342890846 0.678262391957
* 80 7.9470410347 0.989832278922 1.01916947939 1.58 0.2 0.2 1.03523874283 0.977651119232 1.47548031807 0.208 0.375 0.264846014833 0.681131504335
* 81 8.04748392105 0.989248288476 1.03916095145 1.6 0.2 0.2 1.03319215775 0.996347904205 1.49800658226 0.208 0.379 0.269344017128 0.66336673316
* 82 8.14793109894 0.988264612038 1.05913674632 1.62 0.2 0.2 1.03422546387 1.01912689209 1.52919089794 0.207 0.384 0.266993197785 0.64730452903
* 83 8.2483561039 0.986881643065 1.07908887395 1.64 0.2 0.2 1.03367376328 1.0404791832 1.55027592182 0.208 0.379 0.266260665868 0.645307005989
* 84 8.34876894951 0.985099934726 1.09900935375 1.66 0.2 0.2 1.03029632568 1.06546783447 1.56933522224 0.208 0.372 0.258821240723 0.633008140116
* 85 8.44918608665 0.982920199681 1.11889021779 1.68 0.2 0.2 1.02917337418 1.08684015274 1.58646059036 0.209 0.371 0.257512594088 0.641130604823
* 86 8.54960393906 0.980343309795 1.138723514 1.7 0.2 0.2 1.0271897316 1.10646295547 1.60348331928 0.207 0.374 0.259244364865 0.646564792591
* 87 8.65027403831 0.97737029579 1.15850130932 1.72 0.2 0.2 1.02382707596 1.12901067734 1.63250756264 0.207 0.38 0.256782662459 0.623181525846
* 88 8.75067305565 0.974002346831 1.1782156929 1.74 0.2 0.2 1.02179574966 1.151283741 1.65458190441 0.206 0.379 0.254212964952 0.62441935877
* 89 8.8510761261 0.970240810053 1.19785877924 1.76 0.2 0.2 1.01637506485 1.17164993286 1.67086029053 0.206 0.378 0.253879459662 0.618530612919
* 90 8.95151400566 0.966087190021 1.21742271138 1.78 0.2 0.2 1.01169109344 1.1941113472 1.69043266773 0.205 0.381 0.25013241974 0.614554895671
* 91 9.05209302902 0.961543148127 1.23689966399 1.8 0.2 0.2 1.00689315796 1.21372509003 1.70736348629 0.205 0.38 0.251048079583 0.61568529408
* 92 9.15250396729 0.956610501928 1.25628184657 1.82 0.2 0.2 1.00417709351 1.23362207413 1.72854268551 0.204 0.382 0.252348850735 0.623445923642
* 93 9.25290393829 0.951291224416 1.27556150649 1.84 0.2 0.2 0.996288299561 1.25700044632 1.75206291676 0.204 0.383 0.246208145543 0.602158611963
* 94 9.35329914093 0.945587443231 1.29473093215 1.86 0.2 0.2 0.990515708923 1.27687740326 1.77207434177 0.203 0.383 0.246397924597 0.599367432455
* 95 9.45369005203 0.93950143981 1.31378245604 1.88 0.2 0.2 0.983549594879 1.29864120483 1.79185414314 0.202 0.386 0.24275166262 0.594986464016
* 96 9.55409407616 0.933035648472 1.33270845779 1.9 0.2 0.2 0.97752904892 1.31844186783 1.81018400192 0.202 0.384 0.242683858059 0.599075045764
* 97 9.65454411507 0.926192655449 1.35150136727 1.92 0.2 0.2 0.972568511963 1.33720254898 1.82846128941 0.201 0.387 0.244852935728 0.610300357621
* 98 9.75498604774 0.918975197846 1.37015366755 1.94 0.2 0.2 0.963976383209 1.35696649551 1.85391712189 0.201 0.39 0.24421740839 0.590526910409
* 99 9.85540294647 0.911386162551 1.38865789796 1.96 0.2 0.2 0.957892417908 1.37829208374 1.87507236004 0.201 0.389 0.24172431291 0.598900215411
* 100 9.95583200455 0.903428585075 1.40700665707 1.98 0.2 0.2 0.949886798859 1.39846944809 1.89728713036 0.201 0.39 0.240270679217 0.594963837376
* 101 10.0562930107 0.895105648344 1.42519260561 2.0 0.2 0.2 0.939039707184 1.42005586624 1.91960310936 0.201 0.393 0.234708035345 0.580438609117
* 102 10.1567270756 0.886420681422 1.44320846944 2.02 0.2 0.2 0.93143081665 1.43658971786 1.93822062016 0.2 0.395 0.239143694599 0.583475601017
* 103 10.257183075 0.877377158179 1.46104704246 2.04 0.2 0.2 0.922969818115 1.45320510864 1.958948493 0.199 0.396 0.24302039392 0.579806325806
* 104 10.3576390743 0.867978695904 1.47870118947 2.06 0.2 0.2 0.912571430206 1.47341394424 1.97874498367 0.199 0.393 0.239507322118 0.577785059548
* 105 10.4581069946 0.858229053857 1.49616384906 2.08 0.2 0.2 0.903143405914 1.49119615555 1.99710035324 0.2 0.389 0.240462144762 0.580743105292
* 106 10.5585401058 0.848132131765 1.5134280364 2.1 0.2 0.2 0.892017841339 1.51085042953 2.01690864563 0.201 0.393 0.237189197441 0.578913789359
* 107 10.6593160629 0.837691968262 1.53048684603 2.12 0.2 0.2 0.880282402039 1.52806758881 2.03468751907 0.201 0.395 0.237079762278 0.574041630811
* 108 10.7597560883 0.826912739274 1.54733345466 2.14 0.2 0.2 0.871735095978 1.54649209976 2.05287218094 0.2 0.395 0.237593871783 0.591178788741
* 109 10.8603639603 0.815798756349 1.56396112387 2.16 0.2 0.2 0.859315395355 1.56488656998 2.07252454758 0.201 0.399 0.235078455716 0.587444162704
* 110 10.9610419273 0.804354464932 1.58036320283 2.18 0.2 0.2 0.849575042725 1.58190393448 2.09138298035 0.201 0.404 0.236907819488 0.597866216207
* 111 11.0614919662 0.792584442587 1.5965331309 2.2 0.2 0.2 0.838566303253 1.5983877182 2.11568284035 0.2 0.412 0.23892724108 0.591932507983
* 112 11.1619310379 0.780493397166 1.61246444035 2.22 0.2 0.2 0.823936462402 1.61574268341 2.14009356499 0.2 0.412 0.236164958886 0.572518044273
* 113 11.2628359795 0.768086164926 1.62815075885 2.24 0.2 0.2 0.812843322754 1.63073062897 2.16121315956 0.2 0.407 0.239954809985 0.572071657413
* 114 11.3632850647 0.755367708594 1.64358581209 2.26 0.2 0.2 0.799298286438 1.64549446106 2.1809463501 0.2 0.406 0.241436574862 0.563433506352
* 115 11.4637041092 0.742343115383 1.65876342625 2.28 0.2 0.2 0.785792350769 1.66218090057 2.20050024986 0.203 0.404 0.240036125313 0.5644134255
* 116 11.5641639233 0.729017594958 1.6736775305 2.3 0.2 0.2 0.77520275116 1.67806339264 2.22514867783 0.203 0.4 0.243323698835 0.569249593921
* 117 11.6646690369 0.715396477348 1.68832215938 2.32 0.2 0.2 0.757546901703 1.6938533783 2.24956488609 0.204 0.395 0.238983209877 0.543175113928
* 118 11.7652659416 0.701485210818 1.70269145524 2.34 0.2 0.2 0.74488067627 1.71009540558 2.26943182945 0.204 0.391 0.239129478014 0.55367515589
* 119 11.8657920361 0.687289359691 1.71677967055 2.36 0.2 0.2 0.729203701019 1.7227602005 2.28920531273 0.204 0.384 0.240629278906 0.539083915279
* 120 11.9664881229 0.672814602117 1.73058117023 2.38 0.2 0.2 0.713425636292 1.73737716675 2.30768942833 0.204 0.382 0.239132974996 0.536685123748
* 121 12.0671200752 0.658066727806 1.74409043384 2.4 0.2 0.2 0.698495388031 1.75342655182 2.32507133484 0.204 0.374 0.236640555767 0.54863600421
* 122 12.1676170826 0.643051635712 1.75730205786 2.42 0.2 0.2 0.683619022369 1.76663684845 2.34687757492 0.204 0.372 0.238226219673 0.543223471287
* 123 12.2682750225 0.62777533167 1.77021075783 2.44 0.2 0.2 0.663076877594 1.78071498871 2.36810779572 0.203 0.376 0.231409314238 0.521159571898
* 124 12.3688950539 0.612243926 1.78281137043 2.46 0.2 0.2 0.649701118469 1.79308795929 2.38790512085 0.203 0.376 0.235613150588 0.527209626012
* 125 12.4694719315 0.596463631055 1.79509885559 2.48 0.2 0.2 0.631607055664 1.80484867096 2.40423083305 0.202 0.372 0.234097003016 0.520069685878
* 126 12.5702970028 0.580440758744 1.80706829847 2.5 0.2 0.2 0.616414070129 1.81819534302 2.42284846306 0.203 0.374 0.234590153005 0.529824812487
* 127 12.6709530354 0.564181718002 1.81871491146 2.52 0.2 0.2 0.600138664246 1.8287820816 2.44607377052 0.203 0.372 0.237143555935 0.516329700707
* 128 12.7718250751 0.547693012228 1.83003403607 2.54 0.2 0.2 0.581706047058 1.84132766724 2.47360444069 0.203 0.375 0.234671389542 0.497901293227
* 129 12.8723919392 0.530981236686 1.8410211448 2.56 0.2 0.2 0.562844276428 1.8523015976 2.49219870567 0.205 0.371 0.232601411452 0.490312662695
* 130 12.9730060101 0.514053075862 1.85167184295 2.58 0.2 0.2 0.546401023865 1.86229038239 2.51110100746 0.204 0.365 0.234925031785 0.488641079382
* 131 13.0735549927 0.496915300794 1.86198187038 2.6 0.2 0.2 0.52729177475 1.87264442444 2.52708959579 0.205 0.36 0.232736045164 0.487256829754
* 132 13.1740911007 0.479574766365 1.87194710323 2.62 0.2 0.2 0.509313106537 1.88339138031 2.54668426514 0.206 0.361 0.231917067157 0.487492468957
* 133 13.2746369839 0.462038408557 1.88156355553 2.64 0.2 0.2 0.490588188171 1.89352416992 2.57023882866 0.207 0.363 0.230777200733 0.477291253882
* 134 13.37509799 0.44431324168 1.89082738083 2.66 0.2 0.2 0.47119140625 1.90159702301 2.59087443352 0.206 0.362 0.230289289138 0.462615952716
* 135 13.4756550789 0.426406355563 1.89973487372 2.68 0.2 0.2 0.452496528625 1.91201400757 2.6057946682 0.207 0.364 0.228250722418 0.475479106903
* 136 13.5762400627 0.408324912723 1.90828247132 2.7 0.2 0.2 0.432101249695 1.92116260529 2.62287712097 0.208 0.363 0.224818022399 0.47524853691
* 137 13.6775829792 0.390076145495 1.91646675472 2.72 0.2 0.2 0.415166378021 1.92905044556 2.63767790794 0.207 0.37 0.227643215166 0.485479179169
* 138 13.7786269188 0.371667353143 1.9242844503 2.74 0.2 0.2 0.394436836243 1.93602085114 2.65766119957 0.206 0.372 0.225503223199 0.472596973406
* 139 13.8792769909 0.353105898939 1.93173243108 2.76 0.2 0.2 0.374726772308 1.94315910339 2.6833717823 0.207 0.377 0.224955077611 0.455399135667
* 140 13.9798269272 0.334399207216 1.93880771799 2.78 0.2 0.2 0.35781621933 1.95383548737 2.69970870018 0.207 0.378 0.225619896594 0.484644427686
* 141 14.0802540779 0.315554760403 1.94550748099 2.8 0.2 0.2 0.339561462402 1.96064758301 2.71719837189 0.207 0.375 0.227185324112 0.48961964956
* 142 14.1809489727 0.296580096026 1.95182904028 2.82 0.2 0.2 0.313697814941 1.97005939484 2.73578453064 0.206 0.378 0.214490462348 0.491088404151
* 143 14.2822890282 0.277482803699 1.9577698673 2.84 0.2 0.2 0.30011510849 1.97158718109 2.75642943382 0.205 0.38 0.227422131676 0.476745650294
* 144 14.3833601475 0.258270522083 1.96332758582 2.86 0.2 0.2 0.280090332031 1.97844409943 2.77996516228 0.203 0.391 0.2261926276 0.473748398285
* 145 14.4846129417 0.238950935835 1.96849997281 2.88 0.2 0.2 0.259081840515 1.98690605164 2.80376720428 0.203 0.38 0.222389713758 0.480049806372
* 146 14.5853769779 0.219531772532 1.9732849594 2.9 0.2 0.2 0.237679958344 1.98989391327 2.82098340988 0.203 0.378 0.220736924459 0.469674209396
* 147 14.6859359741 0.20002079958 1.97768063164 2.92 0.2 0.2 0.219818115234 1.99418449402 2.8356962204 0.202 0.379 0.224069671956 0.480400549927
* 148 14.7865390778 0.180425821109 1.98168523134 2.94 0.2 0.2 0.196129798889 1.99864673615 2.85528564453 0.202 0.378 0.217588869168 0.475170518873
* 149 14.8876800537 0.160754674848 1.9852971567 2.96 0.2 0.2 0.178544521332 2.00288963318 2.8757121563 0.202 0.379 0.221636146153 0.480066819922
* 150 14.9887430668 0.141015228994 1.98851496299 2.98 0.2 0.2 0.160906791687 2.00567340851 2.90131783485 0.201 0.382 0.226528656503 0.468581489338
* 151 15.0896799564 0.121215379062 1.99133736316 3.0 0.2 0.2 0.137230873108 2.00845813751 2.92113828659 0.201 0.379 0.220552014084 0.461758162335
* 152 15.1906490326 0.101363044728 1.99376322826 3.02 0.2 0.2 0.11675786972 2.01265048981 2.93826532364 0.203 0.374 0.219400860746 0.475266521631
* 153 15.2912049294 0.0814661666609 1.99579158798 3.04 0.2 0.2 0.095703125 2.01445102692 2.95448970795 0.202 0.373 0.218008259223 0.478244624334
* 154 15.3918371201 0.0615327033466 1.99742163102 3.06 0.2 0.2 0.0753617286682 2.0139093399 2.97677063942 0.201 0.38 0.218792828848 0.459488162319
* 155 15.4924030304 0.0415706279047 1.99865270537 3.08 0.2 0.2 0.0574388504028 2.01764202118 3.00257396698 0.201 0.384 0.222711950905 0.463978748258
* 156 15.5933151245 0.0215879248992 1.99948431862 3.1 0.2 0.2 0.0344595909119 2.01715373993 3.02938914299 0.201 0.378 0.21876574843 0.43980345528
* 157 15.6940200329 0.00159258714498 1.99991613813 3.12 0.2 0.2 0.0144944190979 2.02024555206 3.04692029953 0.202 0.377 0.218926261303 0.4589529777
* 158 15.7945590019 -0.0184073874896 1.99994799119 3.14 0.2 0.2 -0.00725650787354 2.01877880096 3.06698465347 0.203 0.376 0.216778375586 0.447747905197
* 159 15.8951780796 -0.0384039992812 1.99957986505 3.16 0.2 0.2 -0.0244498252869 2.01752090454 3.08457970619 0.203 0.377 0.222431541412 0.446617335254
* 160 15.9959759712 -0.0583892498519 1.99881190696 3.18 0.2 0.2 -0.0451555252075 2.01718616486 3.10859513283 0.203 0.378 0.221975790961 0.440026090248
* 161 16.096460104 -0.0783551453678 1.99764442409 3.2 0.2 0.2 -0.067458152771 2.01584434509 3.13973259926 0.204 0.375 0.218991549181 0.416698450577
* 162 16.1969230175 -0.0982936997369 1.99607788342 3.22 0.2 0.2 -0.0885629653931 2.01509284973 3.15969926516 0.205 0.369 0.217584144341 0.420450900643
* 163 16.2974920273 -0.118196937803 1.99411291155 3.24 0.2 0.2 -0.111084938049 2.00842666626 3.18053967157 0.205 0.367 0.213301281313 0.390095424459
* 164 16.3980081081 -0.138056898537 1.99175029443 3.26 0.2 0.2 -0.130912780762 2.01094532013 3.19385153452 0.206 0.366 0.214060198597 0.430629585546
* 165 16.4985361099 -0.157865638219 1.98899097708 3.28 0.2 0.2 -0.149998664856 2.0056810379 3.21780878702 0.206 0.363 0.215853326503 0.407060719427
* 166 16.5991771221 -0.177615233617 1.9858360632 3.3 0.2 0.2 -0.172009944916 2.00115299225 3.24258000055 0.206 0.373 0.212357615845 0.390347065019
* 167 16.699753046 -0.197297785157 1.9822868147 3.32 0.2 0.2 -0.188956260681 1.99951553345 3.2691505591 0.206 0.369 0.218387635027 0.386763265664
* 168 16.8005430698 -0.21690542008 1.97834465124 3.34 0.2 0.2 -0.215740680695 1.99336242676 3.28801209131 0.206 0.365 0.20568653232 0.380748960287
* 169 16.9015469551 -0.236430295593 1.97401114964 3.36 0.2 0.2 -0.232286930084 1.98958396912 3.30203181902 0.207 0.362 0.211383874438 0.39154648305
* 170 17.0030751228 -0.255864602008 1.96928804322 3.38 0.2 0.2 -0.257124900818 1.98396492004 3.3231604735 0.206 0.365 0.202190345256 0.38924924778
* 171 17.1047239304 -0.275200565859 1.96417722118 3.4 0.2 0.2 -0.272356987 1.97779178619 3.34788138071 0.205 0.368 0.209655871298 0.369319701287
* 172 17.2051780224 -0.29443045302 1.95868072778 3.42 0.2 0.2 -0.29963684082 1.9780626297 3.36923152605 0.204 0.373 0.19849868586 0.410794530807
* 173 17.3056020737 -0.313546571793 1.95280076153 3.44 0.2 0.2 -0.316254615784 1.96839904785 3.38986093203 0.203 0.369 0.20190073214 0.384044822506
* 174 17.406288147 -0.332541275984 1.94653967435 3.46 0.2 0.2 -0.331323623657 1.96499824524 3.39927250544 0.201 0.38 0.21011011201 0.413430258104
* 175 17.5079219341 -0.351406967965 1.93989997058 3.48 0.2 0.2 -0.353592395782 1.95573329926 3.42251474062 0.201 0.378 0.2037495143 0.397331944275
* 176 17.6094629765 -0.37013610171 1.93288430603 3.5 0.2 0.2 -0.37050151825 1.94181537628 3.44682628313 0.201 0.377 0.20387827522 0.346507157388
* 177 17.7100191116 -0.388721185817 1.92549548686 3.52 0.2 0.2 -0.392365932465 1.93685340881 3.47305924097 0.2 0.376 0.200224870862 0.355188284667
* 178 17.8105540276 -0.407154786499 1.9177364685 3.54 0.2 0.2 -0.412975311279 1.9272108078 3.49166590372 0.201 0.364 0.195814447703 0.351491775835
* 179 17.9110031128 -0.425429530562 1.90961035445 3.56 0.2 0.2 -0.431092262268 1.92117977142 3.51037484804 0.199 0.358 0.19777349836 0.36541359451
* 180 18.0114820004 -0.443538108352 1.90112039507 3.58 0.2 0.2 -0.450214862823 1.91105747223 3.52784759203 0.198 0.357 0.195378377858 0.3632406818
* 181 18.1122400761 -0.461473276678 1.8922699862 3.6 0.2 0.2 -0.46772480011 1.90237045288 3.54731113115 0.198 0.361 0.196591005193 0.364362024793
* 182 18.2131080627 -0.479227861714 1.8830626679 3.62 0.2 0.2 -0.483797073364 1.89392662048 3.5720735232 0.196 0.36 0.200449656065 0.356067163957
* 183 18.3137121201 -0.496794761861 1.87350212298 3.64 0.2 0.2 -0.500819683075 1.88228988647 3.60052663485 0.197 0.362 0.200351043398 0.328297860581
* 184 18.4142289162 -0.514166950594 1.86359217552 3.66 0.2 0.2 -0.517842769623 1.87191104889 3.62576085726 0.197 0.357 0.200985421445 0.315445639305
* 185 18.5146949291 -0.531337479269 1.85333678937 3.68 0.2 0.2 -0.53429889679 1.86169910431 3.64473158518 0.198 0.344 0.202437161848 0.315360778808
* 186 18.6152169704 -0.548299479903 1.84274006656 3.7 0.2 0.2 -0.55264377594 1.85012531281 3.65827852884 0.199 0.334 0.199596342682 0.325738138669
* 187 18.7157731056 -0.565046167923 1.83180624561 3.72 0.2 0.2 -0.571622371674 1.84515666962 3.67591840426 0.199 0.327 0.201835564007 0.367570746403
* 188 18.8172469139 -0.581570844875 1.82053969993 3.74 0.2 0.2 -0.586922168732 1.83896923065 3.69796854654 0.199 0.328 0.20906790148 0.385742727098
* 189 18.9178540707 -0.597866901111 1.80894493598 3.76 0.2 0.2 -0.604057312012 1.81603336334 3.71609384218 0.199 0.34 0.197411499303 0.334113594603
* 190 19.0183429718 -0.613927818425 1.7970265915 3.78 0.2 0.2 -0.621530056 1.80175113678 3.73493391672 0.2 0.343 0.193273860991 0.329299650919
* 191 19.118899107 -0.629747172663 1.78478943368 3.8 0.2 0.2 -0.637153148651 1.78771305084 3.75106531778 0.198 0.339 0.191923048218 0.327006134697
* 192 19.219481945 -0.645318636295 1.77223835722 3.82 0.2 0.2 -0.652051925659 1.77281284332 3.76406866709 0.196 0.336 0.19053754747 0.326007405613
* 193 19.3201770782 -0.660635980944 1.75937838238 3.84 0.2 0.2 -0.665974617004 1.75942611694 3.78388649622 0.194 0.332 0.192119859766 0.31939403759
* 194 19.4208109379 -0.675693079875 1.74621465298 3.86 0.2 0.2 -0.684046268463 1.75770282745 3.80669123331 0.193 0.33 0.200637047788 0.380146994837
* 195 19.5228290558 -0.69048391045 1.73275243433 3.88 0.2 0.2 -0.696961402893 1.73333930969 3.82356959978 0.193 0.329 0.191381249281 0.327772530393
* 196 19.62332201 -0.705002556534 1.71899711115 3.9 0.2 0.2 -0.710980415344 1.72562885284 3.83737212816 0.193 0.338 0.199006599833 0.365114714199
* 197 19.7239251137 -0.719243210862 1.70495418537 3.92 0.2 0.2 -0.722306728363 1.70623207092 3.8518593947 0.193 0.337 0.196882055632 0.339203474401
* 198 19.8243160248 -0.733200177363 1.69062927399 3.94 0.2 0.2 -0.732518672943 1.68495368958 3.86745816866 0.195 0.345 0.193669907875 0.301062961808
* 199 19.9247479439 -0.746867873434 1.67602810677 3.96 0.2 0.2 -0.748931884766 1.67666244507 3.89074641863 0.195 0.339 0.19759742207 0.334608852939
* 200 20.0261271 -0.760240832181 1.661156524 3.98 0.2 0.2 -0.760058403015 1.6579990387 3.90852076212 0.195 0.327 0.195819543369 0.312952699492
* 201 20.1264960766 -0.773313704599 1.64602047409 4.0 0.2 0.2 -0.775656700134 1.64080142975 3.92366081873 0.195 0.328 0.189902664654 0.323703533127
* 202 20.2269029617 -0.786081261711 1.63062601127 4.02 0.2 0.2 -0.787732124329 1.62697696686 3.93721324602 0.194 0.322 0.192612600585 0.339252613325
* 203 20.327422142 -0.798538396667 1.61497929313 4.04 0.2 0.2 -0.80077123642 1.61222553253 3.95327717463 0.193 0.324 0.192950982702 0.352859465069
* 204 20.427947998 -0.810680126778 1.59908657813 4.06 0.2 0.2 -0.814324378967 1.5986738205 3.97195798555 0.193 0.332 0.194302346533 0.371333045995
* 205 20.5284650326 -0.822501595514 1.58295422316 4.08 0.2 0.2 -0.825013160706 1.58527898788 3.99380928675 0.192 0.341 0.19942958469 0.374090604055
* 206 20.6289761066 -0.833998074444 1.56658868094 4.1 0.2 0.2 -0.831309318542 1.56332302094 4.01146322886 0.193 0.351 0.197859493406 0.332778740377
* 207 20.7295351028 -0.845164965132 1.54999649747 4.12 0.2 0.2 -0.847083568573 1.55109262466 4.02998549143 0.195 0.353 0.198550078298 0.373458864272
* 208 20.830160141 -0.855997800968 1.5331843094 4.14 0.2 0.2 -0.857733249664 1.52886199951 4.04527098337 0.195 0.345 0.19114024012 0.360911612509
* 209 20.9306910038 -0.866492248964 1.51615884138 4.16 0.2 0.2 -0.866735935211 1.51945400238 4.06357294718 0.195 0.353 0.203486518663 0.384914086129
* 210 21.0313310623 -0.876644111481 1.49892690337 4.18 0.2 0.2 -0.877460956573 1.4986615181 4.08479983011 0.194 0.357 0.1978570643 0.372648828265
* 211 21.1318480968 -0.886449327908 1.48149538792 4.2 0.2 0.2 -0.885300159454 1.48366069794 4.10707241694 0.195 0.358 0.203474551564 0.367290383928
* 212 21.2326130867 -0.895903976289 1.46387126741 4.22 0.2 0.2 -0.894032478333 1.46066522598 4.1293788592 0.197 0.361 0.196246512007 0.341493916988
* 213 21.333163023 -0.905004274892 1.44606159124 4.24 0.2 0.2 -0.904344081879 1.44044017792 4.14566141764 0.197 0.359 0.191292411591 0.346631771808
* 214 21.4340469837 -0.913746583718 1.42807348304 4.26 0.2 0.2 -0.916019916534 1.42763137817 4.16534287134 0.196 0.351 0.196325068694 0.378918779387
* 215 21.5345599651 -0.922127405961 1.40991413783 4.28 0.2 0.2 -0.926968097687 1.40943002701 4.18443590799 0.194 0.351 0.193997580184 0.393891299077
* 216 21.634937048 -0.930143389402 1.3915908191 4.3 0.2 0.2 -0.935598373413 1.39238595963 4.20154863993 0.194 0.363 0.195515591359 0.40629319389
* 217 21.7355120182 -0.937791327756 1.37311085592 4.32 0.2 0.2 -0.941053390503 1.37428712845 4.22375303904 0.194 0.373 0.198196592375 0.392076635784
* 218 21.8360369205 -0.94506816195 1.35448164005 4.34 0.2 0.2 -0.950665473938 1.35405778885 4.24255806604 0.193 0.379 0.19386294482 0.402404324287
* 219 21.9364409447 -0.951970981346 1.33571062291 4.36 0.2 0.2 -0.95885848999 1.33567428589 4.26103455225 0.194 0.381 0.193610542076 0.413416759157
* 220 22.036960125 -0.958497024909 1.31680531266 4.38 0.2 0.2 -0.964609622955 1.31316041946 4.27848869959 0.193 0.388 0.18849956537 0.404943929624
* 221 22.1374819279 -0.964643682309 1.29777327119 4.4 0.2 0.2 -0.972320556641 1.29500818253 4.2979597489 0.192 0.394 0.188942620215 0.417285065861
* 222 22.2379879951 -0.970408494964 1.27862211104 4.42 0.2 0.2 -0.978175163269 1.27689027786 4.31811708609 0.19 0.398 0.190798460952 0.420556355027
* 223 22.3384959698 -0.975789157026 1.25935949243 4.44 0.2 0.2 -0.983520507812 1.2601017952 4.34161514441 0.189 0.404 0.195274373868 0.420140468089
* 224 22.4390101433 -0.980783516303 1.23999312014 4.46 0.2 0.2 -0.991834163666 1.24092149734 4.36272710959 0.19 0.409 0.193863547949 0.437509615638
* 225 22.5393719673 -0.985389575116 1.22053074048 4.48 0.2 0.2 -0.995866775513 1.22135925293 4.38199752966 0.191 0.411 0.194380785823 0.435685447439
* 226 22.6397500038 -0.989605491105 1.20098013813 4.5 0.2 0.2 -1.00112962723 1.2031416893 4.40240520636 0.191 0.417 0.196452668525 0.443688611621
* 227 22.7403049469 -0.993429577958 1.18134913306 4.52 0.2 0.2 -1.00546646118 1.17899227142 4.42257255713 0.191 0.42 0.188898738589 0.43875317069
* 228 22.8407421112 -0.996860306093 1.16164557743 4.54 0.2 0.2 -1.01008605957 1.16611862183 4.44380802313 0.19 0.423 0.200506198311 0.455015197374
* 229 22.9411621094 -0.999896303263 1.14187735239 4.56 0.2 0.2 -1.01209974289 1.13773012161 4.46671289602 0.19 0.427 0.186675111371 0.431178304402
* 230 23.0415921211 -1.00253635511 1.12205236497 4.58 0.2 0.2 -1.01648712158 1.12191534042 4.48993248144 0.19 0.423 0.193467357257 0.441932508792
* 231 23.1420049667 -1.00477940565 1.1021785449 4.6 0.2 0.2 -1.01978111267 1.10438013077 4.51275295416 0.189 0.427 0.197783342881 0.446288863737
* 232 23.24238801 -1.00662455769 1.08226384144 4.62 0.2 0.2 -1.02055215836 1.08732128143 4.53444475332 0.191 0.43 0.203744608843 0.440049742312
* 233 23.3428149223 -1.00807107319 1.06231622021 4.64 0.2 0.2 -1.02284097672 1.06107759476 4.55540603796 0.191 0.426 0.192991001168 0.437087595588
* 234 23.4432251453 -1.00911837358 1.04234365998 4.66 0.2 0.2 -1.0228729248 1.0432600975 4.57895130316 0.193 0.42 0.197701393611 0.426928435228
* 235 23.5436761379 -1.00976603993 1.02235414952 4.68 0.2 0.2 -1.02818584442 1.02582550049 4.60435051123 0.192 0.423 0.202038036898 0.446903839524
* 236 23.6441171169 -1.0100138132 1.00235568437 4.7 0.2 0.2 -1.02752733231 1.00551080704 4.63219017187 0.193 0.417 0.202643916749 0.427075684529
* 237 23.7445559502 -1.00986159428 0.982356263647 4.72 0.2 0.2 -1.02628803253 0.988207817078 4.66519064108 0.194 0.417 0.208732852548 0.397758348148
* 238 23.8450081348 -1.00930944405 0.962363886847 4.74 0.2 0.2 -1.02692174911 0.96305847168 4.68795580069 0.195 0.406 0.200199736534 0.398470452964
* 239 23.9453949928 -1.00835758337 0.942386550657 4.76 0.2 0.2 -1.02393770218 0.94456911087 4.7078875939 0.197 0.394 0.203492132757 0.386386584097
* 240 24.0458550453 -1.00700639296 0.922432245746 4.78 0.2 0.2 -1.02102470398 0.923963069916 4.73049635092 0.198 0.392 0.202934216391 0.372129660547
* 241 24.1463119984 -1.00525641329 0.902508953569 4.8 0.2 0.2 -1.02048015594 0.904567718506 4.75622791449 0.199 0.387 0.204661679007 0.368701396193
* 242 24.2467439175 -1.00310834433 0.882624643178 4.82 0.2 0.2 -1.01939487457 0.881042480469 4.78172916571 0.2 0.379 0.199051875397 0.366328628984
* 243 24.347178936 -1.00056304527 0.862787268032 4.84 0.2 0.2 -1.0164642334 0.864319324493 4.80965942541 0.201 0.374 0.205376106162 0.348120736207
* 244 24.4476139545 -0.997621534197 0.843004762816 4.86 0.2 0.2 -1.01320743561 0.841667175293 4.82793468634 0.2 0.367 0.20073139458 0.350947377814
* 245 24.5480439663 -0.99428498768 0.823285040269 4.88 0.2 0.2 -1.00796175003 0.821083068848 4.84728616873 0.201 0.36 0.199282584002 0.341377634584
* 246 24.6488080025 -0.990554740291 0.803635988016 4.9 0.2 0.2 -1.00378465652 0.797579288483 4.86461872259 0.201 0.355 0.192782942364 0.347010500181
* 247 24.7492871284 -0.986432284081 0.784065465417 4.92 0.2 0.2 -1.00030612946 0.784154415131 4.88134283224 0.199 0.349 0.204163303115 0.350842930559
* 248 24.8497130871 -0.981919267975 0.76458130042 4.94 0.2 0.2 -0.994429111481 0.762215614319 4.90832466284 0.197 0.347 0.20010465931 0.332821709527
* 249 24.9501459599 -0.977017497121 0.745191286431 4.96 0.2 0.2 -0.984267234802 0.740071773529 4.92753881613 0.199 0.345 0.193741222677 0.306889041697
* 250 25.0506269932 -0.971728932162 0.725903179197 4.98 0.2 0.2 -0.981310367584 0.718531608582 4.93929046789 0.198 0.335 0.190877432407 0.338496446842
* 251 25.1510789394 -0.966055688453 0.706724693704 5.0 0.2 0.2 -0.975800037384 0.704007148743 4.95411247412 0.197 0.328 0.199244327467 0.342426494542
* 252 25.2515180111 -0.960000035216 0.68766350109 5.02 0.2 0.2 -0.969016075134 0.68839931488 4.96668142477 0.194 0.333 0.205025614079 0.346242860587
* 253 25.3519699574 -0.953564394631 0.668727225578 5.04 0.2 0.2 -0.965450763702 0.663930416107 4.98404258886 0.196 0.336 0.197136484034 0.376123943485
* 254 25.4524390697 -0.946751340868 0.649923441426 5.06 0.2 0.2 -0.956328392029 0.644339561462 5.00743621985 0.198 0.341 0.19516670335 0.358373599387
* 255 25.5528559685 -0.93956359906 0.631259669897 5.08 0.2 0.2 -0.944417476654 0.627062797546 5.0223817269 0.197 0.351 0.195185123228 0.338074296543
* 256 25.6532840729 -0.932004044205 0.61274337625 5.1 0.2 0.2 -0.938698291779 0.604591369629 5.03826755682 0.196 0.352 0.189677480384 0.363698073292
* 257 25.7537279129 -0.924075700027 0.594381966757 5.12 0.2 0.2 -0.932124614716 0.592398643494 5.05348819891 0.195 0.348 0.201024979605 0.367995037691
* 258 25.8540670872 -0.915781737756 0.576182785736 5.14 0.2 0.2 -0.922853946686 0.566118717194 5.06830352942 0.193 0.354 0.187069550388 0.388555194626
* 259 25.9545841217 -0.907125474866 0.558153112616 5.16 0.2 0.2 -0.918018341064 0.556706905365 5.09113496939 0.195 0.355 0.204307963519 0.386629493944
* 260 26.0550220013 -0.898110373748 0.540300159028 5.18 0.2 0.2 -0.907837867737 0.538355827332 5.11723131338 0.193 0.368 0.203248337926 0.370075933896
* 261 26.1554350853 -0.888740040322 0.522631065913 5.2 0.2 0.2 -0.898256778717 0.515819549561 5.13360637823 0.195 0.367 0.195416917987 0.387112100362
* 262 26.2558391094 -0.879018222597 0.505152900675 5.22 0.2 0.2 -0.88837480545 0.497274875641 5.14973444143 0.197 0.368 0.193851970043 0.396066439069
* 263 26.3562829494 -0.868948809169 0.487872654345 5.24 0.2 0.2 -0.876526355743 0.485025882721 5.16958898703 0.196 0.375 0.200913081972 0.373785879614
* 264 26.4566829205 -0.858535827669 0.470797238792 5.26 0.2 0.2 -0.863651275635 0.473559379578 5.19354004065 0.195 0.38 0.20813899814 0.337948701674
* 265 26.5571141243 -0.847783443153 0.453933483955 5.28 0.2 0.2 -0.861165046692 0.46125125885 5.21819109121 0.197 0.376 0.222575091607 0.359087048682
* 266 26.6575529575 -0.836695956429 0.437288135111 5.3 0.2 0.2 -0.844364643097 0.436563014984 5.2476853768 0.202 0.355 0.205584698146 0.335003272102
* 267 26.7579851151 -0.825277802345 0.420867850177 5.32 0.2 0.2 -0.823321819305 0.409422397614 5.26032966772 0.205 0.341 0.180421884824 0.332069672268
* 268 26.8584330082 -0.813533548011 0.404679197048 5.34 0.2 0.2 -0.814634799957 0.401246547699 5.27095407644 0.203 0.338 0.195376918273 0.339536542393
* 269 26.9588320255 -0.801467890971 0.388728650969 5.36 0.2 0.2 -0.796200752258 0.374362945557 5.28969479004 0.196 0.337 0.172937118605 0.345822640785
* 270 27.0592589378 -0.789085657327 0.373022591948 5.38 0.2 0.2 -0.788809776306 0.364616394043 5.30632162491 0.193 0.337 0.186770027955 0.358125699855
* 271 27.1596579552 -0.776391799809 0.357567302196 5.4 0.2 0.2 -0.776484489441 0.348349571228 5.33019733826 0.187 0.342 0.186221336189 0.356855888856
* 272 27.2601490021 -0.763391395788 0.342368963626 5.42 0.2 0.2 -0.764043807983 0.332273006439 5.35055399338 0.186 0.347 0.185762747861 0.362961286231
* 273 27.3605439663 -0.750089645255 0.327433655368 5.44 0.2 0.2 -0.751348018646 0.312673091888 5.36847544113 0.185 0.349 0.180017635559 0.387442384557
* 274 27.4609911442 -0.736491868731 0.312767351349 5.46 0.2 0.2 -0.742280960083 0.300902366638 5.38366270462 0.184 0.358 0.189279904711 0.407486152391
* 275 27.5614039898 -0.722603505146 0.298375917892 5.48 0.2 0.2 -0.726211071014 0.284291744232 5.39980268875 0.184 0.372 0.184041169864 0.413237679362
* 276 27.6618149281 -0.70843010966 0.284265111381 5.5 0.2 0.2 -0.712161064148 0.273618221283 5.41762209335 0.184 0.38 0.189186233368 0.405225903631
* 277 27.7626199722 -0.693977351442 0.270440575949 5.52 0.2 0.2 -0.698784351349 0.262219905853 5.43990040222 0.184 0.394 0.194115716589 0.39705345971
* 278 27.8630359173 -0.679251011404 0.256907841226 5.54 0.2 0.2 -0.67941904068 0.243370056152 5.46249819199 0.186 0.394 0.181957151174 0.394195137951
* 279 27.9639959335 -0.664256979884 0.243672320126 5.56 0.2 0.2 -0.666920661926 0.232045650482 5.48046064774 0.186 0.391 0.187765512683 0.4016749287
* 280 28.0644230843 -0.649001254296 0.230739306681 5.58 0.2 0.2 -0.651657104492 0.219389438629 5.49770117203 0.185 0.393 0.188368473157 0.406048612828
* 281 28.1648290157 -0.633489936726 0.218113973924 5.6 0.2 0.2 -0.635936737061 0.206351280212 5.51418161789 0.186 0.397 0.187822478727 0.413826911439
* 282 28.2652740479 -0.617729231494 0.205801371819 5.62 0.2 0.2 -0.624346733093 0.197557926178 5.53233337799 0.187 0.4 0.197831400223 0.419444572874
* 283 28.3656971455 -0.601725442672 0.193806425243 5.64 0.2 0.2 -0.60779094696 0.183887481689 5.55580664078 0.188 0.405 0.195612747017 0.418656182984
* 284 28.4661309719 -0.585484971563 0.182133932015 5.66 0.2 0.2 -0.591064453125 0.172650814056 5.57826280991 0.189 0.403 0.195955726814 0.410659643907
* 285 28.5665371418 -0.569014314139 0.170788560976 5.68 0.2 0.2 -0.576558589935 0.163014888763 5.60024691025 0.191 0.404 0.201050623651 0.406842118507
* 286 28.6669559479 -0.552320058442 0.159774850124 5.7 0.2 0.2 -0.558393955231 0.150280952454 5.61865044037 0.193 0.404 0.197426082244 0.412255425801
* 287 28.7674109936 -0.535408881953 0.149097204796 5.72 0.2 0.2 -0.539643287659 0.136651039124 5.63552904526 0.194 0.399 0.191924846609 0.425383685115
* 288 28.8678469658 -0.518287548916 0.138759895908 5.74 0.2 0.2 -0.525276184082 0.130834102631 5.6527843515 0.194 0.402 0.20097402983 0.418522584767
* 289 28.9682841301 -0.500962907637 0.128767058246 5.76 0.2 0.2 -0.506691455841 0.11793756485 5.67343950668 0.193 0.408 0.196569082449 0.427174225869
* 290 29.0687389374 -0.483441887741 0.119122688811 5.78 0.2 0.2 -0.491536140442 0.110327720642 5.69516468445 0.194 0.406 0.202587609918 0.421996412093
* 291 29.1691789627 -0.465731497402 0.109830645223 5.8 0.2 0.2 -0.473226070404 0.101606845856 5.71689463059 0.194 0.41 0.202717278232 0.413833062788
* 292 29.2696359158 -0.44783882054 0.100894644175 5.82 0.2 0.2 -0.451934814453 0.089967250824 5.73688459793 0.196 0.405 0.195430360427 0.416874995423
* 293 29.3701620102 -0.429771013988 0.0923182599482 5.84 0.2 0.2 -0.435723304749 0.0809412002563 5.75275659958 0.195 0.399 0.198132376138 0.432390365446
* 294 29.4705920219 -0.411535304628 0.0841049229823 5.86 0.2 0.2 -0.417932510376 0.0732460021973 5.77172232071 0.195 0.404 0.199690888363 0.432885578844
* 295 29.5710160732 -0.393138986499 0.0762579185025 5.88 0.2 0.2 -0.399559497833 0.066454410553 5.79429483811 0.194 0.407 0.201161968046 0.422722221583
* 296 29.6714839935 -0.374589417884 0.0687803852059 5.9 0.2 0.2 -0.384600639343 0.0606994628906 5.81980181137 0.194 0.406 0.208877604217 0.413109117975
* 297 29.7719159126 -0.355894018363 0.0616753140061 5.92 0.2 0.2 -0.363538265228 0.0523252487183 5.84293890396 0.196 0.402 0.204628029263 0.407595743947
* 298 29.8723759651 -0.337060265847 0.054945546837 5.94 0.2 0.2 -0.344436645508 0.043116569519 5.86239147583 0.197 0.393 0.202784867958 0.421135217956
* 299 29.9728350639 -0.318095693585 0.0485937755155 5.96 0.2 0.2 -0.3266954422 0.0386428833008 5.88147926727 0.197 0.386 0.206554115416 0.415026155943
* 300 30.0732500553 -0.299007887153 0.0426225406656 5.98 0.2 0.2 -0.307313919067 0.0329375267029 5.90474558273 0.197 0.389 0.206810089297 0.406491010411
* 301 30.173689127 -0.27980448142 0.0370342307017 6.0 0.2 0.2 -0.292193412781 0.0268287658691 5.93233347336 0.198 0.385 0.214021345002 0.403611208929
* 302 30.2741260529 -0.260493157492 0.031831080873 6.02 0.2 0.2 -0.271605014801 0.0252952575684 5.95802355209 0.199 0.382 0.214656351229 0.368881424396
* 303 30.3745539188 -0.241081639641 0.0270151723704 6.04 0.2 0.2 -0.249077796936 0.00930786132812 5.98631382385 0.202 0.369 0.204106296893 0.411282899422
* 304 30.4749751091 -0.221577692215 0.0225884314928 6.06 0.2 0.2 -0.22162771225 -0.00344133377075 6.00241613785 0.203 0.358 0.18690335366 0.452742484322
* 305 30.5753901005 -0.201989116533 0.0185526288777 6.08 0.2 0.2 -0.20357465744 0.0039587020874 6.01845360199 0.2 0.374 0.195544471611 0.396658498859
* 306 30.6758379936 -0.182323747764 0.0149093787922 6.1 0.2 0.2 -0.183580875397 -0.00691747665405 6.05291986862 0.195 0.399 0.193083303493 0.413107999744
* 307 30.7762770653 -0.162589451793 0.0116601384879 6.12 0.2 0.2 -0.165155410767 -0.00998020172119 6.08403206268 0.194 0.396 0.196724064681 0.394405048311
* 308 30.8767530918 -0.142794122077 0.00880620761756 6.14 0.2 0.2 -0.143677711487 -0.0126481056213 6.12022734085 0.194 0.4 0.195312820199 0.36310923256
* 309 30.9772131443 -0.122945676482 0.00634872771543 6.16 0.2 0.2 -0.118962287903 -0.0182881355286 6.14582872788 0.194 0.39 0.186939278398 0.368405094607
* 310 31.0776379108 -0.103052054123 0.00428868174072 6.18 0.2 0.2 -0.0980663299561 -0.0176343917847 6.16257953296 0.194 0.383 0.186451742525 0.358021612539
* 311 31.1780729294 -0.0831212121821 0.00262689368437 6.2 0.2 0.2 -0.0766687393188 -0.0191659927368 6.18487691531 0.191 0.376 0.184725388847 0.353270673803
* 312 31.2785210609 -0.0631611227317 0.00136402823944 6.22 0.2 0.2 -0.0592842102051 -0.0209827423096 6.20464992175 0.189 0.369 0.189966628628 0.359191370504
* 313 31.3789770603 -0.043179769541 0.000500590535265 6.24 0.2 0.2 -0.0431699752808 -0.0217604637146 6.22957801843 0.187 0.362 0.197846549518 0.351939989182
* 314 31.4794099331 -0.0231851448849 3.69259354162e-05 6.26 0.2 0.2 -0.0264368057251 -0.0198230743408 6.2612190249 0.189 0.362 0.205014689705 0.317387863463
* 315 31.5831289291 -0.0031852463466 -2.67801004475e-05 6.28 0.2 0.2 -0.00150775909424 -0.0226726531982 0.00181472022086 0.192 0.354 0.197081971636 1.0
