### Ensaio do Controlador Klancar com Laser (Círculo) ###

# Parâmetros #

# Número do Ensaio: 3
# Frequência: 10.0 Hz
# Raio: 1.00 m
# Velocidade Linear da Base: 0.10 m/s
# Velocidade Angular da Base: 0.10 rad/s
# Parâmetro ksi: 0.80
# Parâmetro w_n: 0.24
# Parâmetro g: 5.00

* 1 0.0 0.0 0.0 0.0 0.1 0.1 0.0 0.0 0.0 0.0 0.0 0.1 0.1
* 2 0.100258827209 0.00999950000417 9.99983333417e-05 0.01 0.1 0.1 0.0 0.0 0.0 0.0 0.0 0.103913987673 0.103969182755
* 3 0.200496912003 0.0199975000708 0.000299985000275 0.02 0.1 0.1 0.000574588775635 0.00211715698242 0.00119141454343 0.0469999765 0.043 0.107593653988 0.106451274231
* 4 0.300773859024 0.0299930004083 0.0005999400023 0.03 0.1 0.1 0.000574588775635 0.00211715698242 0.00119141454343 0.0530000111159 0.048 0.111487405119 0.110514480824
* 5 0.401038885117 0.0399850014749 0.000999833344166 0.04 0.1 0.1 0.0167832374573 0.00201416015625 0.00312104634941 0.0839983511191 0.079 0.109023917116 0.113910171223
* 6 0.501373767853 0.0499725040789 0.00149962503687 0.05 0.1 0.1 0.0325975418091 0.00660991668701 0.00429350230843 0.0929952307 0.09 0.106696468847 0.115320793684
* 7 0.601670980453 0.0599545094782 0.00209926510167 0.06 0.1 0.1 0.0439567565918 0.00731801986694 0.00873525626957 0.0959967505614 0.094 0.10612033271 0.117412445053
* 8 0.702031850815 0.0699300194808 0.00279869357504 0.07 0.1 0.1 0.0439567565918 0.00731801986694 0.00873525626957 0.0959967505614 0.094 0.109975928701 0.121637760772
* 9 0.802284955978 0.0798980365438 0.00359784051473 0.08 0.1 0.1 0.0439567565918 0.00731801986694 0.00873525626957 0.0959967505614 0.094 0.113818948409 0.125912966547
* 10 0.902535915375 0.0898575638739 0.00449662600671 0.09 0.1 0.1 0.0582404136658 0.00361347198486 0.0154463090003 0.102985042978 0.108 0.112117425624 0.129416310131
* 11 1.00280690193 0.0998076055267 0.00549496017318 0.1 0.1 0.1 0.0582404136658 0.00361347198486 0.0154463090003 0.102985042978 0.108 0.115943138322 0.133757758603
* 12 1.10305190086 0.109747166506 0.00659274318155 0.11 0.1 0.1 0.0582404136658 0.00361347198486 0.0154463090003 0.102985042978 0.108 0.119755381759 0.138149006504
* 13 1.20327591896 0.119675252865 0.00778986525444 0.12 0.1 0.1 0.0825719833374 0.00545215606689 0.022436182946 0.109935226514 0.12 0.114082789291 0.138989418526
* 14 1.30353283882 0.129590871802 0.00908620668064 0.13 0.1 0.1 0.131653785706 0.0108709335327 0.0434673428535 0.111982092151 0.123 0.0987877139517 0.133067037013
* 15 1.40387582779 0.139493031764 0.0104816378271 0.14 0.1 0.1 0.142406463623 0.0126204490662 0.0507236383855 0.112015070964 0.124 0.0984188920084 0.133994873194
* 16 1.50408887863 0.149380742543 0.0119760191518 0.15 0.1 0.1 0.154010772705 0.0131239891052 0.058412861079 0.106983453437 0.131 0.0977431183263 0.135456824926
* 17 1.60439991951 0.159253015377 0.013569201218 0.16 0.1 0.1 0.164901733398 0.0147233009338 0.0663454309106 0.10299549831 0.132 0.0973228089216 0.136316410575
* 18 1.70472192764 0.169108863046 0.0152610247086 0.17 0.1 0.1 0.173299312592 0.0161910057068 0.0787208527327 0.101043926566 0.133 0.0979178047002 0.135475190699
* 19 1.8050057888 0.178947299974 0.0170513204429 0.18 0.1 0.1 0.183538913727 0.0171804428101 0.0896733030677 0.0990893679644 0.134 0.0977954925443 0.135541985825
* 20 1.9052670002 0.188767342325 0.0189399093927 0.19 0.1 0.1 0.194632530212 0.0181608200073 0.0940113291144 0.0990884893919 0.134 0.097279801176 0.138282838024
* 21 2.00549697876 0.198568008104 0.0209266027006 0.2 0.1 0.1 0.205534934998 0.019181728363 0.0974205732346 0.0980683719777 0.134 0.0968233301227 0.141409885443
* 22 2.10574579239 0.208348317251 0.0230112016991 0.21 0.1 0.1 0.215048313141 0.0228538513184 0.101736620069 0.0970458167495 0.136 0.0968085134695 0.142848904413
* 23 2.20600485802 0.218107291744 0.0251934979299 0.22 0.1 0.1 0.225305080414 0.0255799293518 0.107661709189 0.0970478179129 0.138 0.0965487824367 0.144222056596
* 24 2.30642080307 0.227843955694 0.0274732731652 0.23 0.1 0.1 0.234968662262 0.0285401344299 0.113808847964 0.0970732431566 0.14 0.0965040172778 0.145412018553
* 25 2.40677690506 0.237557335443 0.0298502994295 0.24 0.1 0.1 0.234968662262 0.0285401344299 0.113808847964 0.0970732431566 0.14 0.100271143104 0.149960484657
* 26 2.50701880455 0.24724645966 0.032324339022 0.25 0.1 0.1 0.255367279053 0.031792640686 0.126175910234 0.0970741406955 0.143 0.0961031849203 0.149303637382
* 27 2.60722398758 0.256910359441 0.034895144541 0.26 0.1 0.1 0.264917850494 0.0334868431091 0.134281620383 0.0970928472284 0.144 0.096174646311 0.150505167977
* 28 2.70755290985 0.266548068405 0.0375624589079 0.27 0.1 0.1 0.27467250824 0.0339002609253 0.141766414046 0.0971176353413 0.147 0.0962295534759 0.152643785178
* 29 2.80776691437 0.276158622788 0.0403260153935 0.28 0.1 0.1 0.284240722656 0.0365271568298 0.149664640427 0.0961489197635 0.148 0.0962417185072 0.153561562981
* 30 2.90806388855 0.285741061543 0.0431855376445 0.29 0.1 0.1 0.295462608337 0.0383682250977 0.156363129616 0.0961374952775 0.15 0.0956388278134 0.155510966416
* 31 3.00833487511 0.295294426434 0.0461407397112 0.3 0.1 0.1 0.307119846344 0.042160987854 0.16502392292 0.0962000748025 0.151 0.094775046978 0.155833760854
* 32 3.10858178139 0.304817762133 0.0491913260756 0.31 0.1 0.1 0.319135189056 0.0437979698181 0.173027217388 0.0952235487647 0.151 0.0938998279209 0.157571040736
* 33 3.20881485939 0.314310116314 0.0523369916818 0.32 0.1 0.1 0.328919410706 0.046884059906 0.178632393479 0.0951930976683 0.153 0.0937476100721 0.159385559822
* 34 3.30913281441 0.323770539749 0.0555774219657 0.33 0.1 0.1 0.337313175201 0.0490517616272 0.184982165694 0.0952392601631 0.155 0.0942036789161 0.161287758103
* 35 3.4094619751 0.333198086405 0.0589122928871 0.34 0.1 0.1 0.347361087799 0.0514078140259 0.193089112639 0.0942153159497 0.157 0.0940395933447 0.162618462092
* 36 3.50977778435 0.342591813533 0.0623412709617 0.35 0.1 0.1 0.356664180756 0.0555534362793 0.201188772917 0.0942446608208 0.158 0.09402244172 0.163053383542
* 37 3.61010289192 0.35195078177 0.0658640132944 0.36 0.1 0.1 0.356664180756 0.0555534362793 0.201188772917 0.0942446608208 0.158 0.0977391013889 0.167763289657
* 38 3.71037888527 0.361274055226 0.0694801676141 0.37 0.1 0.1 0.378607749939 0.0573287010193 0.217208310962 0.094343048731 0.161 0.0932275504262 0.16768258256
* 39 3.81060290337 0.370560701582 0.0731893723082 0.38 0.1 0.1 0.38658285141 0.0612726211548 0.224437639117 0.0943200570547 0.162 0.0937100055263 0.168559611171
* 40 3.91093182564 0.37980979218 0.0769912564594 0.39 0.1 0.1 0.396887779236 0.0626764297485 0.232668220997 0.0933951673808 0.164 0.0935456399053 0.170594642445
* 41 4.01115489006 0.38902040212 0.0808854398825 0.4 0.1 0.1 0.406476020813 0.0669121742249 0.239343121648 0.0933795775098 0.165 0.093364334845 0.171820905295
* 42 4.1114859581 0.398191610349 0.0848715331624 0.41 0.1 0.1 0.416706085205 0.0709581375122 0.247137054801 0.0933884180232 0.167 0.0929749562782 0.172838897752
* 43 4.21173596382 0.407322499752 0.088949137693 0.42 0.1 0.1 0.427626132965 0.074324131012 0.253867208958 0.0934162736602 0.169 0.0923603839874 0.174738236311
* 44 4.31206488609 0.416412157248 0.0931178457172 0.43 0.1 0.1 0.437657833099 0.077009677887 0.261845380068 0.0934066371812 0.17 0.092181006679 0.176432299141
* 45 4.41242480278 0.425459673881 0.0973772403679 0.44 0.1 0.1 0.446959495544 0.0825166702271 0.268356651068 0.0924959070151 0.17 0.091950208706 0.17728482885
* 46 4.51270890236 0.434464144904 0.101726895709 0.45 0.1 0.1 0.446959495544 0.0825166702271 0.268356651068 0.0924014827797 0.17 0.0956291890801 0.182107243085
* 47 4.61289286613 0.443424669879 0.106166376779 0.46 0.1 0.1 0.463307857513 0.0896439552307 0.285367369652 0.0924801977182 0.175 0.0928245037247 0.179167505152
* 48 4.71310186386 0.452340352761 0.110695239632 0.47 0.1 0.1 0.473166465759 0.0924744606018 0.295138478279 0.0924921645427 0.176 0.0927429796436 0.180276784094
* 49 4.81328487396 0.461210301989 0.115313031388 0.48 0.1 0.1 0.482131958008 0.0959763526917 0.305478990078 0.09358105528 0.178 0.092940220864 0.180764806364
* 50 4.9134979248 0.470033630575 0.12001929027 0.49 0.1 0.1 0.492032051086 0.0994200706482 0.316008716822 0.0926677090444 0.177 0.0928044490416 0.181398270025
* 51 5.01372599602 0.478809456194 0.124813545656 0.5 0.1 0.1 0.501055717468 0.103529453278 0.325615882874 0.0928510884638 0.178 0.092891197418 0.18198538964
* 52 5.1140499115 0.487536901271 0.129695318124 0.51 0.1 0.1 0.501055717468 0.103529453278 0.325615882874 0.0926789144813 0.179 0.0965655254482 0.186821278854
* 53 5.21427679062 0.496215093067 0.134664119503 0.52 0.1 0.1 0.508993625641 0.106810092926 0.335201740265 0.09265874462 0.181 0.097159015677 0.187679532664
* 54 5.31450581551 0.504843163773 0.139719452915 0.53 0.1 0.1 0.527955055237 0.117166042328 0.351881623268 0.0938525110096 0.182 0.0929614515255 0.184376523692
* 55 5.41473984718 0.513420250586 0.144860812831 0.54 0.1 0.1 0.527955055237 0.117166042328 0.351881623268 0.0948295612723 0.182 0.0966293963853 0.189230761279
* 56 5.51498579979 0.521945495807 0.150087685121 0.55 0.1 0.1 0.547927856445 0.125918388367 0.366880655289 0.0938936735866 0.183 0.0922205471842 0.187708264764
* 57 5.61536693573 0.530418046917 0.1553995471 0.56 0.1 0.1 0.555762290955 0.129389286041 0.373076766729 0.0949273563904 0.184 0.092723966121 0.189987922475
* 58 5.71558785439 0.538837056669 0.160795867587 0.57 0.1 0.1 0.564318656921 0.131461143494 0.379609882832 0.0938500045439 0.186 0.0931775416092 0.192961771423
* 59 5.81588983536 0.547201683168 0.166276106955 0.58 0.1 0.1 0.573131561279 0.137631893158 0.386914402246 0.0937721144947 0.188 0.0929665235337 0.193829270935
* 60 5.91623282433 0.555511089959 0.171839717184 0.59 0.1 0.1 0.581392765045 0.142121315002 0.395263046026 0.0939139776785 0.189 0.0932332293537 0.195017356405
* 61 6.01661586761 0.563764446108 0.177486141918 0.6 0.1 0.1 0.591989040375 0.147294044495 0.405128777027 0.0940476301133 0.19 0.0926047144486 0.195809838453
* 62 6.1168987751 0.571960926286 0.183214816519 0.61 0.1 0.1 0.601641178131 0.151205539703 0.414977610111 0.0929835827693 0.191 0.0925171494534 0.197062190542
* 63 6.21712684631 0.580099710853 0.189025168125 0.62 0.1 0.1 0.608376502991 0.15559387207 0.42434117198 0.0931018998232 0.192 0.0933871646608 0.197736494183
* 64 6.31743097305 0.588179985936 0.194916615704 0.63 0.1 0.1 0.617265224457 0.160042762756 0.433292478323 0.0930066493201 0.195 0.0934644431301 0.199024722149
* 65 6.41764688492 0.596200943515 0.200888570118 0.64 0.1 0.1 0.625764369965 0.164606571198 0.441672503948 0.0930451430415 0.195 0.093643346894 0.200446813773
* 66 6.51787185669 0.6041617815 0.206940434175 0.65 0.1 0.1 0.635334968567 0.16886806488 0.449669152498 0.0931093678744 0.195 0.0934830381271 0.202432139989
* 67 6.61816596985 0.612061703815 0.213071602695 0.66 0.1 0.1 0.64439535141 0.173513889313 0.457184046507 0.0931533943064 0.196 0.0934231727012 0.204371255168
* 68 6.71849298477 0.619899920474 0.219281462565 0.67 0.1 0.1 0.651909828186 0.179605960846 0.464583784342 0.0930177378218 0.198 0.0936490341406 0.205412528066
* 69 6.8187379837 0.627675647662 0.225569392805 0.68 0.1 0.1 0.661166191101 0.185736179352 0.472347140312 0.0941291956332 0.2 0.0932662267126 0.206737487686
* 70 6.91906380653 0.635388107812 0.231934764628 0.69 0.1 0.1 0.661166191101 0.185736179352 0.472347140312 0.0930273651793 0.2 0.0968818920469 0.211736363553
* 71 7.01933693886 0.643036529684 0.2383769415 0.7 0.1 0.1 0.677671909332 0.193942070007 0.487854719162 0.0939614183387 0.203 0.0939303625255 0.210886544647
* 72 7.1197309494 0.650620148444 0.24489527921 0.71 0.1 0.1 0.686529636383 0.201109886169 0.495731800795 0.0949846568976 0.206 0.0934965387771 0.211773544774
* 73 7.2200357914 0.658138205736 0.25148912593 0.72 0.1 0.1 0.695188999176 0.207948207855 0.504946351051 0.0938078642434 0.208 0.093242932555 0.212298843194
* 74 7.32032585144 0.665589949759 0.25815782228 0.73 0.1 0.1 0.703899383545 0.212871551514 0.51482373476 0.0938719095724 0.21 0.0933648930746 0.213471077235
* 75 7.42063093185 0.672974635346 0.264900701396 0.74 0.1 0.1 0.71102142334 0.219816684723 0.524481296539 0.0939784117566 0.209 0.093627764405 0.213503966532
* 76 7.52095580101 0.680291524035 0.271717088996 0.75 0.1 0.1 0.718929290771 0.223340034485 0.533915102482 0.0940232636512 0.211 0.094287960384 0.215341160037
* 77 7.62133479118 0.687539884143 0.278606303448 0.76 0.1 0.1 0.728439331055 0.230376243591 0.542735278606 0.093871094286 0.212 0.0936858778184 0.216361589125
* 78 7.72160887718 0.694718990839 0.285567655834 0.77 0.1 0.1 0.728439331055 0.230376243591 0.542735278606 0.093871094286 0.212 0.0972838465499 0.221407339839
* 79 7.82187891006 0.701828126219 0.292600450026 0.78 0.1 0.1 0.746298789978 0.242636203766 0.559606850147 0.0939545701546 0.213 0.0932059346284 0.219351262561
* 80 7.92208194733 0.708866579375 0.29970398275 0.79 0.1 0.1 0.753180503845 0.24688577652 0.567184090614 0.0947812482679 0.215 0.0940014022298 0.221503568783
* 81 8.02233886719 0.715833646469 0.306877543659 0.8 0.1 0.1 0.761328220367 0.255438327789 0.575449824333 0.0938029602199 0.217 0.0935021718471 0.22196209099
* 82 8.12274479866 0.722728630798 0.314120415403 0.81 0.1 0.1 0.761328220367 0.255438327789 0.575449824333 0.0935659248347 0.217 0.0970865056231 0.227043302085
* 83 8.22305083275 0.729550842871 0.3214318737 0.82 0.1 0.1 0.761328220367 0.255438327789 0.575449824333 0.0935659248347 0.217 0.100651814452 0.232173085218
* 84 8.32338786125 0.736299600472 0.328811187411 0.83 0.1 0.1 0.785671234131 0.276673793793 0.605163395405 0.0946610048384 0.222 0.0931943296127 0.223600401807
* 85 8.42375278473 0.74297422873 0.336257618611 0.84 0.1 0.1 0.791789054871 0.281053066254 0.617176353931 0.0970894360649 0.224 0.0944470723995 0.223964189254
* 86 8.52404999733 0.749574060189 0.343770422662 0.85 0.1 0.1 0.79888010025 0.287254333496 0.629806160927 0.0962852196511 0.224 0.0950149354998 0.22365484792
* 87 8.62436389923 0.756098434871 0.351348848291 0.86 0.1 0.1 0.806615352631 0.292963981628 0.643669128418 0.096660248707 0.224 0.0955646854427 0.2232935138
* 88 8.72468185425 0.762546700343 0.358992137661 0.87 0.1 0.1 0.813422203064 0.300380706787 0.656850397587 0.096932358034 0.225 0.0959734530816 0.222277950041
* 89 8.82502985001 0.768918211785 0.36669952645 0.88 0.1 0.1 0.822067260742 0.307627677917 0.671523094177 0.0971872695779 0.223 0.0959316556597 0.221362975371
* 90 8.92534399033 0.775212332051 0.374470243926 0.89 0.1 0.1 0.832095146179 0.315779209137 0.682680368423 0.0976212206299 0.221 0.0950729407399 0.221964073846
* 91 9.02564477921 0.781428431734 0.382303513022 0.9 0.1 0.1 0.839603900909 0.322443962097 0.692252397537 0.0975662031475 0.221 0.0952720092381 0.223026257025
* 92 9.12591481209 0.787565889229 0.390198550419 0.91 0.1 0.1 0.848027706146 0.329864501953 0.702021420002 0.0972914306697 0.221 0.0950218633872 0.224066290021
* 93 9.22626590729 0.793624090795 0.398154566619 0.92 0.1 0.1 0.854421138763 0.337842464447 0.711429476738 0.0974475558887 0.222 0.0952184363015 0.224431412567
* 94 9.32655978203 0.799602430618 0.406170766028 0.93 0.1 0.1 0.861473560333 0.346385955811 0.724023163319 0.0977216479886 0.223 0.0952411620768 0.223611745425
* 95 9.42687392235 0.805500310868 0.414246347032 0.94 0.1 0.1 0.86963558197 0.353983402252 0.736152768135 0.0979664834703 0.223 0.0951606586716 0.223752171148
* 96 9.52722382545 0.811317141763 0.42238050208 0.95 0.1 0.1 0.876563072205 0.359364509583 0.74929523468 0.097279043926 0.223 0.0960920567231 0.223949312331
* 97 9.62758398056 0.817052341624 0.430572417763 0.96 0.1 0.1 0.881744384766 0.366339683533 0.762455165386 0.0988521056553 0.223 0.0971082338617 0.222987517988
* 98 9.72785878181 0.822705336935 0.438821274896 0.97 0.1 0.1 0.887344837189 0.372716426849 0.777771711349 0.0993595320202 0.224 0.0982878477454 0.221565509834
* 99 9.8280749321 0.828275562403 0.447126248601 0.98 0.1 0.1 0.892205715179 0.379769325256 0.798161387444 0.100687712705 0.224 0.0997652197052 0.217663638084
* 100 9.92828679085 0.833762461009 0.455486508387 0.99 0.1 0.1 0.892205715179 0.379769325256 0.798161387444 0.100687712705 0.224 0.103426754506 0.222536142173
* 101 10.0285887718 0.839165484067 0.463901218235 1.0 0.1 0.1 0.892205715179 0.379769325256 0.798161387444 0.100687712705 0.224 0.10707080812 0.227457680545
* 102 10.1290459633 0.844484091281 0.472369536682 1.01 0.1 0.1 0.901477813721 0.388873100281 0.816210269928 0.10119056218 0.223 0.106668749253 0.225308280884
* 103 10.2292897701 0.849717750794 0.480890616901 1.02 0.1 0.1 0.923884391785 0.415325164795 0.847571671009 0.107526517018 0.221 0.0985441142999 0.217074076049
* 104 10.3295009136 0.854865939243 0.489463606793 1.03 0.1 0.1 0.929693698883 0.426494598389 0.860218942165 0.110175960693 0.222 0.0981395224234 0.215435933557
* 105 10.429820776 0.859928141816 0.498087649065 1.04 0.1 0.1 0.936230182648 0.438082695007 0.871666491032 0.109679450873 0.221 0.0973416508897 0.214482029191
* 106 10.5300347805 0.864903852295 0.506761881321 1.05 0.1 0.1 0.943120479584 0.446095466614 0.881247937679 0.107408388237 0.218 0.0974216378846 0.215608048864
* 107 10.6302659512 0.869792573113 0.515485436145 1.06 0.1 0.1 0.947744846344 0.453868865967 0.891587257385 0.106545145163 0.216 0.0981831385277 0.2156832822
* 108 10.7305459976 0.874593815403 0.524257441188 1.07 0.1 0.1 0.952245235443 0.460850715637 0.902369618416 0.107066171946 0.216 0.0992397917432 0.215815975201
* 109 10.8309519291 0.879307099045 0.533077019256 1.08 0.1 0.1 0.952245235443 0.460850715637 0.902369618416 0.105280680558 0.215 0.102925534104 0.220618647484
* 110 10.931278944 0.883931952714 0.541943288401 1.09 0.1 0.1 0.95786523819 0.467974662781 0.916444122791 0.105280680558 0.215 0.10386332692 0.219860966493
* 111 11.0315818787 0.888467913928 0.550855362001 1.1 0.1 0.1 0.95786523819 0.467974662781 0.916444122791 0.106628482269 0.215 0.107539063766 0.224692784389
* 112 11.1323478222 0.892914529096 0.559812348858 1.11 0.1 0.1 0.964101314545 0.477803707123 0.930666387081 0.108890573359 0.216 0.107509389351 0.223322549237
* 113 11.2326068878 0.897271353558 0.56881335328 1.12 0.1 0.1 0.964101314545 0.477803707123 0.930666387081 0.109552629368 0.217 0.111175245907 0.228182755116
* 114 11.3328309059 0.901537951638 0.577857475174 1.13 0.1 0.1 0.964101314545 0.477803707123 0.930666387081 0.109552629368 0.217 0.114823712835 0.23309201962
* 115 11.4331758022 0.905713896677 0.586943810135 1.14 0.1 0.1 0.9757771492 0.497488975525 0.957083404064 0.109036528208 0.218 0.11117913184 0.226086088163
* 116 11.5335588455 0.909798771086 0.596071449538 1.15 0.1 0.1 0.9757771492 0.497488975525 0.957083404064 0.113664115323 0.218 0.114838799774 0.230963882738
* 117 11.6342499256 0.91379216638 0.605239480625 1.16 0.1 0.1 0.990532398224 0.527315616608 0.988082587719 0.113119897208 0.218 0.107475213776 0.220856010939
* 118 11.7346169949 0.917693683223 0.614446986603 1.17 0.1 0.1 1.0011639595 0.549227714539 1.00798463821 0.12246391441 0.224 0.102853693286 0.216194034673
* 119 11.8349268436 0.921502931467 0.623693046727 1.18 0.1 0.1 1.01068019867 0.568309783936 1.03567755222 0.124471364443 0.225 0.0998091697519 0.209039278711
* 120 11.9351518154 0.92521953019 0.632976736399 1.19 0.1 0.1 1.01547622681 0.57909154892 1.05516314507 0.123584110364 0.223 0.100023046068 0.205390840706
* 121 12.0355069637 0.928843107734 0.642297127259 1.2 0.1 0.1 1.02054262161 0.588973045349 1.07165038586 0.124039471443 0.218 0.100323323377 0.203320751441
* 122 12.1363408566 0.932373301746 0.651653287274 1.21 0.1 0.1 1.0245923996 0.599055290222 1.08301460743 0.124284501962 0.212 0.100466063116 0.202825399191
* 123 12.2366929054 0.93580975921 0.661044280838 1.22 0.1 0.1 1.0245923996 0.599055290222 1.08301460743 0.121646827037 0.208 0.104216930458 0.207427369642
* 124 12.3370399475 0.939152136481 0.670469168857 1.23 0.1 0.1 1.02867031097 0.607113838196 1.09546220303 0.122080205453 0.206 0.105118188755 0.207021747325
* 125 12.4374029636 0.942400099325 0.679927008851 1.24 0.1 0.1 1.03223562241 0.617704868317 1.10554170609 0.124272684487 0.207 0.105095188461 0.206798001179
* 126 12.5376257896 0.945553322949 0.689416855045 1.25 0.1 0.1 1.03862142563 0.64003276825 1.12791347504 0.126133805668 0.205 0.101111618334 0.200474071222
* 127 12.6379749775 0.948611492033 0.698937758461 1.26 0.1 0.1 1.04283905029 0.648846626282 1.13551342487 0.129916882577 0.205 0.101455201181 0.202069917791
* 128 12.7382998466 0.951574300762 0.708488767017 1.27 0.1 0.1 1.04283905029 0.648846626282 1.13551342487 0.129916882577 0.205 0.105209871232 0.206659509079
* 129 12.838711977 0.954441452859 0.71806892562 1.28 0.1 0.1 1.04549074173 0.658305168152 1.14443671703 0.128030290975 0.203 0.1056508081 0.206936816138
* 130 12.9393529892 0.957212661609 0.727677276262 1.29 0.1 0.1 1.05122375488 0.679476261139 1.1647143364 0.130755040651 0.202 0.102016650019 0.201804610899
* 131 13.0395789146 0.959887649895 0.737312858116 1.3 0.1 0.1 1.05122375488 0.679476261139 1.1647143364 0.130755040651 0.202 0.105770106564 0.206398161338
* 132 13.1399059296 0.962466150221 0.746974707632 1.31 0.1 0.1 1.05122375488 0.679476261139 1.1647143364 0.129968224461 0.204 0.109508174548 0.211041220374
* 133 13.2402517796 0.964947904737 0.756661858633 1.32 0.1 0.1 1.05376815796 0.688373565674 1.17697370052 0.132971655617 0.204 0.110336138123 0.210166952236
* 134 13.3405299187 0.967332665272 0.766373342412 1.33 0.1 0.1 1.05782938004 0.699863433838 1.19121456146 0.136725410808 0.204 0.110107730982 0.208742152366
* 135 13.4408299923 0.96962019335 0.776108187829 1.34 0.1 0.1 1.05782938004 0.699863433838 1.19121456146 0.136725410808 0.204 0.113840324933 0.213402521451
* 136 13.5411539078 0.971810260221 0.785865421408 1.35 0.1 0.1 1.06397390366 0.719466209412 1.21514344215 0.14402195525 0.208 0.110909301995 0.207610936993
* 137 13.6414859295 0.97390264688 0.795644067432 1.36 0.1 0.1 1.06397390366 0.719466209412 1.21514344215 0.14402195525 0.208 0.114648037998 0.212251873039
* 138 13.7418088913 0.975897144089 0.805443148046 1.37 0.1 0.1 1.06397390366 0.719466209412 1.21514344215 0.14402195525 0.208 0.118371027647 0.216942248503
* 139 13.8420858383 0.977793552402 0.81526168335 1.38 0.1 0.1 1.06397390366 0.719466209412 1.21514344215 0.14402195525 0.208 0.122077898643 0.221681986268
* 140 13.9423658848 0.979591682179 0.825098691498 1.39 0.1 0.1 1.06397390366 0.719466209412 1.21514344215 0.14402195525 0.208 0.125768280305 0.226471004279
* 141 14.0426428318 0.981291353608 0.834953188798 1.4 0.1 0.1 1.06397390366 0.719466209412 1.21514344215 0.140874982525 0.209 0.129441803596 0.231309215553
* 142 14.1429679394 0.982892396724 0.844824189808 1.41 0.1 0.1 1.06397390366 0.719466209412 1.21514344215 0.140874982525 0.209 0.133098101168 0.236196528189
* 143 14.2432439327 0.984394651423 0.854710707436 1.42 0.1 0.1 1.08281993866 0.814012050629 1.2953722477 0.166346882204 0.21 0.104083196131 0.201735823717
* 144 14.343547821 0.985797967481 0.86461175304 1.43 0.1 0.1 1.0851559639 0.825385093689 1.30568265915 0.166310358424 0.211 0.103861712264 0.201804661907
* 145 14.4438698292 0.987102204569 0.874526336522 1.44 0.1 0.1 1.08807992935 0.848362445831 1.32669973373 0.181403045986 0.216 0.0997444918542 0.196558269697
* 146 14.5441529751 0.988307232262 0.884453466432 1.45 0.1 0.1 1.08925914764 0.863644123077 1.33595657349 0.182833981782 0.216 0.0980758706698 0.196207221346
* 147 14.6444499493 0.989412930061 0.894392150066 1.46 0.1 0.1 1.09190034866 0.874468326569 1.34309065342 0.178559059492 0.207 0.0978569862127 0.197988700888
* 148 14.7447249889 0.990419187394 0.904341393564 1.47 0.1 0.1 1.09190034866 0.874468326569 1.34309065342 0.176031539497 0.206 0.101623043891 0.202540729248
* 149 14.8450198174 0.991325903639 0.914300202009 1.48 0.1 0.1 1.09364366531 0.892359256744 1.3600987196 0.171713504223 0.201 0.0993042949488 0.199313416221
* 150 14.9452998638 0.992132988124 0.92426757953 1.49 0.1 0.1 1.09364366531 0.892359256744 1.3600987196 0.171713504223 0.201 0.103065881922 0.203880281086
* 151 15.0455617905 0.99284036014 0.934242529396 1.5 0.1 0.1 1.09328842163 0.902315616608 1.37299799919 0.168513976987 0.203 0.103727235423 0.202156154403
* 152 15.1459009647 0.993447948953 0.944224054121 1.51 0.1 0.1 1.09328842163 0.902315616608 1.37299799919 0.170817659696 0.201 0.107478077412 0.206758207117
* 153 15.2462728024 0.993955693802 0.95421115556 1.52 0.1 0.1 1.09356355667 0.91520357132 1.38668513298 0.167205246764 0.2 0.106995263312 0.204781371018
* 154 15.3464918137 0.994363543914 0.964202835013 1.53 0.1 0.1 1.09356355667 0.91520357132 1.38668513298 0.167205246764 0.2 0.110736393693 0.209414678488
* 155 15.4467608929 0.994671458505 0.974198093319 1.54 0.1 0.1 1.09356355667 0.91520357132 1.38668513298 0.167205246764 0.2 0.114461835256 0.214097436826
* 156 15.5470848083 0.994879406783 0.984195930961 1.55 0.1 0.1 1.09356355667 0.91520357132 1.38668513298 0.167205246764 0.2 0.11817121546 0.218829569677
* 157 15.6473288536 0.994987367954 0.994195348163 1.56 0.1 0.1 1.09708833694 0.959375858307 1.4371587038 0.189012274844 0.203 0.10743953271 0.201058744046
* 158 15.7475697994 0.994995331221 1.00419534499 1.57 0.1 0.1 1.09745645523 0.984026432037 1.45863008499 0.260861738184 0.205 0.10274061931 0.195685306625
* 159 15.8478829861 0.994903295788 1.01419492146 1.58 0.1 0.1 1.0986366272 0.994426727295 1.46875107288 0.287257194429 0.208 0.102947583519 0.196204222643
* 160 15.9481368065 0.994711270859 1.02419307761 1.59 0.1 0.1 1.0986366272 0.994426727295 1.46875107288 0.287257194429 0.208 0.10672200704 0.200728166527
* 161 16.0485498905 0.994419275636 1.03418881364 1.6 0.1 0.1 1.0986366272 0.994426727295 1.46875107288 0.287257194429 0.208 0.110481569286 0.205301712265
* 162 16.1488759518 0.994027339318 1.04418112998 1.61 0.1 0.1 1.09719228745 1.01833486557 1.48731052876 0.308832177183 0.2 0.105971055415 0.200564718023
* 163 16.2491648197 0.993535501099 1.05416902742 1.62 0.1 0.1 1.09719228745 1.01833486557 1.48731052876 0.308832177183 0.2 0.109728445814 0.20514540385
* 164 16.3495059013 0.992943810162 1.06415150716 1.63 0.1 0.1 1.09719228745 1.01833486557 1.48731052876 0.308832177183 0.2 0.113470544954 0.20977561626
* 165 16.4497878551 0.992252325676 1.07412757098 1.64 0.1 0.1 1.09719228745 1.01833486557 1.48731052876 0.308832177183 0.2 0.117196978626 0.214455284149
* 166 16.5501019955 0.991461116787 1.08409622126 1.65 0.1 0.1 1.09719228745 1.01833486557 1.48731052876 0.284589002374 0.199 0.120907374191 0.219184331471
* 167 16.650400877 0.990570262618 1.09405646116 1.66 0.1 0.1 1.09719228745 1.01833486557 1.48731052876 0.284589002374 0.199 0.124601360613 0.223962677239
* 168 16.7506928444 0.989579852252 1.10400729466 1.67 0.1 0.1 1.09719228745 1.01833486557 1.48731052876 0.284589002374 0.199 0.128278568496 0.228790235538
* 169 16.8510329723 0.98848998473 1.11394772668 1.68 0.1 0.1 1.09719228745 1.01833486557 1.48731052876 0.284589002374 0.199 0.131938630121 0.233666915531
* 170 16.9512779713 0.987300769037 1.12387676319 1.69 0.1 0.1 1.09719228745 1.01833486557 1.48731052876 0.284589002374 0.199 0.135581179487 0.238592621469
* 171 17.0515007973 0.986012324094 1.13379341129 1.7 0.1 0.1 1.09577846527 1.06173992157 1.53911662102 0.72004135798 0.201 0.125570919278 0.219049808102
* 172 17.1517238617 0.984624778744 1.14369667934 1.71 0.1 0.1 1.09251785278 1.11044311523 1.57733535767 -2.94814238505 0.203 0.112430200926 0.20583037031
* 173 17.2519538403 0.983138271742 1.153585577 1.72 0.1 0.1 1.09251785278 1.11044311523 1.57733535767 -2.94814238505 0.203 0.116172338495 0.210460459836
* 174 17.3522138596 0.981552951735 1.16345911539 1.73 0.1 0.1 1.09251785278 1.11044311523 1.57733535767 -2.80036667268 0.204 0.119898811526 0.215140005025
* 175 17.4524519444 0.979868977256 1.17331630718 1.74 0.1 0.1 1.09251785278 1.11044311523 1.57733535767 -2.41917216871 0.212 0.123609247372 0.219868929841
* 176 17.5526878834 0.978086516699 1.18315616665 1.75 0.1 0.1 1.09251785278 1.11044311523 1.57733535767 -2.42985193626 0.216 0.127303274994 0.224647153311
* 177 17.653072834 0.97620574831 1.19297770982 1.76 0.1 0.1 1.08291149139 1.17825460434 1.63832461834 -0.209191887763 0.229 0.107839655122 0.200421351881
* 178 17.7533037663 0.974226860164 1.20277995455 1.77 0.1 0.1 1.08291149139 1.17825460434 1.63832461834 -0.209191887763 0.229 0.111598575234 0.204997011492
* 179 17.8535487652 0.972150050148 1.21256192062 1.78 0.1 0.1 1.06683778763 1.24597549438 1.68262445927 -0.103909530711 0.223 0.0906539613751 0.187075806335
* 180 17.9537849426 0.969975525941 1.22232262984 1.79 0.1 0.1 1.06683778763 1.24597549438 1.68262445927 -0.0856604838396 0.219 0.0944483771559 0.191530836566
* 181 18.0540077686 0.967703504994 1.23206110615 1.8 0.1 0.1 1.06130599976 1.27077245712 1.70562362671 -0.0552720343856 0.211 0.0894520913468 0.185966112843
* 182 18.1542358398 0.965334214507 1.2417763757 1.81 0.1 0.1 1.06130599976 1.27077245712 1.70562362671 -0.0443419500013 0.203 0.0932507332069 0.190406231214
* 183 18.2544698715 0.962867891408 1.25146746699 1.82 0.1 0.1 1.06081771851 1.28013372421 1.71529960632 -0.0356124359884 0.198 0.093862608843 0.1915624652
* 184 18.3547348976 0.960304782325 1.26113341091 1.83 0.1 0.1 1.05711507797 1.28736257553 1.72312140465 -0.0260724412046 0.195 0.0950258827701 0.19172230929
* 185 18.4549758434 0.957645143569 1.27077324087 1.84 0.1 0.1 1.05538606644 1.29520082474 1.73057234287 -0.0203889963662 0.193 0.0960446439884 0.193077882017
* 186 18.5551958084 0.954889241101 1.2803859929 1.85 0.1 0.1 1.0535993576 1.30407094955 1.73956751823 -0.0128918792302 0.193 0.0967383535278 0.193923528856
* 187 18.6554048061 0.952037350509 1.28997070573 1.86 0.1 0.1 1.04892873764 1.3132519722 1.74624848366 -0.00805255006381 0.192 0.0969978556817 0.194315160794
* 188 18.7556259632 0.949089756979 1.2995264209 1.87 0.1 0.1 1.04558610916 1.32312011719 1.7523239851 -0.00414573802338 0.193 0.0970410444265 0.195704515913
* 189 18.8558387756 0.946046755268 1.30905218284 1.88 0.1 0.1 1.04032373428 1.34389877319 1.76747524738 0.00162647357417 0.192 0.093194156973 0.193734966145
* 190 18.9560658932 0.942908649675 1.31854703899 1.89 0.1 0.1 1.04032373428 1.34389877319 1.76747524738 0.00403014300044 0.193 0.0969667054289 0.19826524183
* 191 19.0564489365 0.939675754006 1.32801003987 1.9 0.1 0.1 1.03720474243 1.3532371521 1.77601277828 0.00716215049749 0.193 0.0973419627442 0.198904511157
* 192 19.1566748619 0.936348391549 1.33744023918 1.91 0.1 0.1 1.03366613388 1.36158370972 1.78269398212 0.0117103282491 0.193 0.0979616815801 0.20000298438
* 193 19.2570588589 0.932926895038 1.34683669392 1.92 0.1 0.1 1.03366613388 1.36158370972 1.78269398212 0.0117103282491 0.193 0.101712059297 0.204606542905
* 194 19.3572738171 0.929411606618 1.35619846444 1.93 0.1 0.1 1.02754497528 1.3820271492 1.80650210381 0.018155201811 0.196 0.0983771423812 0.199126949132
* 195 19.457600832 0.925802877817 1.36552461458 1.94 0.1 0.1 1.02754497528 1.3820271492 1.80650210381 0.0193974368375 0.196 0.102133310537 0.203711641336
* 196 19.5578198433 0.922101069503 1.37481421173 1.95 0.1 0.1 1.02067041397 1.4019203186 1.82480549812 0.023854111321 0.2 0.0986423167789 0.20017498579
* 197 19.6581587791 0.918306551855 1.38406632694 1.96 0.1 0.1 1.01698923111 1.41047716141 1.83502697945 0.0281024493745 0.2 0.0993292198335 0.200056921352
* 198 19.7584228516 0.914419704322 1.393280035 1.97 0.1 0.1 1.01090621948 1.4210896492 1.84117472172 0.0304929761675 0.2 0.0987684118931 0.200693486529
* 199 19.8587489128 0.910440915584 1.40245441456 1.98 0.1 0.1 1.00842142105 1.43297338486 1.85148978233 0.0321925956009 0.201 0.0983203013788 0.20166567616
* 200 19.9590787888 0.906370583517 1.41158854817 1.99 0.1 0.1 1.00461435318 1.44368600845 1.86132013798 0.0342237518682 0.199 0.0981502900434 0.202092606402
* 201 20.0593698025 0.902209115152 1.42068152244 2.0 0.1 0.1 0.999692440033 1.45358037949 1.86917471886 0.0363325460269 0.201 0.0980528013743 0.202696463786
* 202 20.1596858501 0.897956926631 1.42973242807 2.01 0.1 0.1 0.996821403503 1.46164703369 1.87796032429 0.037195834481 0.2 0.0989224082258 0.203692125599
* 203 20.2599859238 0.89361444317 1.43874035999 2.02 0.1 0.1 0.994029045105 1.47022294998 1.88954484463 0.0383459922503 0.201 0.0997659839066 0.20373902799
* 204 20.3603308201 0.889182099013 1.4477044174 2.03 0.1 0.1 0.994029045105 1.47022294998 1.88954484463 0.0383459922503 0.201 0.103511532115 0.20835818059
* 205 20.4605779648 0.884660337392 1.45662370391 2.04 0.1 0.1 0.994029045105 1.47022294998 1.88954484463 0.0383459922503 0.201 0.107241498332 0.213026804985
* 206 20.5608308315 0.880049610478 1.46549732759 2.05 0.1 0.1 0.989594936371 1.48099946976 1.90407335758 0.0430487506894 0.203 0.107240999193 0.211485844426
* 207 20.6610648632 0.87535037934 1.4743244011 2.06 0.1 0.1 0.973749637604 1.5102148056 1.93880236149 0.0444408294659 0.203 0.100015910834 0.199861011873
* 208 20.7613389492 0.870563113899 1.48310404173 2.07 0.1 0.1 0.969992637634 1.51975536346 1.94707548618 0.0444408294659 0.203 0.100205427847 0.201147001404
* 209 20.861620903 0.865688292876 1.49183537153 2.08 0.1 0.1 0.969992637634 1.51975536346 1.94707548618 0.044485292815 0.204 0.103962463142 0.205728852095
* 210 20.96189785 0.860726403748 1.50051751736 2.09 0.1 0.1 0.96231842041 1.5299706459 1.95570909977 0.0493049897281 0.202 0.103350993818 0.205239899197
* 211 21.0622279644 0.855677942702 1.50914961103 2.1 0.1 0.1 0.96231842041 1.5299706459 1.95570909977 0.0493049897281 0.202 0.107090609368 0.20987803646
* 212 21.1625628471 0.850543414579 1.51773078932 2.11 0.1 0.1 0.96231842041 1.5299706459 1.95570909977 0.0493049897281 0.202 0.11081449967 0.214565617358
* 213 21.2628908157 0.845323332828 1.52626019414 2.12 0.1 0.1 0.96231842041 1.5299706459 1.95570909977 0.0493049897281 0.202 0.114522292337 0.21930256505
* 214 21.3632087708 0.840018219452 1.53473697254 2.13 0.1 0.1 0.96231842041 1.5299706459 1.95570909977 0.0493049897281 0.202 0.118213616593 0.224088797761
* 215 21.4635739326 0.834628604958 1.54316027686 2.14 0.1 0.1 0.96231842041 1.5299706459 1.95570909977 0.0493049897281 0.202 0.121888103309 0.228924228787
* 216 21.5638427734 0.829155028303 1.55152926477 2.15 0.1 0.1 0.96231842041 1.5299706459 1.95570909977 0.0527031303971 0.2 0.125545385038 0.233808766503
* 217 21.6640908718 0.82359803684 1.55984309937 2.16 0.1 0.1 0.948760986328 1.55936574936 1.98469626904 0.0523253522717 0.2 0.118367193545 0.225905810649
* 218 21.764302969 0.817958186265 1.5681009493 2.17 0.1 0.1 0.948760986328 1.55936574936 1.98469626904 0.0625225447222 0.207 0.122039954382 0.230746219603
* 219 21.8645749092 0.812236040556 1.57630198878 2.18 0.1 0.1 0.948760986328 1.55936574936 1.98469626904 0.0625225447222 0.207 0.125695473112 0.235635725695
* 220 21.9649658203 0.806432171925 1.5844453977 2.19 0.1 0.1 0.948760986328 1.55936574936 1.98469626904 0.0625225447222 0.207 0.129333384187 0.240574231891
* 221 22.0653598309 0.800547160752 1.59253036174 2.2 0.1 0.1 0.948760986328 1.55936574936 1.98469626904 0.0625225447222 0.207 0.132953323818 0.245561636262
* 222 22.1656057835 0.794581595535 1.60055607241 2.21 0.1 0.1 0.892598628998 1.64983844757 2.08647727966 0.0715038796455 0.229 0.10137847099 0.203197374132
* 223 22.2658669949 0.788536072824 1.60852172713 2.22 0.1 0.1 0.892598628998 1.64983844757 2.08647727966 0.0751879844735 0.23 0.105134601576 0.207782189352
* 224 22.3664598465 0.782411197168 1.61642652935 2.23 0.1 0.1 0.873380184174 1.68114280701 2.12154889107 0.0749335530952 0.232 0.096457404737 0.198196665592
* 225 22.4667229652 0.776207581047 1.6242696886 2.24 0.1 0.1 0.873380184174 1.68114280701 2.12154889107 0.07368051677 0.23 0.100235918662 0.202706720739
* 226 22.5669839382 0.76992584482 1.63205042057 2.25 0.1 0.1 0.860178947449 1.69319343567 2.13483524323 0.068938917512 0.22 0.097996255138 0.199615402468
* 227 22.6673409939 0.763566616654 1.63976794719 2.26 0.1 0.1 0.852332115173 1.70322418213 2.14087724686 0.0662764279044 0.211 0.0971301560204 0.201174006116
* 228 22.7675747871 0.757130532467 1.64742149672 2.27 0.1 0.1 0.840762138367 1.71965122223 2.15903186798 0.065713675561 0.207 0.0940224128039 0.198317815897
* 229 22.8677949905 0.750618235862 1.6550103038 2.28 0.1 0.1 0.834200382233 1.72467136383 2.1682202816 0.0644600270103 0.205 0.095229920858 0.19795353553
* 230 22.9682188034 0.744030378063 1.66253360956 2.29 0.1 0.1 0.82567358017 1.73577308655 2.17891168594 0.0630195639018 0.202 0.0941064129916 0.197962558995
* 231 23.0684318542 0.73736761785 1.66999066168 2.3 0.1 0.1 0.8188996315 1.74317836761 2.1871984005 0.0627356726169 0.199 0.0944323287472 0.198627620748
* 232 23.1686577797 0.730630621494 1.67738071446 2.31 0.1 0.1 0.813986301422 1.74839687347 2.19617176056 0.0628744698243 0.2 0.0959120768687 0.199187900263
* 233 23.2689599991 0.723820062689 1.6847030289 2.32 0.1 0.1 0.807975769043 1.75757980347 2.20756411552 0.0621745140477 0.198 0.0960154960696 0.199563456873
* 234 23.3693029881 0.716936622485 1.69195687278 2.33 0.1 0.1 0.80272436142 1.76398277283 2.21673965454 0.0621322217339 0.198 0.09705680621 0.200319014996
* 235 23.4697299004 0.70998098922 1.69914152071 2.34 0.1 0.1 0.795953273773 1.77080631256 2.2299284935 0.0632804463627 0.199 0.0978268989064 0.199065493547
* 236 23.5699617863 0.702953858452 1.70625625424 2.35 0.1 0.1 0.788007259369 1.77694416046 2.24261546135 0.064186055269 0.2 0.098487842039 0.197369685033
* 237 23.6703379154 0.695855932889 1.7133003619 2.36 0.1 0.1 0.780178070068 1.78716087341 2.25285124779 0.0643262722421 0.2 0.0977880652241 0.198002760664
* 238 23.7706959248 0.688687922316 1.72027313928 2.37 0.1 0.1 0.780178070068 1.78716087341 2.25285124779 0.0643262722421 0.2 0.101568473105 0.202506349158
* 239 23.8710579872 0.681450543529 1.72717388911 2.38 0.1 0.1 0.780178070068 1.78716087341 2.25285124779 0.0643262722421 0.2 0.105334174291 0.207059564901
* 240 23.9713048935 0.67414452026 1.73400192133 2.39 0.1 0.1 0.780178070068 1.78716087341 2.25285124779 0.0643262722421 0.2 0.109084792216 0.21166234449
* 241 24.0717349052 0.666770583104 1.74075655314 2.4 0.1 0.1 0.745927333832 1.81533813477 2.29123926163 0.0692245916884 0.197 0.0979088861657 0.196970408408
* 242 24.1719658375 0.65932946945 1.74743710907 2.41 0.1 0.1 0.745927333832 1.81533813477 2.29123926163 0.0692245916884 0.197 0.101686948868 0.201482000827
* 243 24.2722108364 0.651821923403 1.75404292109 2.42 0.1 0.1 0.745927333832 1.81533813477 2.29123926163 0.0692245916884 0.197 0.105450244072 0.206043210609
* 244 24.3724529743 0.644248695711 1.7605733286 2.43 0.1 0.1 0.745927333832 1.81533813477 2.29123926163 0.0692245916884 0.197 0.109198395453 0.210653973553
* 245 24.4728229046 0.63661054369 1.76702767858 2.44 0.1 0.1 0.745927333832 1.81533813477 2.29123926163 0.0692245916884 0.197 0.112931028199 0.215314220501
* 246 24.5731129646 0.62890823115 1.77340532561 2.45 0.1 0.1 0.726899623871 1.83638572693 2.31866598129 0.0727206858998 0.203 0.107160759805 0.208808692554
* 247 24.6733939648 0.621142528314 1.77970563191 2.46 0.1 0.1 0.726899623871 1.83638572693 2.31866598129 0.0727206858998 0.203 0.11090495356 0.213432195927
* 248 24.7736787796 0.613314211748 1.78592796746 2.47 0.1 0.1 0.726899623871 1.83638572693 2.31866598129 0.0727206858998 0.203 0.114633532479 0.218105164706
* 249 24.8739759922 0.605424064276 1.79207171004 2.48 0.1 0.1 0.726899623871 1.83638572693 2.31866598129 0.0727206858998 0.203 0.118346123707 0.222827523515
* 250 24.9742629528 0.597472874906 1.79813624527 2.49 0.1 0.1 0.726899623871 1.83638572693 2.31866598129 0.0775985159002 0.206 0.122042355989 0.227599192037
* 251 25.0745389462 0.58946143875 1.80412096671 2.5 0.1 0.1 0.726899623871 1.83638572693 2.31866598129 0.0775985159002 0.206 0.125721859703 0.232420085024
* 252 25.1748709679 0.581390556946 1.81002527589 2.51 0.1 0.1 0.726899623871 1.83638572693 2.31866598129 0.0775985159002 0.206 0.129384266904 0.237290112305
* 253 25.2752408981 0.573261036575 1.81584858239 2.52 0.1 0.1 0.726899623871 1.83638572693 2.31866598129 0.0775985159002 0.206 0.133029211353 0.242209178797
* 254 25.3755548 0.565073690582 1.82159030387 2.53 0.1 0.1 0.726899623871 1.83638572693 2.31866598129 0.0775985159002 0.206 0.136656328559 0.247177184513
* 255 25.475771904 0.556829337696 1.82724986618 2.54 0.1 0.1 0.726899623871 1.83638572693 2.31866598129 0.0775985159002 0.206 0.140265255813 0.252194024571
* 256 25.5761389732 0.548528802343 1.83282670335 2.55 0.1 0.1 0.726899623871 1.83638572693 2.31866598129 0.0775985159002 0.206 0.143855632225 0.257259589207
* 257 25.6764338017 0.540172914572 1.83832025771 2.56 0.1 0.1 0.726899623871 1.83638572693 2.31866598129 0.0775985159002 0.206 0.147427098761 0.262373763784
* 258 25.7767210007 0.531762509963 1.84372997992 2.57 0.1 0.1 0.726899623871 1.83638572693 2.31866598129 0.0775985159002 0.206 0.150979298277 0.267536428802
* 259 25.8770148754 0.523298429551 1.84905532899 2.58 0.1 0.1 0.726899623871 1.83638572693 2.31866598129 0.0775985159002 0.206 0.154511875557 0.272747459916
* 260 25.9772968292 0.514781519736 1.85429577241 2.59 0.1 0.1 0.68910741806 1.86448764801 2.3585793972 0.0783214899914 0.208 0.142942132273 0.255796285563
* 261 26.0775778294 0.506212632203 1.85945078613 2.6 0.1 0.1 0.68910741806 1.86448764801 2.3585793972 0.0783214899914 0.208 0.146513433517 0.26091088051
* 262 26.1778759956 0.497592623832 1.86451985465 2.61 0.1 0.1 0.68910741806 1.86448764801 2.3585793972 0.0783214899914 0.208 0.150065464658 0.266073964842
* 263 26.2781667709 0.488922356617 1.86950247108 2.62 0.1 0.1 0.68910741806 1.86448764801 2.3585793972 0.0783214899914 0.208 0.153597870494 0.271285414172
* 264 26.3784408569 0.480202697579 1.87439813714 2.63 0.1 0.1 0.68910741806 1.86448764801 2.3585793972 0.0783214899914 0.208 0.157110297789 0.276545099274
* 265 26.4787099361 0.471434518675 1.87920636329 2.64 0.1 0.1 0.68910741806 1.86448764801 2.3585793972 0.0783214899914 0.208 0.160602395302 0.281852886099
* 266 26.5789239407 0.462618696716 1.88392666871 2.65 0.1 0.1 0.68910741806 1.86448764801 2.3585793972 0.0783214899914 0.208 0.164073813827 0.287208635788
* 267 26.6791629791 0.453756113277 1.88855858136 2.66 0.1 0.1 0.68910741806 1.86448764801 2.3585793972 0.0783214899914 0.208 0.167524206225 0.292612204685
* 268 26.7794148922 0.44484765461 1.89310163805 2.67 0.1 0.1 0.68910741806 1.86448764801 2.3585793972 0.0783214899914 0.208 0.17095322746 0.298063444353
* 269 26.879639864 0.435894211551 1.8975553845 2.68 0.1 0.1 0.68910741806 1.86448764801 2.3585793972 0.0783214899914 0.208 0.174360534631 0.303562201588
* 270 26.9798789024 0.426896679439 1.90191937532 2.69 0.1 0.1 0.68910741806 1.86448764801 2.3585793972 0.0783214899914 0.208 0.177745787012 0.309108318433
* 271 27.0801198483 0.417855958019 1.90619317412 2.7 0.1 0.1 0.68910741806 1.86448764801 2.3585793972 0.0783214899914 0.208 0.181108646079 0.314701632197
* 272 27.180385828 0.408772951355 1.91037635353 2.71 0.1 0.1 0.68910741806 1.86448764801 2.3585793972 0.0783214899914 0.208 0.18444877555 0.320341975468
* 273 27.2806169987 0.399648567741 1.91446849523 2.72 0.1 0.1 0.68910741806 1.86448764801 2.3585793972 0.0783214899914 0.208 0.187765841415 0.326029176131
* 274 27.3810968399 0.390483719608 1.91846919 2.73 0.1 0.1 0.68910741806 1.86448764801 2.3585793972 0.0783214899914 0.208 0.19105951197 0.331763057387
* 275 27.4814198017 0.381279323432 1.92237803779 2.74 0.1 0.1 0.68910741806 1.86448764801 2.3585793972 0.0783214899914 0.208 0.19432945785 0.337543437767
* 276 27.5816409588 0.372036299646 1.92619464771 2.75 0.1 0.1 0.68910741806 1.86448764801 2.3585793972 0.0783214899914 0.208 0.197575352063 0.343370131153
* 277 27.6818828583 0.362755572544 1.92991863811 2.76 0.1 0.1 0.68910741806 1.86448764801 2.3585793972 0.0783214899914 0.208 0.200796870023 0.349242946795
* 278 27.7822229862 0.353438070191 1.93354963658 2.77 0.1 0.1 0.68910741806 1.86448764801 2.3585793972 0.0783214899914 0.208 0.203993689581 0.355161689332
* 279 27.8825647831 0.344084724329 1.93708728003 2.78 0.1 0.1 0.68910741806 1.86448764801 2.3585793972 0.0783214899914 0.208 0.207165491058 0.36112615881
* 280 27.9829418659 0.334696470287 1.9405312147 2.79 0.1 0.1 0.68910741806 1.86448764801 2.3585793972 0.0783214899914 0.208 0.210311957275 0.367136150701
* 281 28.0832669735 0.32527424688 1.94388109621 2.8 0.1 0.1 0.452892303467 2.01182460785 2.6022040844 0.0783214899914 0.208 0.127288354587 0.239441442955
* 282 28.1835129261 0.315818996324 1.94713658955 2.81 0.1 0.1 0.452892303467 2.01182460785 2.6022040844 0.0783214899914 0.208 0.130921820811 0.244392145206
* 283 28.2837469578 0.306331664135 1.95029736919 2.82 0.1 0.1 0.452892303467 2.01182460785 2.6022040844 0.0783214899914 0.208 0.134537225206 0.249391719467
* 284 28.3839828968 0.29681319904 1.95336311906 2.83 0.1 0.1 0.452892303467 2.01182460785 2.6022040844 0.0783214899914 0.208 0.138134206237 0.254440057698
* 285 28.4842009544 0.287264552876 1.95633353257 2.84 0.1 0.1 0.452892303467 2.01182460785 2.6022040844 0.0755466875878 0.214 0.141712404207 0.259537046986
* 286 28.5848078728 0.277686680501 1.95920831269 2.85 0.1 0.1 0.452892303467 2.01182460785 2.6022040844 0.0755466875878 0.214 0.1452714613 0.264682569551
* 287 28.6850919724 0.268080539693 1.96198717195 2.86 0.1 0.1 0.452892303467 2.01182460785 2.6022040844 0.0755466875878 0.214 0.148811021613 0.26987650276
* 288 28.7853469849 0.258447091058 1.96466983246 2.87 0.1 0.1 0.452892303467 2.01182460785 2.6022040844 0.0755466875878 0.214 0.152330731193 0.275118719139
* 289 28.8855848312 0.248787297934 1.96725602596 2.88 0.1 0.1 0.452892303467 2.01182460785 2.6022040844 0.0755466875878 0.214 0.155830238072 0.280409086386
* 290 28.9858028889 0.239102126292 1.96974549382 2.89 0.1 0.1 0.357986450195 2.05080604553 2.70948624611 0.0755466875878 0.214 0.127381131056 0.232445073183
* 291 29.0860359669 0.229392544641 1.97213798712 2.9 0.1 0.1 0.357986450195 2.05080604553 2.70948624611 0.0755466875878 0.214 0.131044954436 0.237311073664
* 292 29.186262846 0.21965952393 1.97443326659 2.91 0.1 0.1 0.357986450195 2.05080604553 2.70948624611 0.0755466875878 0.214 0.134691345039 0.24222612134
* 293 29.2865028381 0.209904037454 1.97663110271 2.92 0.1 0.1 0.357986450195 2.05080604553 2.70948624611 0.0755466875878 0.214 0.138319938231 0.247190116626
* 294 29.3868308067 0.200127060754 1.9787312757 2.93 0.1 0.1 0.357986450195 2.05080604553 2.70948624611 0.0755466875878 0.214 0.141930371155 0.252202955042
* 295 29.4871587753 0.190329571518 1.98073357555 2.94 0.1 0.1 0.357986450195 2.05080604553 2.70948624611 0.0755466875878 0.214 0.14552228277 0.257264527222
* 296 29.5874898434 0.180512549488 1.98263780202 2.95 0.1 0.1 0.137834072113 2.10993289948 2.89215159416 0.163743131667 0.324 0.0713081345757 0.17908168992
* 297 29.6878149509 0.170676976358 1.9844437647 2.96 0.1 0.1 0.137834072113 2.10993289948 2.89215159416 0.163743131667 0.324 0.0751554940493 0.183339855319
* 298 29.7881929874 0.160823835676 1.98615128299 2.97 0.1 0.1 0.137834072113 2.10993289948 2.89215159416 0.163743131667 0.324 0.0789900240879 0.187647887897
* 299 29.8885259628 0.150954112749 1.98776018614 2.98 0.1 0.1 0.137834072113 2.10993289948 2.89215159416 0.141689229684 0.28 0.0828113412417 0.192005748769
* 300 29.9889729023 0.141068794541 1.98927031326 2.99 0.1 0.1 0.137834072113 2.10993289948 2.89215159416 0.141689229684 0.28 0.0866190633823 0.196413394068
* 301 30.0892658234 0.131168869575 1.99068151334 3.0 0.1 0.1 0.137834072113 2.10993289948 2.89215159416 0.141689229684 0.28 0.0904128097405 0.200870774948
* 302 30.189581871 0.121255327835 1.99199364526 3.01 0.1 0.1 0.137834072113 2.10993289948 2.89215159416 0.141689229684 0.28 0.0941922009449 0.205377837589
* 303 30.2899479866 0.111329160668 1.99320657781 3.02 0.1 0.1 0.137834072113 2.10993289948 2.89215159416 0.141689229684 0.28 0.0979568590595 0.209934523205
* 304 30.3902239799 0.101391360682 1.9943201897 3.03 0.1 0.1 0.0725927352905 2.11629581451 2.94384980202 0.0307477129656 0.047 0.0791708660019 0.190734316015
* 305 30.4905638695 0.0914429216485 1.99533436956 3.04 0.1 0.1 0.0725927352905 2.11629581451 2.94384980202 0.0307477129656 0.047 0.0829809237369 0.19513351019
* 306 30.5908010006 0.0814848384031 1.99624901599 3.05 0.1 0.1 0.0725927352905 2.11629581451 2.94384980202 0.0307477129656 0.047 0.0867770702545 0.199582448591
* 307 30.6910669804 0.071518106746 1.9970640375 3.06 0.1 0.1 0.0725927352905 2.11629581451 2.94384980202 0.0307477129656 0.047 0.0905589259434 0.204081078244
* 308 30.7913398743 0.0615437233419 1.99777935262 3.07 0.1 0.1 0.0725927352905 2.11629581451 2.94384980202 0.0307477129656 0.047 0.094326112621 0.208629341205
* 309 30.8915979862 0.0515626856209 1.99839488979 3.08 0.1 0.1 0.0595903396606 2.11990833282 2.95175170898 0.0569446195593 0.019 0.0932817522711 0.210685461894
* 310 30.991866827 0.0415759916786 1.99891058747 3.09 0.1 0.1 0.0595903396606 2.11990833282 2.95175170898 0.0569446195593 0.019 0.0970306888178 0.215293687138
* 311 31.0921468735 0.0315846401758 1.9993263941 3.1 0.1 0.1 0.0595903396606 2.11990833282 2.95175170898 0.0857871564011 0.173 0.100764125899 0.219951400051
* 312 31.1924829483 0.0215896302396 1.99964226808 3.11 0.1 0.1 0.0595903396606 2.11990833282 2.95175170898 0.0857871564011 0.173 0.104481690173 0.22465852678
* 313 31.292760849 0.0115919613624 1.99985817784 3.12 0.1 0.1 0.0595903396606 2.11990833282 2.95175170898 0.0857871564011 0.173 0.108183009887 0.229414988532
* 314 31.3930478096 0.001592633303 1.99997410178 3.13 0.1 0.1 0.0595903396606 2.11990833282 2.95175170898 0.0857871564011 0.173 0.111867714912 0.23422070158
* 315 31.4933538437 -0.00840735401428 1.99999002831 3.14 0.1 0.1 0.0595903396606 2.11990833282 2.95175170898 0.0857871564011 0.173 0.115535436781 0.23907557727
* 316 31.5937328339 -0.018407000599 1.99990595583 3.15 0.1 0.1 0.0595903396606 2.11990833282 2.95175170898 0.0871245568689 0.189 0.119185808725 0.243979522036
* 317 31.6940979958 -0.0284053064948 1.99972189277 3.16 0.1 0.1 0.0595903396606 2.11990833282 2.95175170898 0.088336891245 0.195 0.122818465709 0.248932437401
* 318 31.7943949699 -0.0384012718795 1.99943785751 3.17 0.1 0.1 -0.0284352302551 2.12569522858 3.01245093346 0.0880418138517 0.208 0.0962623111029 0.224991100021
* 319 31.894744873 -0.0483938971648 1.99905387846 3.18 0.1 0.1 -0.090699672699 2.1255273819 3.08322477341 0.0877680718128 0.208 0.080088423068 0.199823104195
* 320 31.9950299263 -0.0583821830966 1.99856999403 3.19 0.1 0.1 -0.0963535308838 2.12525272369 3.09447836876 0.0887861611829 0.211 0.0823406477941 0.199813592047
* 321 32.0953958035 -0.0683651308545 1.99798625259 3.2 0.1 0.1 -0.107640266418 2.12341403961 3.10628676414 0.0910893783444 0.217 0.0824429715374 0.198709570783
* 322 32.1957659721 -0.0783417421522 1.99730271253 3.21 0.1 0.1 -0.1330909729 2.12167072296 3.12323927879 0.0838719138977 0.209 0.0772757180983 0.195674263378
* 323 32.2961030006 -0.0883110193368 1.9965194422 3.22 0.1 0.1 -0.139553070068 2.11992359161 3.13447284698 0.0822177167516 0.207 0.0792079448614 0.195037757067
* 324 32.3964078426 -0.0982719654888 1.99563651992 3.23 0.1 0.1 -0.139553070068 2.11992359161 3.13447284698 0.0796155981488 0.203 0.0830188567334 0.199433850313
* 325 32.4967668056 -0.108223584522 1.99465403398 3.24 0.1 0.1 -0.144214630127 2.12010765076 3.14488250414 0.0778995964306 0.2 0.0856042525461 0.200063964289
* 326 32.5969839096 -0.118164881283 1.99357208263 3.25 0.1 0.1 -0.1483335495 2.12111854553 3.15769750277 0.0772327814511 0.2 0.0885572043521 0.200182924977
* 327 32.6972529888 -0.12809486165 1.99239077407 3.26 0.1 0.1 -0.159215927124 2.11767673492 3.17511850992 0.0772815268288 0.199 0.089095783703 0.19639597565
* 328 32.7976138592 -0.138012532633 1.99111022643 3.27 0.1 0.1 -0.159215927124 2.11767673492 3.17511850992 0.0784397798186 0.199 0.0929075791582 0.2007888552
* 329 32.8979868889 -0.147916902474 1.98973056776 3.28 0.1 0.1 -0.18114566803 2.11373233795 3.20462304751 0.0798664597524 0.198 0.0897801065963 0.192465895707
* 330 32.9982237816 -0.157806980744 1.98825193602 3.29 0.1 0.1 -0.18114566803 2.11373233795 3.20462304751 0.0820472393318 0.197 0.093604724855 0.196811445637
* 331 33.0986888409 -0.167681778443 1.98667447908 3.3 0.1 0.1 -0.18114566803 2.11373233795 3.20462304751 0.0820472393318 0.197 0.0974158424166 0.201206791298
* 332 33.1989438534 -0.1775403081 1.98499835468 3.31 0.1 0.1 -0.18114566803 2.11373233795 3.20462304751 0.0820472393318 0.197 0.101213078173 0.205651885076
* 333 33.2991998196 -0.18738158387 1.98322373043 3.32 0.1 0.1 -0.18114566803 2.11373233795 3.20462304751 0.0820472393318 0.197 0.104996052403 0.210146674379
* 334 33.3995409012 -0.197204621633 1.98135078379 3.33 0.1 0.1 -0.200583934784 2.10810375214 3.22900706926 0.085422694808 0.198 0.1025080383 0.202862995566
* 335 33.4997889996 -0.207008439095 1.97937970207 3.34 0.1 0.1 -0.200583934784 2.10810375214 3.22900706926 0.088825385732 0.198 0.106297311468 0.207336005035
* 336 33.6001348495 -0.21679205588 1.97731068235 3.35 0.1 0.1 -0.200583934784 2.10810375214 3.22900706926 0.0890545554024 0.199 0.110072110483 0.211858678315
* 337 33.7004919052 -0.226554493637 1.97514393154 3.36 0.1 0.1 -0.200583934784 2.10810375214 3.22900706926 0.0890545554024 0.199 0.113832057868 0.216430955058
* 338 33.8009009361 -0.236294776129 1.97287966633 3.37 0.1 0.1 -0.200583934784 2.10810375214 3.22900706926 0.0890545554024 0.199 0.117576777632 0.221052769954
* 339 33.9012289047 -0.246011929336 1.97051811312 3.38 0.1 0.1 -0.256606578827 2.10317707062 3.27981883684 0.0901147275442 0.199 0.102549693609 0.205689562212
* 340 34.0014519691 -0.255704981551 1.96805950808 3.39 0.1 0.1 -0.256606578827 2.10317707062 3.27981883684 0.0901147275442 0.199 0.106340125133 0.210158537636
* 341 34.1017258167 -0.265372963477 1.96550409706 3.4 0.1 0.1 -0.256606578827 2.10317707062 3.27981883684 0.0901147275442 0.199 0.11011611321 0.214677181553
* 342 34.2019507885 -0.275014908323 1.9628521356 3.41 0.1 0.1 -0.256606578827 2.10317707062 3.27981883684 0.0980280395744 0.205 0.113877280245 0.219245434016
* 343 34.3021807671 -0.284629851904 1.9601038889 3.42 0.1 0.1 -0.256606578827 2.10317707062 3.27981883684 0.0980280395744 0.205 0.117623250123 0.22386323012
* 344 34.4023969173 -0.294216832732 1.95725963177 3.43 0.1 0.1 -0.256606578827 2.10317707062 3.27981883684 0.0980280395744 0.205 0.121353648251 0.228530500003
* 345 34.5026288033 -0.303774892119 1.95431964865 3.44 0.1 0.1 -0.256606578827 2.10317707062 3.27981883684 0.0980280395744 0.205 0.125068101593 0.233247168857
* 346 34.6028459072 -0.313303074265 1.95128423352 3.45 0.1 0.1 -0.256606578827 2.10317707062 3.27981883684 0.102552163673 0.207 0.128766238706 0.238013156936
* 347 34.7030627728 -0.32280042636 1.94815368993 3.46 0.1 0.1 -0.256606578827 2.10317707062 3.27981883684 0.102552163673 0.207 0.132447689779 0.242828379558
* 348 34.8032939434 -0.332265998678 1.94492833092 3.47 0.1 0.1 -0.318272590637 2.08243942261 3.35965711275 0.109919265759 0.212 0.11640549027 0.208859011977
* 349 34.90366292 -0.341698844668 1.94160847904 3.48 0.1 0.1 -0.318272590637 2.08243942261 3.35965711275 0.109919265759 0.212 0.120181241656 0.213378458674
* 350 35.0038869381 -0.351098021055 1.93819446626 3.49 0.1 0.1 -0.318272590637 2.08243942261 3.35965711275 0.114125229327 0.216 0.123942165903 0.217947512907
* 351 35.1042537689 -0.360462587928 1.93468663399 3.5 0.1 0.1 -0.318272590637 2.08243942261 3.35965711275 0.114125229327 0.216 0.127687886925 0.22256610969
* 352 35.2045478821 -0.369791608838 1.93108533299 3.51 0.1 0.1 -0.318272590637 2.08243942261 3.35965711275 0.114125229327 0.216 0.131418030151 0.227234179082
* 353 35.3048968315 -0.379084150891 1.92739092341 3.52 0.1 0.1 -0.318272590637 2.08243942261 3.35965711275 0.114125229327 0.216 0.135132222571 0.231951646195
* 354 35.4051449299 -0.388339284841 1.92360377467 3.53 0.1 0.1 -0.402947425842 2.05490398407 3.43759829203 0.114125229327 0.216 0.1091078714 0.201139471325
* 355 35.5054488182 -0.397556085183 1.91972426549 3.54 0.1 0.1 -0.402947425842 2.05490398407 3.43759829203 0.114125229327 0.216 0.112909277078 0.205569769093
* 356 35.6057698727 -0.406733630242 1.91575278382 3.55 0.1 0.1 -0.402947425842 2.05490398407 3.43759829203 0.114125229327 0.216 0.116696534058 0.210049778552
* 357 35.7060439587 -0.415871002274 1.91168972679 3.56 0.1 0.1 -0.465919971466 2.02023792267 3.51902538935 0.124845434946 0.215 0.0973598210077 0.175735055433
* 358 35.8063719273 -0.424967287547 1.90753550073 3.57 0.1 0.1 -0.465919971466 2.02023792267 3.51902538935 0.124845434946 0.215 0.101227955649 0.179909001712
* 359 35.906681776 -0.434021576442 1.90329052103 3.58 0.1 0.1 -0.465919971466 2.02023792267 3.51902538935 0.124845434946 0.215 0.105083910769 0.184132869474
* 360 36.0069308281 -0.443032963537 1.8989552122 3.59 0.1 0.1 -0.465919971466 2.02023792267 3.51902538935 0.124845434946 0.215 0.108927300776 0.188406628252
* 361 36.1071648598 -0.4520005477 1.89453000777 3.6 0.1 0.1 -0.465919971466 2.02023792267 3.51902538935 0.124845434946 0.215 0.112757741335 0.192730242587
* 362 36.2073969841 -0.460923432181 1.89001535025 3.61 0.1 0.1 -0.465919971466 2.02023792267 3.51902538935 0.127950246077 0.214 0.116574849404 0.197103672038
* 363 36.3077609539 -0.469800724699 1.8854116911 3.62 0.1 0.1 -0.465919971466 2.02023792267 3.51902538935 0.127950246077 0.214 0.120378243275 0.20152687118
* 364 36.4080488682 -0.478631537532 1.88071949069 3.63 0.1 0.1 -0.465919971466 2.02023792267 3.51902538935 0.127950246077 0.214 0.124167542613 0.205999789612
* 365 36.5082747936 -0.487414987605 1.87593921823 3.64 0.1 0.1 -0.465919971466 2.02023792267 3.51902538935 0.13120379875 0.217 0.12794236849 0.210522371962
* 366 36.6084899902 -0.496150196582 1.87107135174 3.65 0.1 0.1 -0.562591552734 1.96106052399 3.63299614588 0.148579248937 0.226 0.0936690669632 0.162010199944
* 367 36.7087678909 -0.504836290948 1.86611637801 3.66 0.1 0.1 -0.562591552734 1.96106052399 3.63299614588 0.151638891047 0.231 0.0975648197013 0.166064386394
* 368 36.808991909 -0.513472402102 1.86107479253 3.67 0.1 0.1 -0.584681034088 1.94508552551 3.65925771395 0.144431810957 0.218 0.0920360364672 0.158330680457
* 369 36.909252882 -0.52205766644 1.85594709946 3.68 0.1 0.1 -0.598160266876 1.94019412994 3.67338377634 0.137412541312 0.205 0.0910334476024 0.158194260627
* 370 37.0094788074 -0.530591225441 1.85073381156 3.69 0.1 0.1 -0.598160266876 1.94019412994 3.67338377634 0.137412541312 0.205 0.0949404742481 0.162196521511
* 371 37.1097178459 -0.539072225759 1.84543545015 3.7 0.1 0.1 -0.624989509583 1.91825008392 3.69920188585 0.123395656585 0.182 0.0865288585028 0.15393718384
* 372 37.2099459171 -0.547499819298 1.84005254506 3.71 0.1 0.1 -0.624989509583 1.91825008392 3.69920188585 0.121750657034 0.178 0.090442015549 0.15791035695
* 373 37.3102807999 -0.555873163308 1.83458563459 3.72 0.1 0.1 -0.624989509583 1.91825008392 3.69920188585 0.121750657034 0.178 0.0943445541327 0.161933523613
* 374 37.4105439186 -0.56419142046 1.82903526542 3.73 0.1 0.1 -0.624989509583 1.91825008392 3.69920188585 0.121750657034 0.178 0.0982360840034 0.166006673429
* 375 37.510781765 -0.572453758937 1.82340199258 3.74 0.1 0.1 -0.633392810822 1.90994644165 3.70256358782 0.105121776747 0.158 0.0977520120396 0.167522344954
* 376 37.6109688282 -0.58065935251 1.81768637939 3.75 0.1 0.1 -0.660980224609 1.88830566406 3.726491038 0.104289239582 0.156 0.0890068659162 0.160826816062
* 377 37.7112557888 -0.588807380628 1.81188899742 3.76 0.1 0.1 -0.660980224609 1.88830566406 3.726491038 0.104289239582 0.156 0.0928953444003 0.164913513108
* 378 37.8115608692 -0.596897028494 1.80601042638 3.77 0.1 0.1 -0.674538612366 1.87939357758 3.74571711222 0.105390943051 0.158 0.0912643214366 0.161765896897
* 379 37.9118449688 -0.604927487151 1.80005125414 3.78 0.1 0.1 -0.674538612366 1.87939357758 3.74571711222 0.105390943051 0.158 0.0951519235293 0.165856461349
* 380 38.0121150017 -0.612897953559 1.79401207661 3.79 0.1 0.1 -0.674538612366 1.87939357758 3.74571711222 0.105390943051 0.158 0.099027992415 0.169996987019
* 381 38.1124768257 -0.620807630678 1.7878934977 3.8 0.1 0.1 -0.674538612366 1.87939357758 3.74571711222 0.105390943051 0.158 0.10289214049 0.174187451773
* 382 38.2128269672 -0.628655727547 1.78169612927 3.81 0.1 0.1 -0.674538612366 1.87939357758 3.74571711222 0.111345293415 0.162 0.106743981343 0.178427828483
* 383 38.3131728172 -0.636441459363 1.77542059104 3.82 0.1 0.1 -0.713116645813 1.84063339233 3.78558451334 0.111345293415 0.162 0.0912541939413 0.162581181988
* 384 38.4135007858 -0.64416404756 1.76906751056 3.83 0.1 0.1 -0.713116645813 1.84063339233 3.78558451334 0.111345293415 0.162 0.0951301072916 0.16672237
* 385 38.5137219429 -0.651822719884 1.76263752314 3.84 0.1 0.1 -0.713116645813 1.84063339233 3.78558451334 0.111345293415 0.162 0.0989940946997 0.170913496769
* 386 38.6139788628 -0.659416710476 1.75613127177 3.85 0.1 0.1 -0.713116645813 1.84063339233 3.78558451334 0.111345293415 0.162 0.10284576977 0.175154535102
* 387 38.7143309116 -0.666945259941 1.74954940707 3.86 0.1 0.1 -0.713116645813 1.84063339233 3.78558451334 0.111345293415 0.162 0.106684747339 0.179445452812
* 388 38.8146159649 -0.674407615433 1.74289258722 3.87 0.1 0.1 -0.713116645813 1.84063339233 3.78558451334 0.111345293415 0.162 0.11051064351 0.183786212727
* 389 38.914965868 -0.68180303072 1.73616147789 3.88 0.1 0.1 -0.758008003235 1.79679965973 3.83073288599 0.123707924281 0.169 0.0919398736137 0.166937123533
* 390 39.0153138638 -0.689130766269 1.7293567522 3.89 0.1 0.1 -0.773050308228 1.78359699249 3.84864169756 0.123348194285 0.168 0.0887179893751 0.164084795361
* 391 39.1156198978 -0.696390089311 1.72247909061 3.9 0.1 0.1 -0.783032417297 1.77563381195 3.85676819483 0.121847706105 0.168 0.0879307716373 0.16541651591
* 392 39.2159228325 -0.70358027392 1.71552918088 3.91 0.1 0.1 -0.78927564621 1.77092456818 3.86372381846 0.119949285286 0.167 0.0890406629507 0.167242495008
* 393 39.3162438869 -0.710700601084 1.70850771799 3.92 0.1 0.1 -0.794366836548 1.76019001007 3.87032324473 0.116599321069 0.166 0.0889028137093 0.166604894991
* 394 39.4165489674 -0.717750358776 1.70141540409 3.93 0.1 0.1 -0.801689624786 1.75402450562 3.87813598314 0.115793801425 0.166 0.089345426376 0.168005052167
* 395 39.5173208714 -0.724728842026 1.6942529484 3.94 0.1 0.1 -0.805414676666 1.74386501312 3.88595039049 0.115760923207 0.166 0.0897682814429 0.166760754598
* 396 39.6176638603 -0.731635352992 1.68702106716 3.95 0.1 0.1 -0.811701774597 1.73915958405 3.89323312441 0.116330927847 0.167 0.0908671513418 0.168629594286
* 397 39.7179419994 -0.738469201027 1.67972048355 3.96 0.1 0.1 -0.818888664246 1.73148059845 3.9023800532 0.117043413271 0.166 0.0909927186025 0.169051354912
* 398 39.8181848526 -0.745229702754 1.67235192763 3.97 0.1 0.1 -0.824188232422 1.72513866425 3.91001636187 0.116892814303 0.167 0.0919485439111 0.169923905083
* 399 39.9184999466 -0.751916182128 1.66491613624 3.98 0.1 0.1 -0.830713272095 1.71291923523 3.9186416308 0.119725781103 0.168 0.0909848467586 0.168785646348
* 400 40.0187687874 -0.758527970506 1.65741385295 3.99 0.1 0.1 -0.830713272095 1.71291923523 3.9186416308 0.119524305442 0.167 0.0948277469031 0.173061319062
* 401 40.1191308498 -0.765064406714 1.649845828 4.0 0.1 0.1 -0.835892677307 1.71086788177 3.92822200457 0.120543224234 0.168 0.0970699169731 0.174751476623
* 402 40.219370842 -0.771524837116 1.64221281817 4.01 0.1 0.1 -0.835892677307 1.71086788177 3.92822200457 0.120543224234 0.168 0.100899300552 0.17907909459
* 403 40.3196268082 -0.777908615672 1.63451558677 4.02 0.1 0.1 -0.835892677307 1.71086788177 3.92822200457 0.120543224234 0.168 0.104715320926 0.183456524206
* 404 40.4198827744 -0.784215104011 1.62675490349 4.03 0.1 0.1 -0.835892677307 1.71086788177 3.92822200457 0.120543224234 0.168 0.108517596496 0.187883719649
* 405 40.5202798843 -0.790443671489 1.61893154442 4.04 0.1 0.1 -0.835892677307 1.71086788177 3.92822200457 0.121756635208 0.168 0.112305747038 0.192360630116
* 406 40.6205129623 -0.796593695254 1.61104629188 4.05 0.1 0.1 -0.843164920807 1.70577716827 3.93632847468 0.12223923317 0.169 0.113066092708 0.194346626892
* 407 40.7207298279 -0.802664560309 1.60309993438 4.06 0.1 0.1 -0.843164920807 1.70577716827 3.93632847468 0.123177300651 0.168 0.116836950527 0.198882593052
* 408 40.8212549686 -0.808655659574 1.59509326656 4.07 0.1 0.1 -0.843164920807 1.70577716827 3.93632847468 0.124049217566 0.17 0.120592855855 0.203468145667
* 409 40.9214689732 -0.814566393941 1.58702708907 4.08 0.1 0.1 -0.867450714111 1.67245197296 3.96313792864 0.125093865949 0.172 0.109715148654 0.194252360546
* 410 41.0216958523 -0.820396172344 1.57890220853 4.09 0.1 0.1 -0.867450714111 1.67245197296 3.96313792864 0.132604550786 0.174 0.113481276703 0.198804154429
* 411 41.1219217777 -0.82614441181 1.57071943742 4.1 0.1 0.1 -0.867450714111 1.67245197296 3.96313792864 0.141264558045 0.182 0.117232332265 0.203405514046
* 412 41.2221438885 -0.831810537518 1.56247959401 4.11 0.1 0.1 -0.893640995026 1.63596820831 4.0015993754 0.154866880161 0.189 0.105430135427 0.18988638221
* 413 41.3223879337 -0.837393982862 1.55418350227 4.12 0.1 0.1 -0.893640995026 1.63596820831 4.0015993754 0.159817797912 0.197 0.109208722888 0.194396186704
* 414 41.4226529598 -0.842894189501 1.54583199182 4.13 0.1 0.1 -0.921491622925 1.59319353104 4.03936440149 0.166881901277 0.198 0.0949021424256 0.181012487621
* 415 41.5228538513 -0.848310607419 1.53742589778 4.14 0.1 0.1 -0.928299427032 1.58125305176 4.04685789744 0.167990811721 0.198 0.0937201780699 0.18149439036
* 416 41.623210907 -0.85364269498 1.52896606077 4.15 0.1 0.1 -0.928299427032 1.58125305176 4.04685789744 0.167990811721 0.198 0.0975205491991 0.185928370567
* 417 41.7234828472 -0.858889918978 1.52045332676 4.16 0.1 0.1 -0.928299427032 1.58125305176 4.04685789744 0.164831467803 0.197 0.101306743542 0.190412058485
* 418 41.8237578869 -0.864051754696 1.51188854702 4.17 0.1 0.1 -0.938558578491 1.57393550873 4.05720621744 0.162134148785 0.195 0.100854620831 0.192648283631
* 419 41.9239969254 -0.869127685954 1.50327257802 4.18 0.1 0.1 -0.938558578491 1.57393550873 4.05720621744 0.146146291324 0.187 0.104626773113 0.197179894359
* 420 42.0242619514 -0.874117205163 1.49460628134 4.19 0.1 0.1 -0.938558578491 1.57393550873 4.05720621744 0.146146291324 0.187 0.108384005944 0.201761097155
* 421 42.1246089935 -0.879019813377 1.48589052362 4.2 0.1 0.1 -0.938558578491 1.57393550873 4.05720621744 0.146146291324 0.187 0.112125943603 0.206391825816
* 422 42.2249159813 -0.883835020337 1.47712617641 4.21 0.1 0.1 -0.950898170471 1.5442481041 4.0849562327 0.151135443431 0.186 0.10508508229 0.19585459134
* 423 42.325168848 -0.888562344528 1.46831411615 4.22 0.1 0.1 -0.970370769501 1.51125955582 4.12348181406 0.15655677486 0.191 0.0957214036047 0.183768151298
* 424 42.4253959656 -0.893201313221 1.45945522404 4.23 0.1 0.1 -0.970370769501 1.51125955582 4.12348181406 0.15655677486 0.191 0.099517030956 0.188218919247
* 425 42.5257568359 -0.897751462522 1.45055038596 4.24 0.1 0.1 -0.970370769501 1.51125955582 4.12348181406 0.15655677486 0.191 0.103298353536 0.192719376404
* 426 42.6264588833 -0.902212337421 1.44160049237 4.25 0.1 0.1 -0.970370769501 1.51125955582 4.12348181406 0.15655677486 0.191 0.107064993217 0.19726946464
* 427 42.7267889977 -0.906583491834 1.43260643828 4.26 0.1 0.1 -0.970370769501 1.51125955582 4.12348181406 0.155023042673 0.191 0.110816573336 0.201869120868
* 428 42.8274419308 -0.910864488649 1.42356912306 4.27 0.1 0.1 -0.992359161377 1.47258663177 4.15996271769 0.155073982787 0.193 0.0989882621104 0.190673027781
* 429 42.9276709557 -0.915054899771 1.41448945046 4.28 0.1 0.1 -0.992359161377 1.47258663177 4.15996271769 0.16343836606 0.193 0.102764460682 0.195190957476
* 430 43.0280308723 -0.91915430616 1.40536832842 4.29 0.1 0.1 -0.992359161377 1.47258663177 4.15996271769 0.16343836606 0.193 0.106525843633 0.199758496616
* 431 43.1284639835 -0.923162297881 1.39620666905 4.3 0.1 0.1 -0.992359161377 1.47258663177 4.15996271769 0.16343836606 0.193 0.110272034829 0.204375580365
* 432 43.2288188934 -0.927078474137 1.38700538851 4.31 0.1 0.1 -0.992359161377 1.47258663177 4.15996271769 0.16343836606 0.193 0.114002659654 0.209042138934
* 433 43.3291499615 -0.930902443314 1.37776540693 4.32 0.1 0.1 -0.992359161377 1.47258663177 4.15996271769 0.16343836606 0.193 0.117717345048 0.213758097585
* 434 43.4295217991 -0.934633823019 1.36848764828 4.33 0.1 0.1 -0.992359161377 1.47258663177 4.15996271769 0.16343836606 0.193 0.121415719547 0.218523376643
* 435 43.5298438072 -0.938272240115 1.35917304034 4.34 0.1 0.1 -0.998219013214 1.4520149231 4.1801319758 0.16343836606 0.193 0.118154866258 0.212039870319
* 436 43.6301369667 -0.941817330766 1.34982251457 4.35 0.1 0.1 -0.998219013214 1.4520149231 4.1801319758 0.16343836606 0.193 0.121853519913 0.216804315279
* 437 43.7305178642 -0.945268740464 1.340437006 4.36 0.1 0.1 -0.998219013214 1.4520149231 4.1801319758 0.16343836606 0.193 0.125535499084 0.221617997509
* 438 43.8308298588 -0.948626124072 1.33101745318 4.37 0.1 0.1 -0.998219013214 1.4520149231 4.1801319758 0.16343836606 0.193 0.129200435575 0.22648082756
* 439 43.9311289787 -0.951889145853 1.32156479806 4.38 0.1 0.1 -0.998219013214 1.4520149231 4.1801319758 0.16343836606 0.193 0.132847962896 0.231392711068
* 440 44.0314638615 -0.955057479509 1.31207998589 4.39 0.1 0.1 -1.02614688873 1.39009857178 4.24544388453 0.199649558624 0.206 0.113718547672 0.205954199614
* 441 44.13180089 -0.958130808209 1.30256396515 4.4 0.1 0.1 -1.02614688873 1.39009857178 4.24544388453 0.199649558624 0.206 0.11744201584 0.210643090807
* 442 44.2321028709 -0.961108824622 1.29301768743 4.41 0.1 0.1 -1.02614688873 1.39009857178 4.24544388453 0.199649558624 0.206 0.121149376519 0.215381346691
* 443 44.3323669434 -0.96399123095 1.28344210736 4.42 0.1 0.1 -1.02614688873 1.39009857178 4.24544388453 0.199649558624 0.206 0.124840258975 0.220168885357
* 444 44.4326817989 -0.966777738953 1.27383818248 4.43 0.1 0.1 -1.02614688873 1.39009857178 4.24544388453 0.199649558624 0.206 0.128514294124 0.225005619972
* 445 44.5330147743 -0.969468069984 1.26420687317 4.44 0.1 0.1 -1.02614688873 1.39009857178 4.24544388453 0.199649558624 0.206 0.132171114566 0.22989145878
* 446 44.6333298683 -0.972061955012 1.25454914256 4.45 0.1 0.1 -1.0736451149 1.2761015892 4.35311836401 0.247176639185 0.209 0.0934408968584 0.189307236664
* 447 44.7336828709 -0.974559134651 1.24486595642 4.46 0.1 0.1 -1.0736451149 1.2761015892 4.35311836401 0.247176639185 0.209 0.097236010941 0.193759811528
* 448 44.8339498043 -0.976959359183 1.23515828306 4.47 0.1 0.1 -1.07903766632 1.24868917465 4.37061685721 0.256910719505 0.208 0.0910944243419 0.189304727879
* 449 44.9342138767 -0.97926238859 1.22542709322 4.48 0.1 0.1 -1.07903766632 1.24868917465 4.37061685721 0.278530962672 0.223 0.0948859921701 0.193769737223
* 450 45.0345518589 -0.98146799257 1.21567336004 4.49 0.1 0.1 -1.07903766632 1.24868917465 4.37061685721 0.278530962672 0.223 0.098663146747 0.198284419628
* 451 45.1347777843 -0.983575950564 1.20589805886 4.5 0.1 0.1 -1.07903766632 1.24868917465 4.37061685721 0.279853759439 0.225 0.10242551036 0.202848715546
* 452 45.2351088524 -0.985586051779 1.19610216722 4.51 0.1 0.1 -1.08513832092 1.22233200073 4.39345544973 0.298969268413 0.227 0.0968494372787 0.197054125872
* 453 45.3353049755 -0.987498095206 1.18628666469 4.52 0.1 0.1 -1.09611129761 1.18262624741 4.42750305334 0.295500840847 0.226 0.0862322466351 0.187854579161
* 454 45.4356389046 -0.989311889642 1.17645253281 4.53 0.1 0.1 -1.09611129761 1.18262624741 4.42750305334 0.277588848337 0.21 0.0900335193531 0.192285350625
* 455 45.5359268188 -0.991027253709 1.16660075499 4.54 0.1 0.1 -1.10062646866 1.13826131821 4.45658964316 0.265437817896 0.2 0.0780388338992 0.18212134741
* 456 45.6361949444 -0.992644015873 1.15673231641 4.55 0.1 0.1 -1.10062646866 1.13826131821 4.45658964316 0.25658785794 0.196 0.0818526366498 0.186506903869
* 457 45.7364058495 -0.994162014457 1.14684820389 4.56 0.1 0.1 -1.10129547119 1.12100744247 4.47317737738 0.241706928087 0.191 0.0798358402626 0.183007486621
* 458 45.8366689682 -0.995581097665 1.13694940584 4.57 0.1 0.1 -1.10129547119 1.12100744247 4.47317737738 0.247423756186 0.191 0.0836449745061 0.187410027281
* 459 45.9368858337 -0.996901123589 1.12703691213 4.58 0.1 0.1 -1.10285615921 1.1134018898 4.48288196722 0.245787921455 0.188 0.0848780833827 0.188099749989
* 460 46.0371627808 -0.998121960227 1.117111714 4.59 0.1 0.1 -1.10610723495 1.09983968735 4.50227874914 0.250873538176 0.186 0.0841682608488 0.185383602668
* 461 46.1374928951 -0.999243485496 1.10717480396 4.6 0.1 0.1 -1.10610723495 1.09983968735 4.50227874914 0.262642822775 0.187 0.0879761582497 0.189790615229
* 462 46.2378408909 -1.00026558725 1.0972271757 4.61 0.1 0.1 -1.10410165787 1.0903840065 4.51157755056 0.272066506973 0.186 0.08877071122 0.188765825059
* 463 46.3381659985 -1.00118816327 1.08726982397 4.62 0.1 0.1 -1.10777807236 1.08103704453 4.52425188223 0.291174615131 0.188 0.089329269192 0.18929712011
* 464 46.4384768009 -1.0020111213 1.0773037445 4.63 0.1 0.1 -1.10890817642 1.07419347763 4.53755468527 0.314858177623 0.187 0.0910851995269 0.18859423326
* 465 46.5386919975 -1.00273437905 1.06732993388 4.64 0.1 0.1 -1.10881471634 1.06496191025 4.55036253134 0.338855538119 0.188 0.0919758215531 0.187285036732
* 466 46.6389319897 -1.0033578642 1.05734938949 4.65 0.1 0.1 -1.10881471634 1.06496191025 4.55036253134 0.338855538119 0.188 0.0957810712658 0.19170158377
* 467 46.7391519547 -1.00388151439 1.04736310938 4.66 0.1 0.1 -1.10881471634 1.06496191025 4.55036253134 0.336753527496 0.188 0.0995722772205 0.196167857126
* 468 46.8394258022 -1.00430527726 1.03737209217 4.67 0.1 0.1 -1.10881471634 1.06496191025 4.55036253134 0.336753527496 0.188 0.1033490603 0.20068380209
* 469 46.9396438599 -1.00462911044 1.02737733694 4.68 0.1 0.1 -1.10881471634 1.06496191025 4.55036253134 0.336753527496 0.188 0.107111042828 0.205249358988
* 470 47.039880991 -1.00485298154 1.01737984316 4.69 0.1 0.1 -1.10881471634 1.06496191025 4.55036253134 0.336753527496 0.188 0.110857848611 0.209864463182
* 471 47.1401059628 -1.00497686817 1.00738061059 4.7 0.1 0.1 -1.10638999939 1.05662059784 4.55867571035 0.355737418949 0.187 0.111988145518 0.209265820749
* 472 47.2403359413 -1.00500075795 0.997380639125 4.71 0.1 0.1 -1.10638999939 1.05662059784 4.55867571035 0.359187287812 0.186 0.11571673981 0.213938741439
* 473 47.3405418396 -1.00492464849 0.987380928762 4.72 0.1 0.1 -1.11039018631 1.0259604454 4.58471197287 0.354047240254 0.186 0.108820142017 0.207781577293
* 474 47.4409427643 -1.0047485474 0.977382479462 4.73 0.1 0.1 -1.11039018631 1.0259604454 4.58471197287 0.432299088073 0.19 0.11255820632 0.212424648023
* 475 47.5411818027 -1.00447247229 0.967386291062 4.74 0.1 0.1 -1.11039018631 1.0259604454 4.58471197287 0.432299088073 0.19 0.116280508171 0.217117154946
* 476 47.6415419579 -1.00409645076 0.957393363172 4.75 0.1 0.1 -1.11039018631 1.0259604454 4.58471197287 0.448689602113 0.194 0.119986675344 0.221859020732
* 477 47.7417678833 -1.00362052042 0.947404695077 4.76 0.1 0.1 -1.11039018631 1.0259604454 4.58471197287 0.448223970386 0.198 0.123676337225 0.226650163112
* 478 47.8419859409 -1.00304472885 0.937421285635 4.77 0.1 0.1 -1.1075501442 0.990172386169 4.6284779946 0.696941966533 0.201 0.116168869896 0.209744532755
* 479 47.9433379173 -1.00236913365 0.92744413318 4.78 0.1 0.1 -1.10874271393 0.935624599457 4.70048517386 5.10983732516 0.209 0.102393628814 0.184395030243
* 480 48.0436117649 -1.00159380237 0.917474235417 4.79 0.1 0.1 -1.10874271393 0.935624599457 4.70048517386 5.10220089481 0.214 0.106212706965 0.188761190473
* 481 48.1449129581 -1.00071881253 0.907512589329 4.8 0.1 0.1 -1.09976243973 0.891372680664 4.73761457602 31.3905880367 0.215 0.0944610304906 0.174159599108
* 482 48.2451488972 -0.999744251647 0.897560191071 4.81 0.1 0.1 -1.09981155396 0.878500938416 4.74806970755 -1.51581459479 0.197 0.0937424140284 0.174613375689
* 483 48.3453729153 -0.998670217165 0.887618035875 4.82 0.1 0.1 -1.10200786591 0.875273704529 4.75904602209 -1.13003734281 0.193 0.0968705039766 0.175789449677
* 484 48.4457139969 -0.997496816489 0.877687117949 4.83 0.1 0.1 -1.10071897507 0.863543510437 4.76909202734 -0.873725311467 0.186 0.0965730110838 0.175799861288
* 485 48.5459678173 -0.996224166959 0.867768430376 4.84 0.1 0.1 -1.10015058517 0.850572109222 4.78133005301 -0.69327531438 0.182 0.0959101893763 0.175425897089
* 486 48.6461818218 -0.994852395838 0.857862965017 4.85 0.1 0.1 -1.09782648087 0.843894958496 4.79161066214 -0.58430721517 0.179 0.0975662747076 0.174762118123
* 487 48.7464368343 -0.993381640302 0.847971712409 4.86 0.1 0.1 -1.09650802612 0.830626487732 4.80281109015 -0.503074421906 0.177 0.0967159990238 0.174549053508
* 488 48.8466367722 -0.991812047426 0.838095661669 4.87 0.1 0.1 -1.09353685379 0.815528869629 4.81346267859 -0.439986472526 0.174 0.0950637474515 0.173899349846
* 489 48.9468817711 -0.990143774168 0.828235800396 4.88 0.1 0.1 -1.0926027298 0.809491634369 4.82237238089 -0.402111185862 0.175 0.0969397473063 0.174533963839
* 490 49.0471589565 -0.988376987353 0.818393114566 4.89 0.1 0.1 -1.09163475037 0.79797744751 4.82764619986 -0.393285558227 0.174 0.0965114547305 0.176897858466
* 491 49.1474919319 -0.986511863659 0.808568588439 4.9 0.1 0.1 -1.08984994888 0.791822910309 4.83498090902 -0.343863702423 0.174 0.0982275739522 0.177787316084
* 492 49.2477278709 -0.984548589596 0.798763204462 4.91 0.1 0.1 -1.08829784393 0.782865047455 4.84440654913 -0.315501405271 0.175 0.0989608091487 0.178176881248
* 493 49.3479747772 -0.982487361491 0.788977943162 4.92 0.1 0.1 -1.08248329163 0.772041320801 4.85530609289 -0.288468216938 0.177 0.0988026172592 0.176049102527
* 494 49.4484088421 -0.980328385464 0.779213783059 4.93 0.1 0.1 -1.08091211319 0.75856256485 4.86688369909 -0.262427620781 0.177 0.0978697677722 0.176018208727
* 495 49.548735857 -0.978071877411 0.769471700561 4.94 0.1 0.1 -1.08063697815 0.747095584869 4.87875694433 -0.244752572717 0.176 0.0978207069021 0.176429516643
* 496 49.6489508152 -0.975718062981 0.759752669867 4.95 0.1 0.1 -1.07915115356 0.742416381836 4.8904380242 -0.220513932336 0.176 0.100315231396 0.175777608591
* 497 49.7492759228 -0.973267177554 0.750057662872 4.96 0.1 0.1 -1.07546281815 0.732216835022 4.90014785925 -0.207329887507 0.175 0.100427754774 0.175321993462
* 498 49.8495719433 -0.970719466217 0.74038764907 4.97 0.1 0.1 -1.07258796692 0.720209598541 4.91038221518 -0.207539917248 0.176 0.099921853451 0.175289000047
* 499 49.950042963 -0.968075183737 0.730743595453 4.98 0.1 0.1 -1.06970834732 0.711743831635 4.91976350943 -0.184314415742 0.175 0.100732862076 0.175291559281
* 500 50.0503008366 -0.965334594542 0.721126466418 4.99 0.1 0.1 -1.06668519974 0.702862739563 4.92893165747 -0.171465577361 0.173 0.101357129517 0.175387661941
* 501 50.1507029533 -0.962497972687 0.711537223672 5.0 0.1 0.1 -1.06218099594 0.688200950623 4.93202156225 -0.168287363122 0.174 0.0993545292214 0.17782834402
* 502 50.2510077953 -0.959565601833 0.701976826129 5.01 0.1 0.1 -1.05887269974 0.678311824799 4.93977445761 -0.166174840604 0.173 0.0994913510614 0.178565515512
* 503 50.3513338566 -0.956537775214 0.692446229822 5.02 0.1 0.1 -1.05525827408 0.667061805725 4.94555849234 -0.152291965087 0.176 0.098983541471 0.180132194924
* 504 50.451556921 -0.953414795611 0.682946387802 5.03 0.1 0.1 -1.05525827408 0.667061805725 4.94555849234 -0.152291965087 0.176 0.102809403104 0.184473084481
* 505 50.5518298149 -0.950196975318 0.673478250047 5.04 0.1 0.1 -1.05525827408 0.667061805725 4.94555849234 -0.152291965087 0.176 0.106621799761 0.188863773968
* 506 50.6520287991 -0.946884636116 0.66404276336 5.05 0.1 0.1 -1.05008029938 0.658278465271 4.95604128042 -0.142788576486 0.176 0.107123632412 0.18759326561
* 507 50.7523667812 -0.943478109235 0.654640871284 5.06 0.1 0.1 -1.04280233383 0.629800319672 4.98448414007 -0.124652560503 0.178 0.100799335313 0.180769042333
* 508 50.8526949883 -0.939977735325 0.645273514 5.07 0.1 0.1 -1.03869962692 0.623323917389 4.99564737478 -0.115866759444 0.182 0.102277628931 0.179601363064
* 509 50.9529688358 -0.936383864421 0.635941628235 5.08 0.1 0.1 -1.03869962692 0.623323917389 4.99564737478 -0.115866759444 0.182 0.106103608531 0.18394180979
* 510 51.0533509254 -0.932696855906 0.626646147171 5.09 0.1 0.1 -1.03869962692 0.623323917389 4.99564737478 -0.115866759444 0.182 0.109916126548 0.188332056844
* 511 51.1535727978 -0.928917078479 0.617388000348 5.1 0.1 0.1 -1.03869962692 0.623323917389 4.99564737478 -0.115866759444 0.182 0.113714801735 0.19277205712
* 512 51.2538249493 -0.925044910114 0.608168113572 5.11 0.1 0.1 -1.03869962692 0.623323917389 4.99564737478 -0.11597636394 0.183 0.117499254227 0.197261758536
* 513 51.3540418148 -0.921080738025 0.598987408826 5.12 0.1 0.1 -1.03869962692 0.623323917389 4.99564737478 -0.114591287032 0.182 0.121269105581 0.201801104043
* 514 51.4542717934 -0.917024958625 0.589846804171 5.13 0.1 0.1 -1.01982307434 0.582406044006 5.02814335028 -0.095517716542 0.183 0.109220632129 0.189932805541
* 515 51.5544719696 -0.912877977489 0.58074721366 5.14 0.1 0.1 -1.0054268837 0.552775382996 5.05376285711 -0.0850817193269 0.188 0.101441392804 0.182084366117
* 516 51.6547658443 -0.908640209312 0.571689547245 5.15 0.1 0.1 -1.00177192688 0.534195899963 5.06178039709 -0.0817968865319 0.19 0.0982994006716 0.184744814658
* 517 51.7549870014 -0.904312077868 0.562674710686 5.16 0.1 0.1 -0.995920658112 0.527683258057 5.07293218771 -0.074159163799 0.185 0.0994551126116 0.183154979643
* 518 51.8553228378 -0.899894015965 0.553703605457 5.17 0.1 0.1 -0.988433361053 0.512784481049 5.08307737509 -0.0674168457779 0.185 0.0972451575235 0.18274099159
* 519 51.9556078911 -0.895386465406 0.544777128663 5.18 0.1 0.1 -0.986179351807 0.503535270691 5.08858246008 -0.0644814304549 0.185 0.0976220327802 0.185625848827
* 520 52.0559039116 -0.890789876942 0.535896172943 5.19 0.1 0.1 -0.977065563202 0.494736671448 5.09859317938 -0.0585545757982 0.185 0.0973760172232 0.183536434385
* 521 52.1562597752 -0.886104710229 0.527061626386 5.2 0.1 0.1 -0.973513126373 0.480640411377 5.10414499441 -0.0554173710475 0.184 0.0958056611491 0.186822602573
* 522 52.2564988136 -0.88133143378 0.518274372439 5.21 0.1 0.1 -0.968900203705 0.472847938538 5.11108202139 -0.0512034446462 0.184 0.0964274845974 0.18793570458
* 523 52.3567228317 -0.876470524917 0.509535289819 5.22 0.1 0.1 -0.962820529938 0.461766242981 5.11584800879 -0.0482104375286 0.185 0.0955262209549 0.189904604531
* 524 52.4571268559 -0.871522469728 0.500845252429 5.23 0.1 0.1 -0.95897769928 0.457150936127 5.12410825888 -0.0465834499192 0.187 0.097462781025 0.190317313191
* 525 52.5574607849 -0.866487763013 0.492205129264 5.24 0.1 0.1 -0.95897769928 0.457150936127 5.12410825888 -0.0453967511672 0.186 0.101245010837 0.194814659247
* 526 52.6577467918 -0.861366908241 0.48361578433 5.25 0.1 0.1 -0.950807094574 0.441784858704 5.14556688467 -0.0394562856048 0.188 0.0992889694024 0.190298257108
* 527 52.7581419945 -0.856160417491 0.475078076554 5.26 0.1 0.1 -0.945642471313 0.431737422943 5.1560630242 -0.0369798817824 0.19 0.099172942906 0.190446257523
* 528 52.8585138321 -0.850868811409 0.466592859699 5.27 0.1 0.1 -0.940574169159 0.421913146973 5.16488260428 -0.0347745822884 0.188 0.0990705718475 0.191303326075
* 529 52.958935976 -0.845492619151 0.45816098228 5.28 0.1 0.1 -0.935300827026 0.409152030945 5.17395443121 -0.033403786897 0.189 0.0979158884864 0.192679458378
* 530 53.0592288971 -0.840032378331 0.449783287479 5.29 0.1 0.1 -0.930710792542 0.398909568787 5.1809558312 -0.0303647614167 0.189 0.097666228358 0.194676287961
* 531 53.1595458984 -0.83448863497 0.441460613056 5.3 0.1 0.1 -0.930710792542 0.398909568787 5.1809558312 -0.0303647614167 0.189 0.1014438777 0.199189287526
* 532 53.2599518299 -0.828861943435 0.433193791274 5.31 0.1 0.1 -0.930710792542 0.398909568787 5.1809558312 -0.0303647614167 0.189 0.105206748857 0.203751902703
* 533 53.3602848053 -0.823152866394 0.424983648807 5.32 0.1 0.1 -0.930710792542 0.398909568787 5.1809558312 -0.0299349662224 0.19 0.108954465547 0.20836406915
* 534 53.4606459141 -0.817361974747 0.416831006662 5.33 0.1 0.1 -0.930710792542 0.398909568787 5.1809558312 -0.0299349662224 0.19 0.112686653 0.213025717569
* 535 53.5609607697 -0.81148984758 0.408736680098 5.34 0.1 0.1 -0.904173374176 0.35683298111 5.22358888785 -0.0200653623395 0.199 0.099352496513 0.198737267227
* 536 53.6612799168 -0.8055370721 0.400701478539 5.35 0.1 0.1 -0.898820877075 0.348871707916 5.2338890473 -0.0188438574725 0.202 0.0999271142556 0.198858254294
* 537 53.7615787983 -0.79950424358 0.3927262055 5.36 0.1 0.1 -0.894364356995 0.342717647552 5.25149149099 -0.0153609687413 0.202 0.101677993299 0.196065864191
* 538 53.8617908955 -0.793391965298 0.384811658501 5.37 0.1 0.1 -0.886716365814 0.337099552155 5.26695341269 -0.0131072105611 0.2 0.10283244535 0.192616734994
* 539 53.962089777 -0.787200848476 0.37695862899 5.38 0.1 0.1 -0.88028717041 0.332212924957 5.27880424658 -0.0115472809869 0.197 0.104267201351 0.190940498551
* 540 54.0624558926 -0.780931512221 0.369167902264 5.39 0.1 0.1 -0.873066902161 0.308955192566 5.28548145691 -0.0098504364833 0.195 0.099205985868 0.195994769927
* 541 54.1626839638 -0.774584583462 0.361440257389 5.4 0.1 0.1 -0.866273880005 0.300854682922 5.29467440048 -0.0084157100057 0.194 0.0993758892289 0.196227892053
* 542 54.2629899979 -0.768160696885 0.353776467122 5.41 0.1 0.1 -0.858561038971 0.292947292328 5.30391216675 -0.00634503962258 0.195 0.0994047801975 0.196058048636
* 543 54.3632028103 -0.761660494875 0.346177297836 5.42 0.1 0.1 -0.853618144989 0.289495944977 5.31637525955 -0.00517402736566 0.194 0.10164739825 0.194552072246
* 544 54.4635338783 -0.755084627446 0.338643509443 5.43 0.1 0.1 -0.846258163452 0.27475643158 5.32240009705 -0.00352321827723 0.195 0.0993694179959 0.19783489617
* 545 54.5639369488 -0.748433752179 0.331175855314 5.44 0.1 0.1 -0.837937831879 0.264639854431 5.33075189987 -0.00144710248 0.195 0.0984907678842 0.198567102933
* 546 54.6642618179 -0.741708534157 0.32377508221 5.45 0.1 0.1 -0.832448959351 0.259954929352 5.33968067566 0.00010305904035 0.196 0.100015404172 0.198698559674
* 547 54.7645778656 -0.734909645895 0.3164419302 5.46 0.1 0.1 -0.828227519989 0.27224445343 5.35066318909 0.00126463685453 0.197 0.107281855305 0.193490727539
* 548 54.8650009632 -0.728037767276 0.309177132594 5.47 0.1 0.1 -0.819931507111 0.245245933533 5.36141443649 0.00272069373571 0.197 0.10121748744 0.19848165338
* 549 54.9653148651 -0.721093585484 0.301981415865 5.48 0.1 0.1 -0.812369346619 0.237109184265 5.37457323471 0.00424831577268 0.195 0.101388107206 0.197254103259
* 550 55.0656409264 -0.714077794929 0.294855499581 5.49 0.1 0.1 -0.802981853485 0.229784488678 5.38775444428 0.00526746783843 0.196 0.101356895598 0.195106396225
* 551 55.1659657955 -0.706991097187 0.287800096325 5.5 0.1 0.1 -0.796684741974 0.224141597748 5.39727259079 0.00696085377335 0.196 0.102386974766 0.195128931177
* 552 55.2662768364 -0.699834200919 0.280815911633 5.51 0.1 0.1 -0.78876209259 0.214512825012 5.40442419449 0.00769117249538 0.195 0.101675331835 0.196766246482
* 553 55.3665897846 -0.69260782181 0.273903643917 5.52 0.1 0.1 -0.78209400177 0.209120750427 5.41318083206 0.00917511179993 0.195 0.102638712609 0.196949714479
* 554 55.4668478966 -0.685312682492 0.267063984398 5.53 0.1 0.1 -0.78209400177 0.209120750427 5.41318083206 0.00917511179993 0.195 0.106419598772 0.201451666315
* 555 55.567193985 -0.677949512473 0.260297617037 5.54 0.1 0.1 -0.766341209412 0.194961547852 5.43018341461 0.0115997408146 0.195 0.102894509353 0.197816602071
* 556 55.6674888134 -0.670519048063 0.253605218464 5.55 0.1 0.1 -0.757917404175 0.183444023132 5.43596411148 0.013302506823 0.197 0.1014205383 0.200668575228
* 557 55.7677438259 -0.663022032304 0.246987457914 5.56 0.1 0.1 -0.750142097473 0.181165218353 5.44681549469 0.0146815355947 0.197 0.103095229486 0.198745773237
* 558 55.8680257797 -0.655459214889 0.240444997158 5.57 0.1 0.1 -0.744076251984 0.172253608704 5.45678806702 0.0155704187087 0.198 0.103234444268 0.200059390924
* 559 55.9683468342 -0.647831352095 0.233978490435 5.58 0.1 0.1 -0.734498500824 0.162924289703 5.46925259033 0.0159546150227 0.199 0.102465354613 0.199301650459
* 560 56.0686349869 -0.640139206701 0.227588584392 5.59 0.1 0.1 -0.725397586823 0.158024787903 5.48228264252 0.0174859536425 0.199 0.103104094153 0.19703376543
* 561 56.1689729691 -0.632383547916 0.221275918013 5.6 0.1 0.1 -0.725397586823 0.158024787903 5.48228264252 0.0180677814809 0.197 0.106883675926 0.201540177369
* 562 56.2692558765 -0.624565151299 0.21504112256 5.61 0.1 0.1 -0.716164588928 0.151952266693 5.49146891037 0.0189069241569 0.199 0.106928416357 0.201207676598
* 563 56.3695597649 -0.616684798683 0.208884821508 5.62 0.1 0.1 -0.70204782486 0.141355991364 5.5084314386 0.020771361782 0.199 0.104771342529 0.197711024805
* 564 56.4698498249 -0.608743278097 0.20280763048 5.63 0.1 0.1 -0.693360328674 0.13506603241 5.51699257294 0.0228722389981 0.2 0.104848803881 0.198032088388
* 565 56.5701088905 -0.600741383686 0.196810157192 5.64 0.1 0.1 -0.693360328674 0.13506603241 5.51699257294 0.0228722389981 0.2 0.108620641355 0.202564759281
* 566 56.6703989506 -0.592679915633 0.190893001386 5.65 0.1 0.1 -0.683550834656 0.124104499817 5.52495479981 0.0234128751345 0.199 0.107077515008 0.204496674517
* 567 56.7706887722 -0.584559680079 0.185056754772 5.66 0.1 0.1 -0.673735618591 0.119682312012 5.53385830322 0.0239775366643 0.198 0.10734184334 0.203740037367
* 568 56.8709697723 -0.576381489039 0.17930200097 5.67 0.1 0.1 -0.657833576202 0.105268001556 5.55069160858 0.0268893194725 0.199 0.103620571069 0.201516181736
* 569 56.9712319374 -0.568146160327 0.173629315451 5.68 0.1 0.1 -0.650691509247 0.0964889526367 5.56126785675 0.0276032237817 0.201 0.103598169362 0.202755786558
* 570 57.0715479851 -0.559854517468 0.168039265478 5.69 0.1 0.1 -0.63948059082 0.0929527282715 5.57445431152 0.0283725854878 0.201 0.103871441894 0.199700038605
* 571 57.1718509197 -0.55150738962 0.162532410052 5.7 0.1 0.1 -0.6288189888 0.0850648880005 5.58579492966 0.0290275396911 0.201 0.103075629024 0.199274805221
* 572 57.2721419334 -0.543105611488 0.157109299854 5.71 0.1 0.1 -0.621511459351 0.0810866355896 5.59613180557 0.0303545863186 0.2 0.104211682592 0.198879212197
* 573 57.372456789 -0.534650023243 0.15177047719 5.72 0.1 0.1 -0.612262248993 0.0747513771057 5.60610533157 0.0308891377789 0.2 0.104148163822 0.198964765
* 574 57.4727578163 -0.526141470437 0.146516475938 5.73 0.1 0.1 -0.602971553802 0.0695252418518 5.61395693222 0.0315497827497 0.199 0.104224076788 0.199503505684
* 575 57.573032856 -0.517580803919 0.141347821494 5.74 0.1 0.1 -0.602971553802 0.0695252418518 5.61395693222 0.0315497827497 0.199 0.107991422614 0.204051237246
* 576 57.6733047962 -0.508968879748 0.136265030719 5.75 0.1 0.1 -0.593860149384 0.0629844665527 5.62306738297 0.0333313687448 0.198 0.107865085197 0.204718199836
* 577 57.7735610008 -0.500306559108 0.131268611888 5.76 0.1 0.1 -0.574304103851 0.0530996322632 5.63763380447 0.034805231523 0.199 0.103985600932 0.201436907888
* 578 57.8739049435 -0.491594708225 0.126359064638 5.77 0.1 0.1 -0.566525936127 0.0453429222107 5.64772272507 0.0361320784341 0.201 0.10404153778 0.20276120191
* 579 57.9741408825 -0.482834198277 0.121536879921 5.78 0.1 0.1 -0.557678699493 0.0424699783325 5.65921307007 0.0363506342224 0.2 0.104971943889 0.201286996692
* 580 58.0744979382 -0.474025905307 0.11680253995 5.79 0.1 0.1 -0.549232959747 0.0373449325562 5.67351770798 0.0374551018816 0.202 0.105655997844 0.199754338145
* 581 58.1747698784 -0.465170710138 0.112156518156 5.8 0.1 0.1 -0.537094593048 0.0320525169373 5.68472767273 0.0378042971585 0.201 0.104939140764 0.198528362225
* 582 58.2750658989 -0.456269498281 0.107599279137 5.81 0.1 0.1 -0.537094593048 0.0320525169373 5.68472767273 0.0378042971585 0.201 0.108707630296 0.20307227047
* 583 58.3754458427 -0.44732315985 0.103131278613 5.82 0.1 0.1 -0.537094593048 0.0320525169373 5.68472767273 0.0383531330129 0.201 0.112461107113 0.207665754836
* 584 58.4757599831 -0.438332589472 0.0987529633802 5.83 0.1 0.1 -0.537094593048 0.0320525169373 5.68472767273 0.0383531330129 0.201 0.11619919587 0.212308747893
* 585 58.5760428905 -0.429298686196 0.0944647712668 5.84 0.1 0.1 -0.529123306274 0.0284757614136 5.69440985123 0.0424601385488 0.201 0.117115200364 0.212216842835
* 586 58.6762478352 -0.420222353405 0.0902671310884 5.85 0.1 0.1 -0.489622592926 0.00735378265381 5.72888470093 0.0432692478828 0.203 0.105290263053 0.200980989652
* 587 58.7765557766 -0.411104498725 0.0861604626055 5.86 0.1 0.1 -0.478038311005 0.00294637680054 5.7389168779 0.045780968657 0.206 0.104823156839 0.20037869522
* 588 58.8769278526 -0.401946033933 0.0821451764814 5.87 0.1 0.1 -0.468888759613 -0.000784397125244 5.74964428345 0.0450793085679 0.203 0.10533631968 0.199894321635
* 589 58.9772357941 -0.392747874869 0.0782216742415 5.88 0.1 0.1 -0.459807872772 -0.00466251373291 5.75937557617 0.0454447454558 0.202 0.105783662824 0.199931585177
* 590 59.0775678158 -0.38351094134 0.0743903482327 5.89 0.1 0.1 -0.453130245209 -0.00746965408325 5.76902437607 0.0456768026428 0.2 0.107248128786 0.200170094133
* 591 59.1778469086 -0.374236157033 0.0706515815844 5.9 0.1 0.1 -0.441489219666 -0.0136156082153 5.7797951738 0.0464109044992 0.201 0.106434898739 0.200238861672
* 592 59.2781419754 -0.364924449417 0.0670057481702 5.91 0.1 0.1 -0.42949962616 -0.0192136764526 5.79088211456 0.0473512069843 0.199 0.105622612187 0.199935721455
* 593 59.3785068989 -0.355576749657 0.0634532125703 5.92 0.1 0.1 -0.419556617737 -0.0228052139282 5.8004198114 0.0474421779219 0.199 0.105801175621 0.199916539601
* 594 59.478733778 -0.346193992513 0.0599943300354 5.93 0.1 0.1 -0.410646438599 -0.0267772674561 5.80884600083 0.0486533244267 0.2 0.106205331838 0.200797605698
* 595 59.5789818764 -0.336777116255 0.0566294464508 5.94 0.1 0.1 -0.410646438599 -0.0267772674561 5.80884600083 0.048409721526 0.199 0.109965036929 0.205370680875
* 596 59.6792049408 -0.327327062562 0.0533588983021 5.95 0.1 0.1 -0.410646438599 -0.0267772674561 5.80884600083 0.048409721526 0.199 0.113709508355 0.209993293113
* 597 59.7794277668 -0.317844776431 0.0501830126413 5.96 0.1 0.1 -0.410646438599 -0.0267772674561 5.80884600083 0.048409721526 0.199 0.117438371672 0.21466537207
* 598 59.8796517849 -0.308331206083 0.0471021070545 5.97 0.1 0.1 -0.410646438599 -0.0267772674561 5.80884600083 0.048409721526 0.199 0.121151253996 0.219386842457
* 599 59.9798798561 -0.298787302867 0.0441164896296 5.98 0.1 0.1 -0.410646438599 -0.0267772674561 5.80884600083 0.048409721526 0.199 0.124847784043 0.224157624047
* 600 60.0801069736 -0.289214021166 0.0412264589258 5.99 0.1 0.1 -0.410646438599 -0.0267772674561 5.80884600083 0.048409721526 0.199 0.128527592162 0.228977631679
* 601 60.1803269386 -0.279612318299 0.0384323039438 6.0 0.1 0.1 -0.399966716766 -0.028223991394 5.81786156098 0.0505341884269 0.199 0.128777689241 0.228170215658
* 602 60.2805519104 -0.26998315443 0.0357343040968 6.01 0.1 0.1 -0.378359794617 -0.0345792770386 5.83348513046 0.0520015850823 0.201 0.124719024709 0.224396252688
* 603 60.3807709217 -0.260327492466 0.0331327291825 6.02 0.1 0.1 -0.323422431946 -0.0551080703735 5.89603186051 0.0576273978878 0.206 0.109073434661 0.201351205906
* 604 60.4811279774 -0.250646297965 0.0306278393562 6.03 0.1 0.1 -0.310483932495 -0.0597620010376 5.90580320755 0.0586776527553 0.208 0.107977144194 0.201714395667
* 605 60.5813689232 -0.24094053904 0.0282198851049 6.04 0.1 0.1 -0.290036201477 -0.0630674362183 5.9248461763 0.0599154421257 0.211 0.104809247733 0.19648470027
* 606 60.6815538406 -0.231211186257 0.0259091072219 6.05 0.1 0.1 -0.274855136871 -0.0665564537048 5.93475246826 0.0631018088796 0.214 0.103040758506 0.196072800082
* 607 60.7817878723 -0.221459212543 0.0236957367831 6.06 0.1 0.1 -0.265076637268 -0.0696287155151 5.94764519135 0.0615651759042 0.209 0.103467065276 0.195275062902
* 608 60.8819978237 -0.21168559309 0.0215799951237 6.07 0.1 0.1 -0.265076637268 -0.0696287155151 5.94764519135 0.0614887288982 0.209 0.107239863851 0.199804495229
* 609 60.9822897911 -0.201891305248 0.0195620938162 6.08 0.1 0.1 -0.254432201385 -0.0729417800903 5.9593710939 0.059436550495 0.2 0.107259414339 0.199483704786
* 610 61.0825119019 -0.192077328441 0.0176422346489 6.09 0.1 0.1 -0.243731021881 -0.0809316635132 5.97137165466 0.0593103690883 0.199 0.106713015064 0.201326194241
* 611 61.1829698086 -0.182244644057 0.0158206096061 6.1 0.1 0.1 -0.23522901535 -0.0840592384338 5.98550177017 0.0596015751596 0.198 0.107716066083 0.2003877769
* 612 61.2831709385 -0.172394235355 0.014097400849 6.11 0.1 0.1 -0.209904670715 -0.0836839675903 6.0123672525 0.0605279451516 0.199 0.1034370052 0.190390192386
* 613 61.3833708763 -0.16252708737 0.0124727806968 6.12 0.1 0.1 -0.194357872009 -0.0925998687744 6.02591038147 0.0609459185921 0.198 0.101144094282 0.191732252833
* 614 61.483648777 -0.152644186808 0.0109469116103 6.13 0.1 0.1 -0.185454368591 -0.0969829559326 6.03488636414 0.0610389848308 0.195 0.101617184498 0.193618350241
* 615 61.5838708878 -0.142746521949 0.00951994617515 6.14 0.1 0.1 -0.185454368591 -0.0969829559326 6.03488636414 0.0608117151395 0.194 0.105414790659 0.19806213472
* 616 61.6840729713 -0.132835082554 0.00819202708662 6.15 0.1 0.1 -0.173340320587 -0.0954403877258 6.04149818817 0.061085226737 0.193 0.105104357414 0.197681333483
* 617 61.7845778465 -0.122910859756 0.00696328713556 6.16 0.1 0.1 -0.164325237274 -0.092800617218 6.04874945084 0.0610697798101 0.194 0.106086320688 0.196928753272
* 618 61.8849339485 -0.112974845971 0.00583384919492 6.17 0.1 0.1 -0.153954982758 -0.0910620689392 6.06048727432 0.0624409832443 0.195 0.106677901923 0.194697063622
* 619 61.98524189 -0.103028034791 0.00480382620757 6.18 0.1 0.1 -0.144417285919 -0.0945062637329 6.07331991593 0.0630270244173 0.195 0.107188367861 0.194686720486
* 620 62.0856568813 -0.0930714208899 0.00387332117494 6.19 0.1 0.1 -0.13036441803 -0.0995192527771 6.08864784638 0.0639791747807 0.195 0.105993629361 0.194047525164
* 621 62.1859178543 -0.0831059999196 0.00304242714677 6.2 0.1 0.1 -0.114239692688 -0.101649284363 6.11705732742 0.0653273381117 0.195 0.104905077717 0.186706147702
* 622 62.2863078117 -0.0731327684145 0.00231122721175 6.21 0.1 0.1 -0.114239692688 -0.101649284363 6.11705732742 0.0656630835269 0.195 0.108719516873 0.191089375883
* 623 62.3866798878 -0.0631527236893 0.00167979448929 6.22 0.1 0.1 -0.114239692688 -0.101649284363 6.11705732742 0.0656630835269 0.195 0.112520166869 0.19552236423
* 624 62.4870398045 -0.0531668637402 0.00114819212211 6.23 0.1 0.1 -0.114239692688 -0.101649284363 6.11705732742 0.0656630835269 0.195 0.116306647645 0.200005061362
* 625 62.5872838497 -0.0431761871449 0.000716473270023 6.24 0.1 0.1 -0.0988397598267 -0.101858139038 6.13530064026 0.0672139804009 0.19 0.11510641448 0.195862013766
* 626 62.6875047684 -0.0331816929626 0.000384681104546 6.25 0.1 0.1 -0.0988397598267 -0.101858139038 6.13530064026 0.0672139804009 0.19 0.118890367025 0.200353437498
* 627 62.787719965 -0.0231843806346 0.000152848804622 6.26 0.1 0.1 -0.0988397598267 -0.101858139038 6.13530064026 0.0672139804009 0.19 0.122659705336 0.204894503252
* 628 62.887942791 -0.0131852498836 2.09995532855e-05 6.27 0.1 0.1 -0.0745520591736 -0.10218667984 6.15143585602 0.0709768965298 0.19 0.117878053429 0.201159254394
* 629 62.9881868362 -0.00318530061445 -1.08534646468e-05 6.28 0.1 0.1 -0.0320506095886 -0.103231906891 6.18976449618 0.0717381211229 0.192 0.107082896387 0.188096776859
