### Ensaio do Controlador Klancar com Laser (Meio Retângulo) ###

# Parâmetros #

# Número do Ensaio: 6
# Frequência: 10.0 Hz
# Lado Menor: 1.00 m
# Lado Maior: 3.50 m
# Velocidade Linear da Base: 0.10 m/s
# Parâmetro ksi: 0.60
# Parâmetro w_n: 0.55
# Parâmetro g: 30.00

* 1 0.0 0.0 0.0 0.0 0.1 0.0 0.0 0.0 0.0 0.0                                0.0 0.1 0.0 0.0 0.0 0.0
* 2 0.104242086411 0.01 0.0 0.0 0.1 0.0 0.0 0.0 0.0 0.015                                0.003 0.10657267069 0.0 0.01 0.0 0.0
* 3 0.205554962158 0.02 0.0 0.0 0.1 0.0 -0.00195407867432 0.00208044052124 -0.000664059305564 0.048                                -0.002 0.114430575751 -0.00576111944667 0.0219540786743 -0.00208044052124 0.000664059305564
* 4 0.307859897614 0.03 0.0 0.0 0.1 0.0 0.000784397125244 0.00153350830078 -0.00164395966567 0.071                                -0.002 0.119203949579 -0.00337591038133 0.0292156028748 -0.00153350830078 0.00164395966567
* 5 0.408483028412 0.04 0.0 0.0 0.1 0.0 0.0193314552307 0.00233936309814 -0.00184470810927 0.085                                -0.004 0.113587396976 -0.00569122922963 0.0206685447693 -0.00233936309814 0.00184470810927
* 6 0.510535001755 0.05 0.0 0.0 0.1 0.0 0.0319991111755 0.00374221801758 -0.00345451035537 0.098                                -0.005 0.111839220983 -0.00876949876973 0.0180008888245 -0.00374221801758 0.00345451035537
* 7 0.611116886139 0.06 0.0 0.0 0.1 0.0 0.0423722267151 0.00344228744507 -0.00357038178481 0.104                                -0.006 0.111593521631 -0.00779128890207 0.0176277732849 -0.00344228744507 0.00357038178481
* 8 0.712361097336 0.07 0.0 0.0 0.1 0.0 0.0529451370239 0.00221347808838 -0.0035579840187 0.107                                -0.007 0.111214072195 -0.00411980410054 0.0170548629761 -0.00221347808838 0.0035579840187
* 9 0.812779903412 0.08 0.0 0.0 0.1 0.0 0.065788269043 0.00345706939697 -0.00241500535049 0.108                                -0.007 0.109346071313 -0.00868091034002 0.014211730957 -0.00345706939697 0.00241500535049
* 10 0.913320064545 0.09 0.0 0.0 0.1 0.0 0.079972743988 0.00399255752563 -0.000675026560202 0.109                                -0.006 0.106592332273 -0.0115136911284 0.010027256012 -0.00399255752563 0.000675026560202
* 11 1.0139670372 0.1 0.0 0.0 0.1 0.0 0.0909929275513 0.00454473495483 -0.00196868577041 0.108                                -0.008 0.105925727517 -0.0122870298655 0.00900707244873 -0.00454473495483 0.00196868577041
* 12 1.11497807503 0.11 0.0 0.0 0.1 0.0 0.100090026855 0.00378131866455 -0.00239307084121 0.107                                -0.009 0.106519141593 -0.00969989111833 0.00990997314453 -0.00378131866455 0.00239307084121
* 13 1.21570706367 0.12 0.0 0.0 0.1 0.0 0.108441829681 0.00408411026001 -0.00280172028579 0.107                                -0.01 0.107603903222 -0.0103136560578 0.0115581703186 -0.00408411026001 0.00280172028579
* 14 1.316437006 0.13 0.0 0.0 0.1 0.0 0.117916107178 0.00452327728271 -0.00407487573102 0.107                                -0.01 0.107953563225 -0.0107437168831 0.0120838928223 -0.00452327728271 0.00407487573102
* 15 1.41753697395 0.14 0.0 0.0 0.1 0.0 0.12720489502 0.00442409515381 -0.00450450601056 0.107                                -0.011 0.108421799514 -0.0101385810505 0.0127951049805 -0.00442409515381 0.00450450601056
* 16 1.51850700378 0.15 0.0 0.0 0.1 0.0 0.133139610291 0.00450754165649 -0.00430566491559 0.107                                -0.011 0.111093505446 -0.0104747429718 0.0168603897095 -0.00450754165649 0.00430566491559
* 17 1.61906003952 0.16 0.0 0.0 0.1 0.0 0.146578788757 0.00538635253906 -0.00317079224624 0.108                                -0.01 0.108831998584 -0.0139472516565 0.0134212112427 -0.00538635253906 0.00317079224624
* 18 1.71964001656 0.17 0.0 0.0 0.1 0.0 0.157364845276 0.00634145736694 -0.00253898301162 0.108                                -0.009 0.108314904571 -0.0172592796327 0.0126351547241 -0.00634145736694 0.00253898301162
* 19 1.82025289536 0.18 0.0 0.0 0.1 0.0 0.167398929596 0.00588321685791 -0.00293714203872 0.108                                -0.012 0.108293159002 -0.0156080544635 0.0126010704041 -0.00588321685791 0.00293714203872
* 20 1.92078089714 0.19 0.0 0.0 0.1 0.0 0.17551279068 0.00567626953125 -0.00352889695205 0.107                                -0.014 0.109534449334 -0.0145559035184 0.0144872093201 -0.00567626953125 0.00352889695205
* 21 2.02170300484 0.2 0.0 0.0 0.1 0.0 0.185938358307 0.00598621368408 -0.00457174004987 0.108                                -0.014 0.109259100034 -0.014760741355 0.0140616416931 -0.00598621368408 0.00457174004987
* 22 2.12422800064 0.21 0.0 0.0 0.1 0.0 0.195515632629 0.00607442855835 -0.00451595010236 0.108                                -0.015 0.109537010892 -0.0150586831928 0.0144843673706 -0.00607442855835 0.00451595010236
* 23 2.22488689423 0.22 0.0 0.0 0.1 0.0 0.206091403961 0.00587606430054 -0.00479251565412 0.108                                -0.015 0.109158918073 -0.0142780570136 0.0139085960388 -0.00587606430054 0.00479251565412
* 24 2.32631707191 0.23 0.0 0.0 0.1 0.0 0.212767124176 0.00641489028931 -0.0056198281236 0.108                                -0.014 0.111348538538 -0.0152601031412 0.017232875824 -0.00641489028931 0.0056198281236
* 25 2.42787694931 0.24 0.0 0.0 0.1 0.0 0.224678039551 0.00722026824951 -0.00482589425519 0.109                                -0.014 0.110092240197 -0.0182668255229 0.0153219604492 -0.00722026824951 0.00482589425519
* 26 2.52950000763 0.25 0.0 0.0 0.1 0.0 0.235724449158 0.00824356079102 -0.003869358683 0.109                                -0.014 0.109402995613 -0.0220215839333 0.0142755508423 -0.00824356079102 0.003869358683
* 27 2.63274693489 0.26 0.0 0.0 0.1 0.0 0.246567726135 0.0085015296936 -0.00429469766095 0.109                                -0.016 0.108851585367 -0.0225085283951 0.0134322738647 -0.0085015296936 0.00429469766095
* 28 2.73798704147 0.27 0.0 0.0 0.1 0.0 0.256350517273 0.00850582122803 -0.00564653100446 0.109                                -0.019 0.109001185633 -0.0215745625576 0.0136494827271 -0.00850582122803 0.00564653100446
* 29 2.83886694908 0.28 0.0 0.0 0.1 0.0 0.265894412994 0.00930690765381 -0.00596982659772 0.108                                -0.021 0.109305708638 -0.0237438327767 0.0141055870056 -0.00930690765381 0.00596982659772
* 30 2.93946409225 0.29 0.0 0.0 0.1 0.0 0.27661895752 0.00961208343506 -0.00756103219464 0.108                                -0.022 0.108839576649 -0.0235622879801 0.0133810424805 -0.00961208343506 0.00756103219464
* 31 3.04089403152 0.3 0.0 0.0 0.1 0.0 0.284883975983 0.00861883163452 -0.00857764855027 0.108                                -0.022 0.109979811228 -0.0198287627238 0.0151160240173 -0.00861883163452 0.00857764855027
* 32 3.14152193069 0.31 0.0 0.0 0.1 0.0 0.294455051422 0.0101456642151 -0.00795156136155 0.108                                -0.022 0.110266722159 -0.0248389150656 0.0155449485779 -0.0101456642151 0.00795156136155
* 33 3.24276399612 0.32 0.0 0.0 0.1 0.0 0.305193901062 0.0106148719788 -0.00754577340558 0.109                                -0.021 0.109781082177 -0.0265489537533 0.014806098938 -0.0106148719788 0.00754577340558
* 34 3.34323787689 0.33 0.0 0.0 0.1 0.0 0.31703042984 0.0115613937378 -0.00687915505841 0.109                                -0.023 0.108574177296 -0.0298942615168 0.0129695701599 -0.0115613937378 0.00687915505841
* 35 3.44370508194 0.34 0.0 0.0 0.1 0.0 0.327633857727 0.0109190940857 -0.00646335305646 0.109                                -0.025 0.108171985194 -0.0282686703626 0.0123661422729 -0.0109190940857 0.00646335305646
* 36 3.54457092285 0.35 0.0 0.0 0.1 0.0 0.338599205017 0.0120849609375 -0.00777084054425 0.109                                -0.026 0.107551845103 -0.030880491982 0.0114007949829 -0.0120849609375 0.00777084054425
* 37 3.64556288719 0.36 0.0 0.0 0.1 0.0 0.349924564362 0.0119066238403 -0.0084598697722 0.109                                -0.027 0.106684641356 -0.0299024919244 0.0100754356384 -0.0119066238403 0.0084598697722
* 38 3.74721503258 0.37 0.0 0.0 0.1 0.0 0.361643314362 0.012167930603 -0.009381595999 0.108                                -0.029 0.105562960845 -0.0301007775918 0.00835668563843 -0.012167930603 0.009381595999
* 39 3.84761595726 0.38 0.0 0.0 0.1 0.0 0.369423866272 0.0112633705139 -0.0093496479094 0.107                                -0.029 0.107015884659 -0.0273467739202 0.010576133728 -0.0112633705139 0.0093496479094
* 40 3.94808387756 0.39 0.0 0.0 0.1 0.0 0.377867221832 0.0114884376526 -0.0091603435576 0.106                                -0.028 0.108039113934 -0.0281096581958 0.0121327781677 -0.0114884376526 0.0091603435576
* 41 4.04853200912 0.4 0.0 0.0 0.1 0.0 0.388962745667 0.0122900009155 -0.00885278359056 0.107                                -0.027 0.107321731168 -0.0307567874058 0.0110372543335 -0.0122900009155 0.00885278359056
* 42 4.14902091026 0.41 0.0 0.0 0.1 0.0 0.397784233093 0.0132508277893 -0.00955945625901 0.107                                -0.028 0.108107340546 -0.0331172282979 0.0122157669067 -0.0132508277893 0.00955945625901
* 43 4.2495200634 0.42 0.0 0.0 0.1 0.0 0.407311916351 0.013777256012 -0.00963431969285 0.106                                -0.029 0.108421672208 -0.0346308112853 0.0126880836487 -0.013777256012 0.00963431969285
* 44 4.35022306442 0.43 0.0 0.0 0.1 0.0 0.418168067932 0.0144515037537 -0.0111144222319 0.107                                -0.03 0.107875650667 -0.0356521826207 0.0118319320679 -0.0144515037537 0.0111144222319
* 45 4.45079088211 0.44 0.0 0.0 0.1 0.0 0.428471565247 0.0151643753052 -0.0115945972502 0.107                                -0.032 0.107685590822 -0.0374683273828 0.0115284347534 -0.0151643753052 0.0115945972502
* 46 4.55196094513 0.45 0.0 0.0 0.1 0.0 0.439468383789 0.0157613754272 -0.0119202770293 0.107                                -0.034 0.107037972556 -0.0390693509757 0.0105316162109 -0.0157613754272 0.0119202770293
* 47 4.65252399445 0.46 0.0 0.0 0.1 0.0 0.448435306549 0.0150632858276 -0.0119488872588 0.107                                -0.035 0.107711709197 -0.0369184756134 0.0115646934509 -0.0150632858276 0.0119488872588
* 48 4.75330901146 0.47 0.0 0.0 0.1 0.0 0.457901000977 0.0155267715454 -0.0128009952605 0.107                                -0.036 0.108074062526 -0.0376982006024 0.0120989990234 -0.0155267715454 0.0128009952605
* 49 4.85446190834 0.48 0.0 0.0 0.1 0.0 0.468477725983 0.0167455673218 -0.013061825186 0.107                                -0.036 0.107707793209 -0.0411958160481 0.0115222740173 -0.0167455673218 0.013061825186
* 50 4.95494389534 0.49 0.0 0.0 0.1 0.0 0.4760222435 0.0173583030701 -0.0139287151396 0.107                                -0.036 0.109335435713 -0.0423309143338 0.0139777565002 -0.0173583030701 0.0139287151396
* 51 5.05581903458 0.5 0.0 0.0 0.1 0.0 0.485379219055 0.0181646347046 -0.0153468288481 0.107                                -0.038 0.10978006901 -0.0437274002368 0.0146207809448 -0.0181646347046 0.0153468288481
* 52 5.15708494186 0.51 0.0 0.0 0.1 0.0 0.493560791016 0.0202393531799 -0.0166462101042 0.108                                -0.04 0.111011027891 -0.0489477279668 0.0164392089844 -0.0202393531799 0.0166462101042
* 53 5.25788497925 0.52 0.0 0.0 0.1 0.0 0.504974365234 0.0214791297913 -0.0189946331084 0.108                                -0.041 0.110124175206 -0.0510850507414 0.0150256347656 -0.0214791297913 0.0189946331084
* 54 5.35933709145 0.53 0.0 0.0 0.1 0.0 0.517931938171 0.0207185745239 -0.0178130306304 0.109                                -0.045 0.108157375011 -0.0497930721079 0.0120680618286 -0.0207185745239 0.0178130306304
* 55 5.46012401581 0.54 0.0 0.0 0.1 0.0 0.528576850891 0.0209069252014 -0.0190461315215 0.109                                -0.046 0.107750266099 -0.0495383438258 0.0114231491089 -0.0209069252014 0.0190461315215
* 56 5.56077098846 0.55 0.0 0.0 0.1 0.0 0.536484718323 0.0210175514221 -0.0197241939604 0.108                                -0.047 0.1091344253 -0.0492766441307 0.0135152816772 -0.0210175514221 0.0197241939604
* 57 5.66131806374 0.56 0.0 0.0 0.1 0.0 0.545119285583 0.0205025672913 -0.0185545124114 0.108                                -0.048 0.110011727008 -0.0484735788874 0.0148807144165 -0.0205025672913 0.0185545124114
* 58 5.76198506355 0.57 0.0 0.0 0.1 0.0 0.555526733398 0.0210638046265 -0.0194156803191 0.108                                -0.048 0.109760945095 -0.0495752443789 0.0144732666016 -0.0210638046265 0.0194156803191
* 59 5.86326098442 0.58 0.0 0.0 0.1 0.0 0.565102577209 0.020580291748 -0.0199397243559 0.109                                -0.048 0.11003946173 -0.047731785148 0.0148974227905 -0.020580291748 0.0199397243559
* 60 5.96394610405 0.59 0.0 0.0 0.1 0.0 0.573324680328 0.0224008560181 -0.0224283374846 0.109                                -0.048 0.111262423964 -0.0513223536293 0.0166753196716 -0.0224008560181 0.0224283374846
* 61 6.06470608711 0.6 0.0 0.0 0.1 0.0 0.58664226532 0.0214052200317 -0.0240204967558 0.109                                -0.048 0.109086129152 -0.0474467680696 0.0133577346802 -0.0214052200317 0.0240204967558
* 62 6.16667699814 0.61 0.0 0.0 0.1 0.0 0.598399162292 0.0216903686523 -0.0242760814726 0.11                                -0.049 0.107939191667 -0.0482512782032 0.0116008377075 -0.0216903686523 0.0242760814726
* 63 6.2683839798 0.62 0.0 0.0 0.1 0.0 0.608958244324 0.0213875770569 -0.0247047580779 0.109                                -0.048 0.107571901228 -0.0470872597051 0.0110417556763 -0.0213875770569 0.0247047580779
* 64 6.37003803253 0.63 0.0 0.0 0.1 0.0 0.617554664612 0.0205445289612 -0.0253756679595 0.108                                -0.047 0.108487698155 -0.0439878289353 0.0124453353882 -0.0205445289612 0.0253756679595
* 65 6.47066807747 0.64 0.0 0.0 0.1 0.0 0.625783443451 0.0210547447205 -0.0253389514983 0.108                                -0.047 0.109659591317 -0.0454089169031 0.0142165565491 -0.0210547447205 0.0253389514983
* 66 6.57108402252 0.65 0.0 0.0 0.1 0.0 0.637290000916 0.0222754478455 -0.026031319052 0.108                                -0.045 0.108698233401 -0.0487017122578 0.0127099990845 -0.0222754478455 0.026031319052
* 67 6.67151093483 0.66 0.0 0.0 0.1 0.0 0.645993709564 0.0204992294312 -0.0257895626128 0.108                                -0.046 0.10951699532 -0.0434430799001 0.0140062904358 -0.0204992294312 0.0257895626128
* 68 6.77209401131 0.67 0.0 0.0 0.1 0.0 0.656102657318 0.0210914611816 -0.0286286510527 0.108                                -0.046 0.109486362388 -0.0432383624318 0.0138973426819 -0.0210914611816 0.0286286510527
* 69 6.8726940155 0.68 0.0 0.0 0.1 0.0 0.668763160706 0.022355556488 -0.0300224460661 0.109                                -0.045 0.107778282881 -0.0462917612506 0.0112368392944 -0.022355556488 0.0300224460661
* 70 6.97310805321 0.69 0.0 0.0 0.1 0.0 0.681661128998 0.0209641456604 -0.0300648845732 0.108                                -0.044 0.105847399878 -0.0423513481264 0.0083388710022 -0.0209641456604 0.0300648845732
* 71 7.0735681057 0.7 0.0 0.0 0.1 0.0 0.692873954773 0.0226945877075 -0.030923191458 0.108                                -0.045 0.105094856616 -0.0470654431367 0.00712604522705 -0.0226945877075 0.030923191458
* 72 7.1746339798 0.71 0.0 0.0 0.1 0.0 0.699999809265 0.0231375694275 -0.0318320430815 0.107                                -0.044 0.107002812661 -0.0475005721383 0.0100001907349 -0.0231375694275 0.0318320430815
* 73 7.27505302429 0.72 0.0 0.0 0.1 0.0 0.709338188171 0.0222754478455 -0.0331614650786 0.106                                -0.044 0.107434251285 -0.0439331745482 0.0106618118286 -0.0222754478455 0.0331614650786
* 74 7.37572407722 0.73 0.0 0.0 0.1 0.0 0.717440128326 0.0223922729492 -0.033711258322 0.106                                -0.045 0.108689740958 -0.0437113643428 0.0125598716736 -0.0223922729492 0.033711258322
* 75 7.47608494759 0.74 0.0 0.0 0.1 0.0 0.726511955261 0.0221796035767 -0.0340912975371 0.106                                -0.045 0.109298875312 -0.0427138533632 0.0134880447388 -0.0221796035767 0.0340912975371
* 76 7.57654309273 0.75 0.0 0.0 0.1 0.0 0.736187934875 0.0213103294373 -0.0355170406401 0.107                                -0.044 0.109506791489 -0.03907510651 0.0138120651245 -0.0213103294373 0.0355170406401
* 77 7.67697787285 0.76 0.0 0.0 0.1 0.0 0.748099327087 0.0219216346741 -0.0376709140837 0.107                                -0.044 0.108288072576 -0.0396137852337 0.0119006729126 -0.0219216346741 0.0376709140837
* 78 7.77782893181 0.77 0.0 0.0 0.1 0.0 0.760673522949 0.0216684341431 -0.0388444103301 0.108                                -0.041 0.106603008126 -0.0383385427994 0.00932647705078 -0.0216684341431 0.0388444103301
* 79 7.87935090065 0.78 0.0 0.0 0.1 0.0 0.775846004486 0.0229606628418 -0.0409844554961 0.108                                -0.04 0.103262352253 -0.0413758075058 0.00415399551392 -0.0229606628418 0.0409844554961
* 80 7.98017597198 0.79 0.0 0.0 0.1 0.0 0.781411170959 0.020956993103 -0.0408857502043 0.107                                -0.04 0.106119883607 -0.0348923917898 0.00858882904053 -0.020956993103 0.0408857502043
* 81 8.08108687401 0.8 0.0 0.0 0.1 0.0 0.790440559387 0.0212068557739 -0.0424111522734 0.106                                -0.039 0.106778507344 -0.0344719887215 0.00955944061279 -0.0212068557739 0.0424111522734
* 82 8.18176198006 0.81 0.0 0.0 0.1 0.0 0.797483921051 0.0205764770508 -0.0422485508025 0.105                                -0.038 0.108701041677 -0.0323198798157 0.012516078949 -0.0205764770508 0.0422485508025
* 83 8.28224301338 0.82 0.0 0.0 0.1 0.0 0.806277275085 0.0201330184937 -0.0424802936614 0.106                                -0.036 0.109483105933 -0.0306753580316 0.0137227249146 -0.0201330184937 0.0424802936614
* 84 8.38285088539 0.83 0.0 0.0 0.1 0.0 0.81556224823 0.0197105407715 -0.0435436405241 0.107                                -0.035 0.109949610026 -0.0285703510954 0.01443775177 -0.0197105407715 0.0435436405241
* 85 8.48363399506 0.84 0.0 0.0 0.1 0.0 0.825223445892 0.0193305015564 -0.0444338954985 0.108                                -0.032 0.110168214301 -0.0267602379733 0.0147765541077 -0.0193305015564 0.0444338954985
* 86 8.58451700211 0.85 0.0 0.0 0.1 0.0 0.837263584137 0.0188546180725 -0.0442245639861 0.108                                -0.031 0.108813142263 -0.025751962998 0.012736415863 -0.0188546180725 0.0442245639861
* 87 8.68534803391 0.86 0.0 0.0 0.1 0.0 0.850049495697 0.0195412635803 -0.0447176136076 0.109                                -0.029 0.107007788243 -0.0278393281325 0.00995050430298 -0.0195412635803 0.0447176136076
* 88 8.7861199379 0.87 0.0 0.0 0.1 0.0 0.861431121826 0.0197381973267 -0.0459774173796 0.108                                -0.028 0.1061166793 -0.0277510648092 0.00856887817383 -0.0197381973267 0.0459774173796
* 89 8.8879570961 0.88 0.0 0.0 0.1 0.0 0.868559360504 0.0183997154236 -0.0458348430693 0.108                                -0.028 0.107960745904 -0.0234428523805 0.0114406394959 -0.0183997154236 0.0458348430693
* 90 8.98859786987 0.89 0.0 0.0 0.1 0.0 0.877597808838 0.0196504592896 -0.0469415821135 0.107                                -0.027 0.10863847314 -0.0262873895894 0.0124021911621 -0.0196504592896 0.0469415821135
* 91 9.08929300308 0.9 0.0 0.0 0.1 0.0 0.88605928421 0.0190453529358 -0.0469210781157 0.107                                -0.027 0.109629766835 -0.0242718755604 0.0139407157898 -0.0190453529358 0.0469210781157
* 92 9.18986701965 0.91 0.0 0.0 0.1 0.0 0.894127368927 0.0193405151367 -0.0484884418547 0.107                                -0.027 0.110918900473 -0.0237754818531 0.015872631073 -0.0193405151367 0.0484884418547
* 93 9.29042387009 0.92 0.0 0.0 0.1 0.0 0.903127193451 0.0188903808594 -0.0483854450285 0.109                                -0.024 0.111560446822 -0.0223544188064 0.0168728065491 -0.0188903808594 0.0483854450285
* 94 9.3912730217 0.93 0.0 0.0 0.1 0.0 0.915518760681 0.0193481445312 -0.0482056774199 0.109                                -0.023 0.110003607341 -0.02419957803 0.0144812393188 -0.0193481445312 0.0482056774199
* 95 9.49197506905 0.94 0.0 0.0 0.1 0.0 0.930312156677 0.0199251174927 -0.0484517253935 0.11                                -0.023 0.106876953794 -0.0264518519908 0.00968784332275 -0.0199251174927 0.0484517253935
* 96 9.59287500381 0.95 0.0 0.0 0.1 0.0 0.94019317627 0.019118309021 -0.0498760379851 0.109                                -0.023 0.106939805796 -0.023034957707 0.00980682373047 -0.019118309021 0.0498760379851
* 97 9.69397997856 0.96 0.0 0.0 0.1 0.0 0.946817874908 0.019238948822 -0.0503352321684 0.108                                -0.024 0.109162774759 -0.0225703191372 0.0131821250916 -0.019238948822 0.0503352321684
* 98 9.79481005669 0.97 0.0 0.0 0.1 0.0 0.955164909363 0.0189161300659 -0.050098720938 0.108                                -0.023 0.110235529143 -0.0215202251242 0.0148350906372 -0.0189161300659 0.050098720938
* 99 9.89577698708 0.98 0.0 0.0 0.1 0.0 0.965038776398 0.0197167396545 -0.0523265041411 0.108                                -0.023 0.110360986666 -0.0223292369554 0.0149612236023 -0.0197167396545 0.0523265041411
* 100 9.9964530468 0.99 0.0 0.0 0.1 0.0 0.974468231201 0.0192365646362 -0.0523756183684 0.109                                -0.022 0.110719303978 -0.0207664456985 0.0155317687988 -0.0192365646362 0.0523756183684
* 101 10.0970039368 1.0 0.0 0.0 0.1 0.0 0.985034942627 0.0195441246033 -0.0515072979033 0.109                                -0.022 0.11035172927 -0.0223891577224 0.014965057373 -0.0195441246033 0.0515072979033
* 102 10.1976540089 1.0 0.01 1.57079632679 0.1 0.0 0.998474597931 0.0211029052734 -0.0524080432951 0.109                                -0.021 -0.00385490907128 1.03385551559 0.00152540206909 -0.0111029052734 1.62320437009
* 103 10.2984580994 1.0 0.02 1.57079632679 0.1 0.0 1.00884485245 0.0211272239685 -0.0541051067412 0.097                                0.086 -0.0111727283905 1.06318252451 -0.00884485244751 -0.00112722396851 1.62490143354
* 104 10.399367094 1.0 0.03 1.57079632679 0.1 0.0 1.01779556274 0.0180578231812 -0.0531752742827 0.082                                0.259 -0.0174121132499 1.10032143094 -0.0177955627441 0.0119421768188 1.62397160108
* 105 10.4999680519 1.0 0.04 1.57079632679 0.1 0.0 1.02704238892 0.0195665359497 -0.0366924442351 0.054                                0.558 -0.0219232071268 1.11483247819 -0.027042388916 0.0204334640503 1.60748877103
* 106 10.6006948948 1.0 0.05 1.57079632679 0.1 0.0 1.03392410278 0.0200486183167 0.0137838255614 0.035                                0.708 -0.0206453979831 1.11462141973 -0.0339241027832 0.0299513816833 1.55701250123
* 107 10.701417923 1.0 0.06 1.57079632679 0.1 0.0 1.03636407852 0.0188360214233 0.0828583240509 0.014                                0.866 -0.0133033298189 1.11006977133 -0.0363640785217 0.0411639785767 1.48793800274
* 108 10.8019249439 1.0 0.07 1.57079632679 0.1 0.0 1.04034662247 0.0205421447754 0.143186569214 0.004                                0.94 -0.00733866480983 1.10244815892 -0.040346622467 0.0494578552246 1.42760975758
* 109 10.902739048 1.0 0.08 1.57079632679 0.1 0.0 1.03844451904 0.0208039283752 0.194994181395 0.001                                1.005 0.0021254055644 1.10083927357 -0.038444519043 0.0591960716248 1.3758021454
* 110 11.0033349991 1.0 0.09 1.57079632679 0.1 0.0 1.03425455093 0.018919467926 0.255779206753 0.003                                1.033 0.0153378680179 1.09662067492 -0.0342545509338 0.071080532074 1.31501712004
* 111 11.1047120094 1.0 0.1 1.57079632679 0.1 0.0 1.03552913666 0.0231833457947 0.316526591778 0.0                                1.063 0.0246503142643 1.07656913878 -0.0355291366577 0.0768166542053 1.25426973502
* 112 11.206043005 1.0 0.11 1.57079632679 0.1 0.0 1.03722286224 0.029363155365 0.367869704962 0.006                                1.07 0.032194616196 1.05652890837 -0.0372228622437 0.080636844635 1.20292662183
* 113 11.3069610596 1.0 0.12 1.57079632679 0.1 0.0 1.03541564941 0.0292291641235 0.418661057949 0.013                                1.069 0.0436409024171 1.04924793145 -0.0354156494141 0.0907708358765 1.15213526885
* 114 11.4092168808 1.0 0.13 1.57079632679 0.1 0.0 1.03624105453 0.0311498641968 0.476540148258 0.023                                1.064 0.0545072193704 1.03260161216 -0.0362410545349 0.0988501358032 1.09425617854
* 115 11.5097410679 1.0 0.14 1.57079632679 0.1 0.0 1.04164028168 0.0417938232422 0.528197526932 0.03                                1.054 0.0592894218149 1.00269012918 -0.0416402816772 0.0982061767578 1.04259879986
* 116 11.6104180813 1.0 0.15 1.57079632679 0.1 0.0 1.04480600357 0.0454812049866 0.571664333344 0.041                                1.04 0.0665033437047 0.993122517078 -0.0448060035706 0.104518795013 0.999131993451
* 117 11.7111508846 1.0 0.16 1.57079632679 0.1 0.0 1.0463643074 0.0527257919312 0.619912028313 0.048                                1.023 0.0742553491289 0.967733804633 -0.0463643074036 0.107274208069 0.950884298482
* 118 11.8117539883 1.0 0.17 1.57079632679 0.1 0.0 1.0552687645 0.0587286949158 0.673498153687 0.053                                1.016 0.0795941662669 0.954105757461 -0.0552687644958 0.111271305084 0.897298173108
* 119 11.9123170376 1.0 0.18 1.57079632679 0.1 0.0 1.05738306046 0.0656213760376 0.72035574913 0.062                                0.991 0.0872098202332 0.930416158934 -0.0573830604553 0.114378623962 0.850440577665
* 120 12.0128970146 1.0 0.19 1.57079632679 0.1 0.0 1.05927944183 0.0678787231445 0.776286542416 0.069                                0.981 0.0985003294198 0.908212810632 -0.0592794418335 0.122121276855 0.794509784379
* 121 12.1137180328 1.0 0.2 1.57079632679 0.1 0.0 1.06996583939 0.0814027786255 0.827748179436 0.078                                0.953 0.0999328235096 0.883657443394 -0.069965839386 0.118597221375 0.743048147359
* 122 12.2145390511 1.0 0.21 1.57079632679 0.1 0.0 1.07327318192 0.0867738723755 0.871364057064 0.085                                0.935 0.10749221677 0.865914221401 -0.0732731819153 0.123226127625 0.699432269731
* 123 12.316202879 1.0 0.22 1.57079632679 0.1 0.0 1.07773590088 0.0963616371155 0.917672455311 0.091                                0.913 0.112909639142 0.839881984206 -0.0777359008789 0.123638362885 0.653123871484
* 124 12.416960001 1.0 0.23 1.57079632679 0.1 0.0 1.08420228958 0.110650062561 0.959401547909 0.098                                0.887 0.114351521663 0.814220552847 -0.0842022895813 0.119349937439 0.611394778886
* 125 12.5180308819 1.0 0.24 1.57079632679 0.1 0.0 1.0890417099 0.121092319489 0.996608018875 0.103                                0.869 0.117796532219 0.795437610282 -0.0890417098999 0.118907680511 0.57418830792
* 126 12.6191489697 1.0 0.25 1.57079632679 0.1 0.0 1.09280633926 0.132985115051 1.03224253654 0.108                                0.842 0.120582798104 0.773031906067 -0.0928063392639 0.117014884949 0.53855379025
* 127 12.7200798988 1.0 0.26 1.57079632679 0.1 0.0 1.09997177124 0.14682674408 1.06728971004 0.111                                0.825 0.121038993585 0.757451208617 -0.0999717712402 0.11317325592 0.50350661675
* 128 12.8206570148 1.0 0.27 1.57079632679 0.1 0.0 1.10062932968 0.16094493866 1.09817564487 0.114                                0.808 0.122750153198 0.72836508424 -0.100629329681 0.10905506134 0.47262068192
* 129 12.9219710827 1.0 0.28 1.57079632679 0.1 0.0 1.10506677628 0.173140525818 1.13224053383 0.117                                0.784 0.124801342177 0.709747874929 -0.105066776276 0.106859474182 0.438555792966
* 130 13.022564888 1.0 0.29 1.57079632679 0.1 0.0 1.11036586761 0.186056613922 1.16579949856 0.119                                0.766 0.126120356229 0.693370115858 -0.110365867615 0.103943386078 0.404996828237
* 131 13.1231629848 1.0 0.3 1.57079632679 0.1 0.0 1.11064195633 0.200131416321 1.19678783417 0.121                                0.74 0.127620955659 0.664264292184 -0.110641956329 0.0998685836792 0.374008492627
* 132 13.2238259315 1.0 0.31 1.57079632679 0.1 0.0 1.11515283585 0.210932254791 1.23223996162 0.123                                0.722 0.13060396639 0.647079393472 -0.115152835846 0.0990677452087 0.338556365171
* 133 13.3244431019 1.0 0.32 1.57079632679 0.1 0.0 1.11627101898 0.226473808289 1.26520776749 0.125                                0.694 0.130999073463 0.61791919329 -0.116271018982 0.0935261917114 0.305588559308
* 134 13.4253659248 1.0 0.33 1.57079632679 0.1 0.0 1.1190495491 0.238680362701 1.29371166229 0.126                                0.676 0.132512926326 0.600586754111 -0.119049549103 0.0913196372986 0.277084664502
* 135 13.5261340141 1.0 0.34 1.57079632679 0.1 0.0 1.12014818192 0.246580600739 1.32868003845 0.129                                0.649 0.137760323446 0.576260501353 -0.120148181915 0.0934193992615 0.242116288343
* 136 13.6274220943 1.0 0.35 1.57079632679 0.1 0.0 1.12169027328 0.264108181 1.36212718487 0.13                                0.63 0.136490857549 0.547682425625 -0.121690273285 0.0858918190002 0.208669141927
* 137 13.7280008793 1.0 0.36 1.57079632679 0.1 0.0 1.12356996536 0.276786804199 1.39600467682 0.133                                0.6 0.138212066924 0.523359172803 -0.123569965363 0.0832131958008 0.174791649976
* 138 13.829200983 1.0 0.37 1.57079632679 0.1 0.0 1.12462854385 0.286097049713 1.43040668964 0.134                                0.588 0.142158072119 0.497702011665 -0.124628543854 0.0839029502869 0.140389637151
* 139 13.9297878742 1.0 0.38 1.57079632679 0.1 0.0 1.12478399277 0.301386356354 1.46991658211 0.136                                0.557 0.142639292618 0.462504929166 -0.124783992767 0.0786136436462 0.100879744687
* 140 14.0303640366 1.0 0.39 1.57079632679 0.1 0.0 1.12834692001 0.317824363708 1.50238084793 0.137                                0.535 0.141326841419 0.443909465315 -0.128346920013 0.0721756362915 0.068415478864
* 141 14.1310369968 1.0 0.4 1.57079632679 0.1 0.0 1.12823343277 0.333599090576 1.5345968008 0.139                                0.502 0.140498665488 0.415450494996 -0.12823343277 0.0664009094238 0.0361995259908
* 142 14.2316889763 1.0 0.41 1.57079632679 0.1 0.0 1.12563323975 0.350106239319 1.56829357147 0.14                                0.482 0.139159096273 0.378993215301 -0.125633239746 0.0598937606812 0.00250275532273
* 143 14.3322689533 1.0 0.42 1.57079632679 0.1 0.0 1.12818050385 0.373776435852 1.59547066689 0.139                                0.449 0.1324201122 0.36478556677 -0.128180503845 0.0462235641479 -0.0246743400905
* 144 14.4330289364 1.0 0.43 1.57079632679 0.1 0.0 1.12631654739 0.389793395996 1.61213028431 0.139                                0.424 0.129749213858 0.346474247546 -0.126316547394 0.0402066040039 -0.0413339575145
* 145 14.5337240696 1.0 0.44 1.57079632679 0.1 0.0 1.12226772308 0.404459953308 1.63041400909 0.136                                0.401 0.127928332492 0.320614083716 -0.122267723083 0.0355400466919 -0.0596176822993
* 146 14.634624958 1.0 0.45 1.57079632679 0.1 0.0 1.11953020096 0.416258335114 1.64629769325 0.134                                0.383 0.127755217388 0.300309095017 -0.119530200958 0.0337416648865 -0.0755013664577
* 147 14.7350759506 1.0 0.46 1.57079632679 0.1 0.0 1.1178021431 0.429902076721 1.66087865829 0.131                                0.353 0.126262113301 0.284642455839 -0.117802143097 0.0300979232788 -0.0900823314998
* 148 14.8356831074 1.0 0.47 1.57079632679 0.1 0.0 1.11761236191 0.442584037781 1.67294347286 0.13                                0.335 0.125286962701 0.275473187928 -0.117612361908 0.0274159622192 -0.102147146067
* 149 14.9363439083 1.0 0.48 1.57079632679 0.1 0.0 1.11519861221 0.454520225525 1.68491566181 0.128                                0.313 0.124609576022 0.259636728205 -0.115198612213 0.0254797744751 -0.114119335017
* 150 15.0369620323 1.0 0.49 1.57079632679 0.1 0.0 1.11102581024 0.465212345123 1.69970428944 0.126                                0.295 0.124708066382 0.236027432934 -0.111025810242 0.0247876548767 -0.128907962641
* 151 15.1374759674 1.0 0.5 1.57079632679 0.1 0.0 1.11010599136 0.478240966797 1.71462786198 0.126                                0.283 0.123494324457 0.223014833753 -0.110105991364 0.0217590332031 -0.143831535182
* 152 15.23843503 1.0 0.51 1.57079632679 0.1 0.0 1.10917520523 0.490836143494 1.72898519039 0.125                                0.259 0.12249384296 0.210407225587 -0.109175205231 0.0191638565063 -0.158188863597
* 153 15.338944912 1.0 0.52 1.57079632679 0.1 0.0 1.10737466812 0.503153324127 1.73936104774 0.124                                0.246 0.121338485499 0.198287385609 -0.107374668121 0.0168466758728 -0.16856472095
* 154 15.4394879341 1.0 0.53 1.57079632679 0.1 0.0 1.10326290131 0.512577056885 1.74604833126 0.123                                0.232 0.121578171342 0.180742785865 -0.103262901306 0.0174229431152 -0.175252004466
* 155 15.5399289131 1.0 0.54 1.57079632679 0.1 0.0 1.0999083519 0.527287483215 1.75541985035 0.122                                0.217 0.118568882041 0.166283239012 -0.0999083518982 0.0127125167847 -0.184623523555
* 156 15.640376091 1.0 0.55 1.57079632679 0.1 0.0 1.09539794922 0.535953521729 1.75924873352 0.122                                0.204 0.11904487896 0.149368964195 -0.0953979492187 0.0140464782715 -0.188452406726
* 157 15.7409598827 1.0 0.56 1.57079632679 0.1 0.0 1.09303045273 0.548436164856 1.76481497288 0.121                                0.187 0.117370802948 0.139644147906 -0.0930304527283 0.011563835144 -0.194018646083
* 158 15.8417999744 1.0 0.57 1.57079632679 0.1 0.0 1.09254312515 0.561475276947 1.77146434784 0.119                                0.172 0.115607943072 0.135068338028 -0.0925431251526 0.00852472305298 -0.200668021044
* 159 15.9425389767 1.0 0.58 1.57079632679 0.1 0.0 1.08909893036 0.570691585541 1.7746297121 0.118                                0.159 0.115775597375 0.122137425656 -0.0890989303589 0.00930841445923 -0.20383338531
* 160 16.0433681011 1.0 0.59 1.57079632679 0.1 0.0 1.08700323105 0.581422328949 1.77830612659 0.117                                0.152 0.115152908114 0.11371927912 -0.0870032310486 0.00857767105103 -0.2075097998
* 161 16.1445069313 1.0 0.6 1.57079632679 0.1 0.0 1.08410549164 0.594131469727 1.78301501274 0.117                                0.139 0.113170800367 0.103463399858 -0.0841054916382 0.00586853027344 -0.212218685946
* 162 16.24512887 1.0 0.61 1.57079632679 0.1 0.0 1.07814025879 0.60601568222 1.78579962254 0.116                                0.131 0.11121351478 0.0851586436306 -0.0781402587891 0.00398431777954 -0.215003295741
* 163 16.3467628956 1.0 0.62 1.57079632679 0.1 0.0 1.07354640961 0.617894172668 1.78688454628 0.114                                0.116 0.109390790024 0.0721257600884 -0.0735464096069 0.00210582733154 -0.216088219485
* 164 16.4479160309 1.0 0.63 1.57079632679 0.1 0.0 1.07264471054 0.625299930573 1.78856003284 0.112                                0.101 0.110970122643 0.0666119726276 -0.0726447105408 0.00470006942749 -0.21776370605
* 165 16.5483179092 1.0 0.64 1.57079632679 0.1 0.0 1.07076931 0.638937950134 1.7908731699 0.111                                0.091 0.108423575948 0.0618423936761 -0.0707693099976 0.00106204986572 -0.220076843104
* 166 16.648827076 1.0 0.65 1.57079632679 0.1 0.0 1.0677857399 0.645898342133 1.79256415367 0.111                                0.081 0.109980582409 0.0499098044356 -0.0677857398987 0.00410165786743 -0.221767826876
* 167 16.7495019436 1.0 0.66 1.57079632679 0.1 0.0 1.06858873367 0.65785741806 1.7943187952 0.109                                0.074 0.108878427062 0.0523085220883 -0.0685887336731 0.0021425819397 -0.223522468409
* 168 16.8499488831 1.0 0.67 1.57079632679 0.1 0.0 1.06475687027 0.669419288635 1.79577374458 0.11                                0.064 0.107347018856 0.0411159344937 -0.0647568702698 0.000580711364747 -0.224977417788
* 169 16.9504380226 1.0 0.68 1.57079632679 0.1 0.0 1.05887889862 0.68083190918 1.79501128197 0.109                                0.059 0.105568207237 0.0254010910425 -0.0588788986206 -0.000831909179687 -0.224214955172
* 170 17.0508580208 1.0 0.69 1.57079632679 0.1 0.0 1.05607223511 0.689816951752 1.79623901844 0.108                                0.048 0.105825153273 0.0156612108628 -0.0560722351074 0.000183048248292 -0.225442691645
* 171 17.1513090134 1.0 0.7 1.57079632679 0.1 0.0 1.0525803566 0.698935508728 1.79652225971 0.107                                0.042 0.105879956424 0.00466251070176 -0.0525803565979 0.00106449127197 -0.225725932917
* 172 17.2517449856 1.0 0.71 1.57079632679 0.1 0.0 1.04955434799 0.707328796387 1.79781854153 0.107                                0.03 0.106475601214 -0.00616941555243 -0.0495543479919 0.00267120361328 -0.227022214732
* 173 17.3522510529 1.0 0.72 1.57079632679 0.1 0.0 1.04660844803 0.717511177063 1.79878103733 0.106                                0.02 0.105929661865 -0.0153271715912 -0.0466084480286 0.00248882293701 -0.227984710536
* 174 17.4527070522 1.0 0.73 1.57079632679 0.1 0.0 1.04299163818 0.722470760345 1.79929995537 0.105                                0.005 0.108621512268 -0.0296820892695 -0.0429916381836 0.00752923965454 -0.228503628573
* 175 17.553164959 1.0 0.74 1.57079632679 0.1 0.0 1.04584026337 0.729084014893 1.80260813236 0.105                                -0.0 0.111229922787 -0.0260434728521 -0.0458402633667 0.0109159851074 -0.231811805567
* 176 17.6536278725 1.0 0.75 1.57079632679 0.1 0.0 1.04159784317 0.739873409271 1.80341637135 0.107                                -0.01 0.110086013261 -0.0384645680883 -0.0415978431702 0.0101265907288 -0.232620044551
* 177 17.7541799545 1.0 0.76 1.57079632679 0.1 0.0 1.0389752388 0.750836372375 1.80381608009 0.108                                -0.015 0.10907294956 -0.0457386885955 -0.0389752388 0.00916362762451 -0.233019753298
* 178 17.8546469212 1.0 0.77 1.57079632679 0.1 0.0 1.03655910492 0.762023925781 1.80354428291 0.109                                -0.027 0.107947045632 -0.0517766626026 -0.0365591049194 0.00797607421875 -0.232747956118
* 179 17.9550700188 1.0 0.78 1.57079632679 0.1 0.0 1.03304576874 0.768281459808 1.80198180676 0.108                                -0.032 0.109813556481 -0.0635060646772 -0.0330457687378 0.0117185401917 -0.23118547996
* 180 18.0555489063 1.0 0.79 1.57079632679 0.1 0.0 1.03171062469 0.778788089752 1.80173671246 0.108                                -0.04 0.109289404808 -0.0668822222934 -0.0317106246948 0.0112119102478 -0.230940385661
* 181 18.1561479568 1.0 0.8 1.57079632679 0.1 0.0 1.02650499344 0.786624908447 1.80128848553 0.108                                -0.047 0.109893840449 -0.0832496600194 -0.0265049934387 0.0133750915527 -0.230492158732
* 182 18.2567830086 1.0 0.81 1.57079632679 0.1 0.0 1.0255317688 0.797574043274 1.80099415779 0.108                                -0.058 0.109142826733 -0.0852323306778 -0.0255317687988 0.0124259567261 -0.230197830996
* 183 18.3573019505 1.0 0.82 1.57079632679 0.1 0.0 1.02315664291 0.805323600769 1.80003798008 0.109                                -0.066 0.110236458073 -0.0930256179778 -0.0231566429138 0.014676399231 -0.229241653285
* 184 18.4579179287 1.0 0.83 1.57079632679 0.1 0.0 1.01783132553 0.816777706146 1.79812288284 0.109                                -0.075 0.108535597164 -0.106236424898 -0.017831325531 0.0132222938538 -0.227326556048
* 185 18.5583820343 1.0 0.84 1.57079632679 0.1 0.0 1.01862716675 0.826264858246 1.79669189453 0.109                                -0.081 0.108999873218 -0.10324110886 -0.018627166748 0.0137351417542 -0.225895567736
* 186 18.658919096 1.0 0.85 1.57079632679 0.1 0.0 1.01511621475 0.834845542908 1.79435527325 0.109                                -0.091 0.109426804178 -0.112797101324 -0.0151162147522 0.0151544570923 -0.223558946452
* 187 18.7593970299 1.0 0.86 1.57079632679 0.1 0.0 1.01455926895 0.845326900482 1.79052114487 0.109                                -0.094 0.109093762875 -0.111384698712 -0.0145592689514 0.0146730995178 -0.219724818072
* 188 18.8598430157 1.0 0.87 1.57079632679 0.1 0.0 1.01197290421 0.851702213287 1.78834497929 0.108                                -0.102 0.1110845127 -0.119763477582 -0.0119729042053 0.0182977867126 -0.217548652491
* 189 18.9603090286 1.0 0.88 1.57079632679 0.1 0.0 1.00745773315 0.86168050766 1.78509068489 0.108                                -0.104 0.110520446372 -0.130674532833 -0.0074577331543 0.0183194923401 -0.214294358096
* 190 19.0607759953 1.0 0.89 1.57079632679 0.1 0.0 1.00564432144 0.868755817413 1.78292226791 0.109                                -0.113 0.112189741197 -0.136288140068 -0.00564432144165 0.0212441825867 -0.212125941119
* 191 19.1611909866 1.0 0.9 1.57079632679 0.1 0.0 1.00214290619 0.878067493439 1.78012621403 0.109                                -0.118 0.112210552497 -0.144970277494 -0.00214290618896 0.0219325065613 -0.209329887233
* 192 19.2616419792 1.0 0.91 1.57079632679 0.1 0.0 1.00227594376 0.889775753021 1.77842199802 0.11                                -0.127 0.111167917132 -0.142291231441 -0.0022759437561 0.0202242469788 -0.207625671229
* 193 19.362210989 1.0 0.92 1.57079632679 0.1 0.0 0.998672485352 0.897086143494 1.77096486092 0.111                                -0.132 0.112589629799 -0.149135406329 0.00132751464844 0.0229138565063 -0.200168534121
* 194 19.462843895 1.0 0.93 1.57079632679 0.1 0.0 0.995209217072 0.907965660095 1.76571536064 0.111                                -0.136 0.111704645983 -0.155017349153 0.00479078292847 0.0220343399048 -0.194919033847
* 195 19.5637750626 1.0 0.94 1.57079632679 0.1 0.0 0.99454164505 0.914656639099 1.7598952055 0.111                                -0.14 0.113903450329 -0.154663301236 0.00545835494995 0.0253433609009 -0.189098878703
* 196 19.6645629406 1.0 0.95 1.57079632679 0.1 0.0 0.992050647736 0.925795078278 1.75455605984 0.111                                -0.146 0.113002888139 -0.15749446258 0.0079493522644 0.0242049217224 -0.183759733042
* 197 19.7650380135 1.0 0.96 1.57079632679 0.1 0.0 0.990557670593 0.930322170258 1.75011813641 0.112                                -0.149 0.116483023262 -0.161615299676 0.00944232940674 0.0296778297424 -0.179321809611
* 198 19.8654859066 1.0 0.97 1.57079632679 0.1 0.0 0.987976074219 0.940574645996 1.74727880955 0.113                                -0.153 0.116099144172 -0.167006043777 0.0120239257813 0.0294253540039 -0.176482482753
* 199 19.9659490585 1.0 0.98 1.57079632679 0.1 0.0 0.987133026123 0.94957780838 1.74218940735 0.113                                -0.155 0.116794954 -0.166252360911 0.012866973877 0.0304221916199 -0.171393080554
* 200 20.0664160252 1.0 0.99 1.57079632679 0.1 0.0 0.984753131866 0.961326599121 1.73848199844 0.114                                -0.16 0.115506549511 -0.169670153463 0.0152468681335 0.0286734008789 -0.167685671649
* 201 20.1668319702 1.0 1.0 1.57079632679 0.1 0.0 0.979431152344 0.970754146576 1.73192667961 0.115                                -0.163 0.115509054003 -0.180888995595 0.0205688476563 0.0292458534241 -0.161130352816
* 202 20.267236948 1.0 1.01 1.57079632679 0.1 0.0 0.98120880127 0.982444763184 1.72572767735 0.115                                -0.166 0.114790543747 -0.1702859687 0.0187911987305 0.0275552368164 -0.15493135055
* 203 20.3677000999 1.0 1.02 1.57079632679 0.1 0.0 0.979100704193 0.992969989777 1.71451628208 0.115                                -0.17 0.114584366704 -0.168128045622 0.0208992958069 0.0270300102234 -0.143719955287
* 204 20.4681420326 1.0 1.03 1.57079632679 0.1 0.0 0.975561618805 1.00306558609 1.70597410202 0.115                                -0.169 0.11446465144 -0.172383785523 0.0244383811951 0.0269344139099 -0.135177775225
* 205 20.568572998 1.0 1.04 1.57079632679 0.1 0.0 0.976225852966 1.01180934906 1.69581639767 0.114                                -0.169 0.115655214792 -0.1634830266 0.0237741470337 0.0281906509399 -0.125020070872
* 206 20.6693968773 1.0 1.05 1.57079632679 0.1 0.0 0.976053714752 1.02012491226 1.6880133152 0.114                                -0.169 0.116974295275 -0.158870322854 0.0239462852478 0.029875087738 -0.117216988406
* 207 20.7699999809 1.0 1.06 1.57079632679 0.1 0.0 0.971377372742 1.02633142471 1.68079948425 0.115                                -0.166 0.11932577985 -0.168738881782 0.0286226272583 0.0336685752869 -0.110003157458
* 208 20.8709480762 1.0 1.07 1.57079632679 0.1 0.0 0.96672296524 1.03435516357 1.67872357368 0.115                                -0.164 0.120354017299 -0.181706017277 0.0332770347595 0.0356448364258 -0.10792724689
* 209 20.9722440243 1.0 1.08 1.57079632679 0.1 0.0 0.970101833344 1.04709529877 1.67524790764 0.116                                -0.168 0.118915439108 -0.168150345231 0.0298981666565 0.0329047012329 -0.104451580844
* 210 21.0729649067 1.0 1.09 1.57079632679 0.1 0.0 0.967285633087 1.05844736099 1.67182421684 0.118                                -0.172 0.117954251604 -0.173591806501 0.0327143669128 0.0315526390076 -0.101027890048
* 211 21.1733810902 1.0 1.1 1.57079632679 0.1 0.0 0.967871189117 1.07015132904 1.66691434383 0.118                                -0.17 0.117039795039 -0.167710479749 0.0321288108826 0.0298486709595 -0.096118017039
* 212 21.2739200592 1.0 1.11 1.57079632679 0.1 0.0 0.965191364288 1.08190822601 1.66016864777 0.117                                -0.171 0.115949013217 -0.170272480172 0.0348086357117 0.0280917739868 -0.0893723209712
* 213 21.3744819164 1.0 1.12 1.57079632679 0.1 0.0 0.962705135345 1.09326934814 1.65109491348 0.117                                -0.17 0.115224126346 -0.170734079159 0.0372948646545 0.0267306518555 -0.0802985866878
* 214 21.47498703 1.0 1.13 1.57079632679 0.1 0.0 0.961994171143 1.10085344315 1.64022839069 0.116                                -0.17 0.11713695213 -0.165444417709 0.0380058288574 0.0291465568542 -0.0694320638988
* 215 21.5754740238 1.0 1.14 1.57079632679 0.1 0.0 0.960251331329 1.11257839203 1.63207006454 0.116                                -0.169 0.116202026675 -0.164332952888 0.0397486686707 0.0274216079712 -0.0612737377498
* 216 21.6760480404 1.0 1.15 1.57079632679 0.1 0.0 0.958724021912 1.12319993973 1.62484633923 0.116                                -0.167 0.115977411357 -0.163515911035 0.0412759780884 0.0268000602722 -0.0540500124309
* 217 21.7764630318 1.0 1.16 1.57079632679 0.1 0.0 0.959184169769 1.13306665421 1.62049663067 0.116                                -0.166 0.116224305329 -0.158976798234 0.0408158302307 0.0269333457947 -0.0497003038737
* 218 21.8768808842 1.0 1.17 1.57079632679 0.1 0.0 0.958355426788 1.14108276367 1.6158093214 0.115                                -0.164 0.117654142039 -0.158296367239 0.0416445732117 0.0289172363281 -0.0450129946086
* 219 21.9780910015 1.0 1.18 1.57079632679 0.1 0.0 0.956993579865 1.15091085434 1.61023390293 0.116                                -0.161 0.117912233695 -0.158280684335 0.0430064201355 0.0290891456604 -0.0394375761363
* 220 22.0785119534 1.0 1.19 1.57079632679 0.1 0.0 0.955763339996 1.16101694107 1.60547208786 0.116                                -0.16 0.117970038122 -0.158435862748 0.0442366600037 0.0289830589294 -0.0346757610652
* 221 22.1789679527 1.0 1.2 1.57079632679 0.1 0.0 0.95433807373 1.17319011688 1.6012198925 0.117                                -0.159 0.116653889119 -0.159365374255 0.0456619262695 0.0268098831177 -0.0304235657069
* 222 22.2795419693 1.0 1.21 1.57079632679 0.1 0.0 0.953234195709 1.18470144272 1.59471952915 0.117                                -0.158 0.115859263729 -0.157796694731 0.0467658042908 0.0252985572815 -0.023923202357
* 223 22.3827018738 1.0 1.22 1.57079632679 0.1 0.0 0.953299045563 1.19580364227 1.58920359612 0.117                                -0.158 0.115318854818 -0.153513711747 0.0467009544373 0.0241963577271 -0.0184072693202
* 224 22.4832150936 1.0 1.23 1.57079632679 0.1 0.0 0.951956748962 1.20544958115 1.58128595352 0.116                                -0.158 0.11579856508 -0.151788869959 0.0480432510376 0.0245504188538 -0.0104896267268
* 225 22.5837659836 1.0 1.24 1.57079632679 0.1 0.0 0.951925754547 1.21211004257 1.57360637188 0.116                                -0.156 0.118241892766 -0.146304232843 0.0480742454529 0.027889957428 -0.00281004508468
* 226 22.6844511032 1.0 1.25 1.57079632679 0.1 0.0 0.95143032074 1.22191762924 1.56495714188 0.116                                -0.154 0.118642002759 -0.141376718105 0.0485696792603 0.0280823707581 0.00583918491868
* 227 22.7851059437 1.0 1.26 1.57079632679 0.1 0.0 0.950163841248 1.23163604736 1.55937469006 0.117                                -0.149 0.119009068589 -0.141019791528 0.0498361587524 0.0283639526367 0.011421636739
* 228 22.885710001 1.0 1.27 1.57079632679 0.1 0.0 0.950363636017 1.24119472504 1.55589878559 0.117                                -0.147 0.1194055657 -0.137813569121 0.0496363639832 0.0288052749634 0.0148975412038
* 229 22.9862890244 1.0 1.28 1.57079632679 0.1 0.0 0.951195240021 1.25200271606 1.55270588398 0.118                                -0.144 0.118962588227 -0.132980703278 0.0488047599792 0.0279972839355 0.0180904428151
* 230 23.0868070126 1.0 1.29 1.57079632679 0.1 0.0 0.952120304108 1.26255178452 1.54775702953 0.118                                -0.142 0.118734457676 -0.126561000551 0.0478796958923 0.0274482154846 0.0230392972615
* 231 23.1873629093 1.0 1.3 1.57079632679 0.1 0.0 0.950208187103 1.27388238907 1.54205667973 0.118                                -0.137 0.118058280304 -0.128172606944 0.0497918128967 0.0261176109314 0.0287396470692
* 232 23.2882080078 1.0 1.31 1.57079632679 0.1 0.0 0.95051574707 1.28486013412 1.53579425812 0.118                                -0.134 0.117590421888 -0.122716819984 0.0494842529297 0.0251398658752 0.0350020686772
* 233 23.3891570568 1.0 1.32 1.57079632679 0.1 0.0 0.946259975433 1.29313802719 1.52890622616 0.117                                -0.129 0.11903146597 -0.130170892759 0.0537400245667 0.0268619728088 0.0418901006368
* 234 23.4901070595 1.0 1.33 1.57079632679 0.1 0.0 0.949746608734 1.30723333359 1.52473688126 0.118                                -0.128 0.116362656397 -0.117182180611 0.0502533912659 0.0227666664124 0.0460594455388
* 235 23.5907430649 1.0 1.34 1.57079632679 0.1 0.0 0.9491314888 1.31564474106 1.51980125904 0.117                                -0.126 0.117561343523 -0.115165393225 0.0508685112 0.0243552589417 0.0509950677541
* 236 23.6915888786 1.0 1.35 1.57079632679 0.1 0.0 0.947716236115 1.32262945175 1.51494371891 0.117                                -0.124 0.119724115921 -0.115312860041 0.0522837638855 0.0273705482483 0.0558526078847
* 237 23.792140007 1.0 1.36 1.57079632679 0.1 0.0 0.947917938232 1.33317327499 1.51325082779 0.117                                -0.12 0.119406408224 -0.113536075622 0.0520820617676 0.0268267250061 0.0575454990056
* 238 23.8930370808 1.0 1.37 1.57079632679 0.1 0.0 0.948837757111 1.34397792816 1.51023113728 0.118                                -0.118 0.11892413681 -0.108672599423 0.0511622428894 0.0260220718384 0.0605651895192
* 239 23.993491888 1.0 1.38 1.57079632679 0.1 0.0 0.94949388504 1.35699605942 1.5047814846 0.118                                -0.115 0.117058817887 -0.103246431286 0.0505061149597 0.0230039405823 0.066014842191
* 240 24.0939230919 1.0 1.39 1.57079632679 0.1 0.0 0.948959350586 1.36744689941 1.49798464775 0.118                                -0.113 0.11695965457 -0.0999374819329 0.0510406494141 0.0225531005859 0.072811679044
* 241 24.1945829391 1.0 1.4 1.57079632679 0.1 0.0 0.948063373566 1.37647247314 1.49313342571 0.117                                -0.108 0.117764286665 -0.0988188231993 0.0519366264343 0.0235275268555 0.0776629010823
* 242 24.295634985 1.0 1.41 1.57079632679 0.1 0.0 0.950079917908 1.38790369034 1.48899888992 0.117                                -0.106 0.116821112862 -0.0900805345604 0.0499200820923 0.0220963096619 0.0817974368718
* 243 24.3963339329 1.0 1.42 1.57079632679 0.1 0.0 0.94481420517 1.40002965927 1.48216712475 0.117                                -0.102 0.115892362794 -0.101351599123 0.0551857948303 0.0199703407288 0.0886292020467
* 244 24.4981250763 1.0 1.43 1.57079632679 0.1 0.0 0.949851036072 1.40868759155 1.47933292389 0.117                                -0.099 0.116541954422 -0.0838623957008 0.0501489639282 0.0213124084473 0.0914634029057
* 245 24.5986680984 1.0 1.44 1.57079632679 0.1 0.0 0.950622558594 1.41815090179 1.47664165497 0.116                                -0.098 0.116905355997 -0.0794289704297 0.0493774414063 0.0218490982056 0.0941546718266
* 246 24.6993439198 1.0 1.45 1.57079632679 0.1 0.0 0.950309753418 1.43078756332 1.47299802303 0.116                                -0.09 0.115278497027 -0.0784509592828 0.049690246582 0.019212436676 0.0977983037618
* 247 24.7999279499 1.0 1.46 1.57079632679 0.1 0.0 0.951609134674 1.43905496597 1.47081518173 0.116                                -0.086 0.116373013936 -0.0724614326593 0.0483908653259 0.0209450340271 0.0999811450627
* 248 24.9004180431 1.0 1.47 1.57079632679 0.1 0.0 0.951858520508 1.44872522354 1.46759462357 0.116                                -0.082 0.116636449323 -0.0692498434601 0.0481414794922 0.0212747764587 0.103201703229
* 249 25.0012381077 1.0 1.48 1.57079632679 0.1 0.0 0.951857089996 1.45683908463 1.46592926979 0.116                                -0.078 0.117902131896 -0.0674365422931 0.0481429100037 0.0231609153748 0.104867057004
* 250 25.10227108 1.0 1.49 1.57079632679 0.1 0.0 0.952631950378 1.46687459946 1.46334588528 0.116                                -0.074 0.117874050327 -0.0632207951063 0.0473680496216 0.0231254005432 0.107450441518
* 251 25.2031989098 1.0 1.5 1.57079632679 0.1 0.0 0.951261997223 1.4772734642 1.4613263607 0.116                                -0.071 0.117749153351 -0.0659390673466 0.0487380027771 0.0227265357971 0.109469966092
* 252 25.3037779331 1.0 1.51 1.57079632679 0.1 0.0 0.954784870148 1.48973083496 1.45692813396 0.117                                -0.068 0.115965056227 -0.0530160527894 0.0452151298523 0.0202691650391 0.11386819283
* 253 25.4047300816 1.0 1.52 1.57079632679 0.1 0.0 0.957056999207 1.49974346161 1.45624899864 0.117                                -0.067 0.115797401782 -0.0457507666064 0.0429430007935 0.0202565383911 0.114547328153
* 254 25.5051019192 1.0 1.53 1.57079632679 0.1 0.0 0.953677177429 1.51097869873 1.45536005497 0.116                                -0.059 0.115260157882 -0.0555984966682 0.0463228225708 0.0190213012695 0.115436271825
* 255 25.6058108807 1.0 1.54 1.57079632679 0.1 0.0 0.956847190857 1.52006816864 1.45611000061 0.116                                -0.055 0.115603261331 -0.046385732204 0.0431528091431 0.0199318313599 0.114686326185
* 256 25.7063269615 1.0 1.55 1.57079632679 0.1 0.0 0.956847190857 1.52006816864 1.45611000061 0.115                                -0.054 0.122132754363 -0.0429526797793 0.0431528091431 0.0299318313599 0.114686326185
* 257 25.8068330288 1.0 1.56 1.57079632679 0.1 0.0 0.956358909607 1.53931570053 1.45255148411 0.116                                -0.051 0.116185718562 -0.0449702729576 0.0436410903931 0.020684299469 0.118244842687
* 258 25.907476902 1.0 1.57 1.57079632679 0.1 0.0 0.958243370056 1.55028963089 1.44917881489 0.117                                -0.048 0.115450259188 -0.0372357598838 0.0417566299438 0.0197103691101 0.121617511907
* 259 26.0085170269 1.0 1.58 1.57079632679 0.1 0.0 0.958910942078 1.56016159058 1.44670569897 0.117                                -0.047 0.115512591359 -0.0333923010097 0.0410890579224 0.0198384094238 0.124090627828
* 260 26.1091589928 1.0 1.59 1.57079632679 0.1 0.0 0.96088552475 1.57337236404 1.44710409641 0.116                                -0.042 0.113253144997 -0.0289936697863 0.0391144752502 0.0166276359558 0.123692230382
* 261 26.2098810673 1.0 1.6 1.57079632679 0.1 0.0 0.962202548981 1.5826292038 1.44492864609 0.115                                -0.039 0.113654526666 -0.0232246778906 0.0377974510193 0.0173707962036 0.125867680707
* 262 26.3104429245 1.0 1.61 1.57079632679 0.1 0.0 0.960926532745 1.59375286102 1.44556295872 0.114                                -0.033 0.113019740047 -0.0279025177603 0.0390734672546 0.0162471389771 0.125233368078
* 263 26.4111950397 1.0 1.62 1.57079632679 0.1 0.0 0.961500644684 1.59974145889 1.44743931293 0.114                                -0.031 0.115567767659 -0.0260638124371 0.0384993553162 0.0202585411072 0.12335701386
* 264 26.5116589069 1.0 1.63 1.57079632679 0.1 0.0 0.963101863861 1.6092414856 1.4457461834 0.113                                -0.029 0.115781299352 -0.0198714153388 0.0368981361389 0.0207585144043 0.1250501434
* 265 26.6123790741 1.0 1.64 1.57079632679 0.1 0.0 0.963101863861 1.6092414856 1.4457461834 0.114                                -0.028 0.12230264678 -0.016129680777 0.0368981361389 0.0307585144043 0.1250501434
* 266 26.7142078876 1.0 1.65 1.57079632679 0.1 0.0 0.961815357208 1.63010120392 1.44259762764 0.115                                -0.025 0.115359537393 -0.0217210382992 0.0381846427917 0.0198987960815 0.128198699155
* 267 26.8150229454 1.0 1.66 1.57079632679 0.1 0.0 0.961815357208 1.63010120392 1.44259762764 0.117                                -0.022 0.1218782714 -0.0178856033393 0.0381846427917 0.0298987960815 0.128198699155
* 268 26.9156589508 1.0 1.67 1.57079632679 0.1 0.0 0.965265750885 1.64524173737 1.44252920151 0.117                                -0.021 0.118237889094 -0.00954005771963 0.034734249115 0.0247582626343 0.128267125287
* 269 27.0161180496 1.0 1.68 1.57079632679 0.1 0.0 0.967163562775 1.66721439362 1.44231307507 0.118                                -0.021 0.110275370393 -0.0083348651871 0.0328364372253 0.0127856063843 0.128483251729
* 270 27.1176280975 1.0 1.69 1.57079632679 0.1 0.0 0.96858215332 1.67782306671 1.44428491592 0.117                                -0.016 0.109745830837 -0.00573924611787 0.0314178466797 0.0121769332886 0.126511410871
* 271 27.2180540562 1.0 1.7 1.57079632679 0.1 0.0 0.966606140137 1.68695926666 1.44225716591 0.113                                -0.013 0.110489057555 -0.00985564662061 0.0333938598633 0.0130407333374 0.128539160886
* 272 27.3186049461 1.0 1.71 1.57079632679 0.1 0.0 0.966606140137 1.68695926666 1.44225716591 0.112                                -0.01 0.117007505094 -0.00601008184819 0.0333938598633 0.0230407333374 0.128539160886
* 273 27.4196770191 1.0 1.72 1.57079632679 0.1 0.0 0.968033313751 1.69727516174 1.44379973412 0.112                                -0.009 0.116671793275 -0.00302239767125 0.0319666862488 0.0227248382568 0.126996592679
* 274 27.5205309391 1.0 1.73 1.57079632679 0.1 0.0 0.964230060577 1.70795059204 1.44376432896 0.113                                -0.007 0.11654834999 -0.0145708375624 0.0357699394226 0.022049407959 0.127031997838
* 275 27.6217200756 1.0 1.74 1.57079632679 0.1 0.0 0.968462944031 1.71785736084 1.444190979 0.115                                -0.006 0.116254072518 -0.00225271714453 0.0315370559692 0.0221426391602 0.126605347791
* 276 27.7225909233 1.0 1.75 1.57079632679 0.1 0.0 0.97575044632 1.7422990799 1.44358003139 0.115                                -0.008 0.106234713387 0.0143854351181 0.0242495536804 0.00770092010498 0.1272162954
* 277 27.8234159946 1.0 1.76 1.57079632679 0.1 0.0 0.97575044632 1.7422990799 1.44358003139 0.114                                -0.003 0.112754269764 0.0181916379734 0.0242495536804 0.017700920105 0.1272162954
* 278 27.9242560863 1.0 1.77 1.57079632679 0.1 0.0 0.971195697784 1.76277256012 1.44588327408 0.111                                0.002 0.106292919852 -0.000937017856259 0.0288043022156 0.00722743988037 0.124913052717
* 279 28.0254149437 1.0 1.78 1.57079632679 0.1 0.0 0.971195697784 1.76277256012 1.44588327408 0.11                                0.005 0.112814379602 0.00280063606441 0.0288043022156 0.0172274398804 0.124913052717
* 280 28.1258599758 1.0 1.79 1.57079632679 0.1 0.0 0.973408222198 1.78079319 1.44472110271 0.11                                0.004 0.107407305154 0.00719596738211 0.0265917778015 0.00920680999756 0.12607522408
* 281 28.2262670994 1.0 1.8 1.57079632679 0.1 0.0 0.973408222198 1.78079319 1.44472110271 0.11                                0.003 0.113927808822 0.0109682122602 0.0265917778015 0.0192068099976 0.12607522408
* 282 28.3267469406 1.0 1.81 1.57079632679 0.1 0.0 0.97426366806 1.79011821747 1.44410061836 0.109                                0.006 0.114298794926 0.0142193734867 0.0257363319397 0.0198817825317 0.126695708432
* 283 28.4273040295 1.0 1.82 1.57079632679 0.1 0.0 0.980021476746 1.80561065674 1.44435465336 0.111                                0.007 0.110239743282 0.0290925558468 0.0199785232544 0.0143893432617 0.126441673436
* 284 28.5292210579 1.0 1.83 1.57079632679 0.1 0.0 0.980794429779 1.81507205963 1.44568347931 0.111                                0.009 0.110528517043 0.0306546248671 0.0192055702209 0.0149279403687 0.125112847486
* 285 28.6299510002 1.0 1.84 1.57079632679 0.1 0.0 0.977640628815 1.82699489594 1.44459879398 0.11                                0.019 0.109534306783 0.0213113750587 0.0223593711853 0.0130051040649 0.126197532811
* 286 28.7306649685 1.0 1.85 1.57079632679 0.1 0.0 0.981171131134 1.83893299103 1.44707369804 0.11                                0.022 0.107981228353 0.0293612268465 0.018828868866 0.0110670089722 0.123722628751
* 287 28.8310830593 1.0 1.86 1.57079632679 0.1 0.0 0.981087207794 1.84633255005 1.44781208038 0.11                                0.021 0.109684947254 0.02955360645 0.0189127922058 0.0136674499512 0.122984246412
* 288 28.9317579269 1.0 1.87 1.57079632679 0.1 0.0 0.979804992676 1.85513877869 1.44611620903 0.109                                0.023 0.110566377452 0.0273777108485 0.0201950073242 0.0148612213135 0.124680117765
* 289 29.0327239037 1.0 1.88 1.57079632679 0.1 0.0 0.979856014252 1.86663532257 1.44517827034 0.109                                0.026 0.109585798715 0.0276321317344 0.0201439857483 0.0133646774292 0.125618056455
* 290 29.1333539486 1.0 1.89 1.57079632679 0.1 0.0 0.981510162354 1.87974262238 1.44508588314 0.11                                0.027 0.107423228272 0.0314517383542 0.0184898376465 0.0102573776245 0.125710443654
* 291 29.2349178791 1.0 1.9 1.57079632679 0.1 0.0 0.983379840851 1.89354324341 1.44532692432 0.109                                0.027 0.104791376318 0.0354223848815 0.0166201591492 0.0064567565918 0.125469402471
* 292 29.3355619907 1.0 1.91 1.57079632679 0.1 0.0 0.985106468201 1.9035654068 1.44568371773 0.108                                0.026 0.104636089147 0.0403098932876 0.0148935317993 0.00643459320069 0.125112609067
* 293 29.4387700558 1.0 1.92 1.57079632679 0.1 0.0 0.985630512238 1.91159915924 1.44705712795 0.107                                0.031 0.105880471204 0.0416614294181 0.0143694877625 0.00840084075928 0.123739198842
* 294 29.5393519402 1.0 1.93 1.57079632679 0.1 0.0 0.983089447021 1.92199230194 1.44732677937 0.106                                0.037 0.105830709515 0.033765602833 0.0169105529785 0.00800769805908 0.123469547429
* 295 29.640198946 1.0 1.94 1.57079632679 0.1 0.0 0.986442565918 1.93332099915 1.45060098171 0.106                                0.037 0.104705204738 0.0410241409011 0.013557434082 0.00667900085449 0.120195345083
* 296 29.7430069447 1.0 1.95 1.57079632679 0.1 0.0 0.983246326447 1.94122982025 1.44824361801 0.105                                0.034 0.106317228241 0.0338821687355 0.0167536735535 0.00877017974854 0.122552708783
* 297 29.8436338902 1.0 1.96 1.57079632679 0.1 0.0 0.983682155609 1.95187854767 1.44880330563 0.105                                0.037 0.105860253769 0.0345571958708 0.0163178443909 0.00812145233154 0.121993021169
* 298 29.9442429543 1.0 1.97 1.57079632679 0.1 0.0 0.988049983978 1.96681976318 1.45076310635 0.105                                0.036 0.102296211466 0.044444242438 0.0119500160217 0.00318023681641 0.120033220449
* 299 30.0447220802 1.0 1.98 1.57079632679 0.1 0.0 0.990744590759 1.98508262634 1.44889116287 0.105                                0.034 0.0966817723938 0.0507098871001 0.00925540924072 -0.00508262634277 0.121905163923
* 300 30.1453909874 1.0 1.99 1.57079632679 0.1 0.0 0.990744590759 1.98508262634 1.44889116287 0.102                                0.04 0.103205665736 0.0543579906626 0.00925540924072 0.00491737365723 0.121905163923
* 301 30.245965004 1.0 2.0 1.57079632679 0.1 0.0 0.991288661957 1.99373817444 1.44957494736 0.101                                0.046 0.104044033296 0.0560042147485 0.00871133804321 0.00626182556152 0.121221379438
* 302 30.3466510773 1.0 2.01 1.57079632679 0.1 0.0 0.988279819489 2.00595092773 1.45124948025 0.102                                0.048 0.102847317547 0.0451133173757 0.0117201805115 0.00404907226563 0.119546846547
* 303 30.4471991062 1.0 2.02 1.57079632679 0.1 0.0 0.991065979004 2.01787185669 1.45213401318 0.102                                0.049 0.1013808663 0.0521350578467 0.00893402099609 0.00212814331055 0.118662313619
* 304 30.5492930412 1.0 2.03 1.57079632679 0.1 0.0 0.989490509033 2.02576160431 1.45177328587 0.102                                0.048 0.102878777485 0.0484343421462 0.0105094909668 0.00423839569092 0.119023040929
* 305 30.6499919891 1.0 2.04 1.57079632679 0.1 0.0 0.993379116058 2.03814220428 1.45269358158 0.102                                0.05 0.101028711768 0.0585574603134 0.00662088394165 0.00185779571533 0.118102745214
* 306 30.751750946 1.0 2.05 1.57079632679 0.1 0.0 0.995534420013 2.05150985718 1.45129644871 0.101                                0.049 0.0986514434686 0.0647021391925 0.00446557998657 -0.00150985717773 0.119499878087
* 307 30.8524279594 1.0 2.06 1.57079632679 0.1 0.0 0.995471000671 2.06287384033 1.45169913769 0.1                                0.049 0.097769816999 0.063763535264 0.00452899932861 -0.00287384033203 0.119097189107
* 308 30.9546880722 1.0 2.07 1.57079632679 0.1 0.0 0.994906425476 2.06945228577 1.45394515991 0.1                                0.058 0.10006591554 0.0618174712353 0.00509357452393 0.000547714233398 0.116851166883
* 309 31.055768013 1.0 2.08 1.57079632679 0.1 0.0 0.994695186615 2.07997131348 1.45425009727 0.1                                0.062 0.0997457840164 0.0608055265754 0.00530481338501 2.86865234371e-05 0.11654622952
* 310 31.1603651047 1.0 2.09 1.57079632679 0.1 0.0 0.993840694427 2.08843421936 1.45380008221 0.099                                0.059 0.100811032004 0.0590945002965 0.00615930557251 0.00156578063965 0.116996244588
* 311 31.2607970238 1.0 2.1 1.57079632679 0.1 0.0 0.995794773102 2.09548664093 1.45569574833 0.099                                0.059 0.102602608693 0.0646746459655 0.00420522689819 0.00451335906982 0.115100578466
* 312 31.3612880707 1.0 2.11 1.57079632679 0.1 0.0 0.996380329132 2.10802555084 1.45562291145 0.1                                0.06 0.10090003236 0.0655933278005 0.00361967086792 0.00197444915771 0.115173415342
* 313 31.4617950916 1.0 2.12 1.57079632679 0.1 0.0 0.998521327972 2.12086200714 1.45525491238 0.1                                0.062 0.098882502994 0.0712369995874 0.00147867202759 -0.000862007141115 0.115541414418
* 314 31.56229496 1.0 2.13 1.57079632679 0.1 0.0 1.00213766098 2.13277435303 1.45661270618 0.1                                0.062 0.0973771152416 0.0804720628208 -0.00213766098022 -0.00277435302735 0.114183620611
* 315 31.6627919674 1.0 2.14 1.57079632679 0.1 0.0 1.0007276535 2.14188098907 1.45673274994 0.1                                0.068 0.0980674675108 0.0764967458204 -0.000727653503417 -0.00188098907471 0.114063576856
* 316 31.7635090351 1.0 2.15 1.57079632679 0.1 0.0 1.00043773651 2.14898681641 1.45718741417 0.098                                0.071 0.0999843676907 0.0763207185698 -0.00043773651123 0.00101318359375 0.113608912626
* 317 31.8641519547 1.0 2.16 1.57079632679 0.1 0.0 0.998433589935 2.15950012207 1.45939075947 0.098                                0.073 0.0998210585423 0.068719834092 0.0015664100647 0.000499877929685 0.111405567327
* 318 31.964881897 1.0 2.17 1.57079632679 0.1 0.0 1.00007247925 2.16656589508 1.46327006817 0.099                                0.073 0.10166143779 0.0719952867494 -7.24792480462e-05 0.00343410491943 0.107526258626
* 319 32.0688591003 1.0 2.18 1.57079632679 0.1 0.0 0.999102115631 2.17756652832 1.46168410778 0.099                                0.071 0.101059510585 0.0698332188327 0.000897884368897 0.00243347167968 0.109112219014
* 320 32.169328928 1.0 2.19 1.57079632679 0.1 0.0 1.00076532364 2.18776607513 1.46186935902 0.1                                0.072 0.100812230956 0.0746050335311 -0.000765323638915 0.00223392486572 0.108926967778
* 321 32.2697720528 1.0 2.2 1.57079632679 0.1 0.0 1.00184774399 2.20022010803 1.46373414993 0.1                                0.071 0.0991538156962 0.0758093756083 -0.00184774398804 -0.000220108032229 0.107062176862
* 322 32.3739359379 1.0 2.21 1.57079632679 0.1 0.0 1.003657341 2.20953559875 1.4662553072 0.1                                0.071 0.0995067820514 0.0797688732696 -0.00365734100342 0.000464401245114 0.104541019597
* 323 32.4750490189 1.0 2.22 1.57079632679 0.1 0.0 1.00426864624 2.2185125351 1.46891105175 0.1                                0.075 0.100168650927 0.0801592317047 -0.00426864624023 0.00148746490478 0.101885275045
* 324 32.5756669044 1.0 2.23 1.57079632679 0.1 0.0 1.00410366058 2.2386674881 1.47092330456 0.1                                0.076 0.0935642872506 0.0753002530909 -0.0041036605835 -0.00866748809815 0.0998730222371
* 325 32.6762418747 1.0 2.24 1.57079632679 0.1 0.0 1.00410366058 2.2386674881 1.47092330456 0.099                                0.076 0.100104205231 0.0782914652641 -0.0041036605835 0.00133251190185 0.0998730222371
* 326 32.7779750824 1.0 2.25 1.57079632679 0.1 0.0 1.00623750687 2.25750827789 1.47273433208 0.097                                0.076 0.0942069606929 0.0808702495236 -0.00623750686645 -0.00750827789307 0.0980619947102
* 327 32.878508091 1.0 2.26 1.57079632679 0.1 0.0 1.00623750687 2.25750827789 1.47273433208 0.098                                0.077 0.10074805479 0.0838073967348 -0.00623750686645 0.00249172210693 0.0980619947102
* 328 32.9795389175 1.0 2.27 1.57079632679 0.1 0.0 1.00511169434 2.2790594101 1.47621238232 0.097                                0.079 0.093307885452 0.0748666582418 -0.00511169433594 -0.00905941009522 0.0945839444783
* 329 33.079982996 1.0 2.28 1.57079632679 0.1 0.0 1.00511169434 2.2790594101 1.47621238232 0.097                                0.079 0.0998511780948 0.0776999476704 -0.00511169433594 0.000940589904781 0.0945839444783
* 330 33.1804790497 1.0 2.29 1.57079632679 0.1 0.0 1.00422143936 2.28815746307 1.47983491421 0.096                                0.078 0.100540583647 0.0729000093078 -0.00422143936157 0.00184253692626 0.0909614125874
* 331 33.2810180187 1.0 2.3 1.57079632679 0.1 0.0 1.00512075424 2.29891490936 1.48344826698 0.097                                0.077 0.100035619717 0.0729986788826 -0.00512075424194 0.0010850906372 0.0873480598119
* 332 33.3815920353 1.0 2.31 1.57079632679 0.1 0.0 1.00672912598 2.30442047119 1.48657667637 0.099                                0.077 0.102927755299 0.0768786809782 -0.00672912597656 0.00557952880859 0.0842196504262
* 333 33.4821720123 1.0 2.32 1.57079632679 0.1 0.0 1.00733709335 2.31879138947 1.48693275452 0.099                                0.075 0.100036186881 0.0773584048937 -0.00733709335327 0.00120861053466 0.0838635722783
* 334 33.5832960606 1.0 2.33 1.57079632679 0.1 0.0 1.00637960434 2.32974720001 1.48707580566 0.1                                0.075 0.0994646846157 0.074161940047 -0.0063796043396 0.000252799987787 0.0837205211308
* 335 33.6839849949 1.0 2.34 1.57079632679 0.1 0.0 1.00730752945 2.33941459656 1.48751056194 0.1                                0.075 0.0996372481074 0.0767336879029 -0.00730752944946 0.000585403442377 0.0832857648518
* 336 33.7851889133 1.0 2.35 1.57079632679 0.1 0.0 1.00663375854 2.34765720367 1.4875793457 0.099                                0.074 0.100826040698 0.0751123943121 -0.00663375854492 0.00234279632568 0.0832169810918
* 337 33.8857328892 1.0 2.36 1.57079632679 0.1 0.0 1.00727367401 2.35948371887 1.48976254463 0.099                                0.075 0.0996230988823 0.0751356254606 -0.00727367401123 0.000516281127923 0.0810337821629
* 338 33.9863619804 1.0 2.37 1.57079632679 0.1 0.0 1.00929307938 2.3659620285 1.49375915527 0.1                                0.075 0.101879484108 0.0793628460611 -0.00929307937622 0.00403797149658 0.0770371715215
* 339 34.0903298855 1.0 2.38 1.57079632679 0.1 0.0 1.00954437256 2.37505245209 1.4974322319 0.1                                0.075 0.102514304138 0.0778638405485 -0.00954437255859 0.00494754791259 0.0733640948918
* 340 34.1943259239 1.0 2.39 1.57079632679 0.1 0.0 1.00895214081 2.38830947876 1.49822282791 0.1                                0.075 0.100418325156 0.0748536372609 -0.0089521408081 0.00169052124023 0.0725734988835
* 341 34.2948510647 1.0 2.4 1.57079632679 0.1 0.0 1.00875759125 2.39710044861 1.4998152256 0.101                                0.076 0.101240940978 0.0734770782917 -0.00875759124756 0.00289955139159 0.0709811011937
* 342 34.3953869343 1.0 2.41 1.57079632679 0.1 0.0 1.00902462006 2.40827274323 1.50080323219 0.101                                0.076 0.100472806469 0.0733741175832 -0.00902462005615 0.00172725677489 0.0699930946019
* 343 34.4961330891 1.0 2.42 1.57079632679 0.1 0.0 1.00918340683 2.41839408875 1.50141942501 0.101                                0.074 0.100393992486 0.0734170696196 -0.00918340682983 0.00160591125488 0.0693769017842
* 344 34.5977330208 1.0 2.43 1.57079632679 0.1 0.0 1.0094909668 2.43661975861 1.50585377216 0.1                                0.074 0.0950425864764 0.0698086755659 -0.00949096679687 -0.00661975860596 0.0649425546315
* 345 34.6983919144 1.0 2.44 1.57079632679 0.1 0.0 1.0094909668 2.43661975861 1.50585377216 0.1                                0.074 0.101601401801 0.071755583006 -0.00949096679687 0.00338024139403 0.0649425546315
* 346 34.8008859158 1.0 2.45 1.57079632679 0.1 0.0 1.01083612442 2.45635700226 1.51200962067 0.098                                0.072 0.0952377741585 0.0699703069631 -0.0108361244202 -0.00635700225831 0.0587867061284
* 347 34.9014830589 1.0 2.46 1.57079632679 0.1 0.0 1.01083612442 2.45635700226 1.51200962067 0.099                                0.072 0.101799090949 0.0717328925244 -0.0108361244202 0.00364299774169 0.0587867061284
* 348 35.0037910938 1.0 2.47 1.57079632679 0.1 0.0 1.00953054428 2.47674942017 1.51290106773 0.098                                0.072 0.0950412549106 0.0654247523574 -0.00953054428101 -0.00674942016602 0.0578952590611
* 349 35.104583025 1.0 2.48 1.57079632679 0.1 0.0 1.00953054428 2.47674942017 1.51290106773 0.099                                0.071 0.101602913338 0.0671606400075 -0.00953054428101 0.00325057983398 0.0578952590611
* 350 35.2055399418 1.0 2.49 1.57079632679 0.1 0.0 1.01196956635 2.49756717682 1.51589393616 0.097                                0.07 0.0944514509683 0.0706943844637 -0.0119695663452 -0.00756717681886 0.0549023906377
* 351 35.3059799671 1.0 2.5 1.57079632679 0.1 0.0 1.01196956635 2.49756717682 1.51589393616 0.099                                0.067 0.101014218236 0.0723406288537 -0.0119695663452 0.00243282318114 0.0549023906377
* 352 35.4082551003 1.0 2.51 1.57079632679 0.1 0.0 1.01064538956 2.51390552521 1.51987588406 0.097                                0.069 0.0969506080874 0.0647667488316 -0.0106453895569 -0.00390552520753 0.0509204427388
* 353 35.508756876 1.0 2.52 1.57079632679 0.1 0.0 1.01064538956 2.51390552521 1.51987588406 0.098                                0.069 0.103514759508 0.0662937020435 -0.0106453895569 0.00609447479247 0.0509204427388
* 354 35.6097788811 1.0 2.53 1.57079632679 0.1 0.0 1.01241540909 2.53311347961 1.52704751492 0.098                                0.067 0.0975030008385 0.0655567396751 -0.0124154090881 -0.00311347961427 0.0437488118794
* 355 35.7106800079 1.0 2.54 1.57079632679 0.1 0.0 1.01241540909 2.53311347961 1.52704751492 0.099                                0.066 0.104069382622 0.0668687854045 -0.0124154090881 0.00688652038573 0.0437488118794
* 356 35.8111789227 1.0 2.55 1.57079632679 0.1 0.0 1.01069164276 2.55403232574 1.52755904198 0.099                                0.068 0.0969549582598 0.0599405174778 -0.0106916427612 -0.00403232574464 0.043237284818
* 357 35.9117319584 1.0 2.56 1.57079632679 0.1 0.0 1.01069164276 2.55403232574 1.52755904198 0.1                                0.064 0.103521486225 0.0612372319076 -0.0106916427612 0.00596767425536 0.043237284818
* 358 36.0121850967 1.0 2.57 1.57079632679 0.1 0.0 1.01102590561 2.56308841705 1.52912843227 0.099                                0.064 0.10415013634 0.0612996642394 -0.0110259056091 0.00691158294677 0.041667894521
* 359 36.1128339767 1.0 2.58 1.57079632679 0.1 0.0 1.01152181625 2.5737657547 1.53088653088 0.101                                0.063 0.103712519183 0.0615155434604 -0.0115218162537 0.00623424530028 0.0399097959187
* 360 36.2189490795 1.0 2.59 1.57079632679 0.1 0.0 1.01208782196 2.59258270264 1.53358459473 0.102                                0.061 0.0979388458231 0.0604081536212 -0.0120878219604 -0.00258270263673 0.0372117320683
* 361 36.3196649551 1.0 2.6 1.57079632679 0.1 0.0 1.01060009003 2.59665393829 1.53353095055 0.101                                0.061 0.10186873076 0.0566454867799 -0.0106000900269 0.00334606170653 0.0372653762486
* 362 36.4217250347 1.0 2.61 1.57079632679 0.1 0.0 1.01060009003 2.59665393829 1.53353095055 0.1                                0.061 0.108436838217 0.0577631893316 -0.0106000900269 0.0133460617065 0.0372653762486
* 363 36.5235590935 1.0 2.62 1.57079632679 0.1 0.0 1.01070261002 2.61102771759 1.53469192982 0.102                                0.06 0.105574253077 0.056788742201 -0.0107026100159 0.00897228240966 0.0361043969777
* 364 36.6243729591 1.0 2.63 1.57079632679 0.1 0.0 1.01055383682 2.63377285004 1.53408706188 0.103                                0.06 0.0971999460372 0.0553525684224 -0.0105538368225 -0.00377285003663 0.0367092649129
* 365 36.7270190716 1.0 2.64 1.57079632679 0.1 0.0 1.00969696045 2.6425409317 1.53555226326 0.104                                0.057 0.0980442843388 0.0519689753655 -0.00969696044922 -0.00254093170167 0.035244063535
* 366 36.8280770779 1.0 2.65 1.57079632679 0.1 0.0 1.00969696045 2.6425409317 1.53555226326 0.1                                0.056 0.10461287335 0.0530260783941 -0.00969696044922 0.00745906829833 0.035244063535
* 367 36.9286289215 1.0 2.66 1.57079632679 0.1 0.0 1.01054048538 2.66067218781 1.53840589523 0.1                                0.054 0.0992816135264 0.052828728006 -0.0105404853821 -0.000672187805189 0.0323904315617
* 368 37.0291008949 1.0 2.67 1.57079632679 0.1 0.0 1.01054048538 2.66067218781 1.53840589523 0.101                                0.054 0.105850836692 0.0538002710512 -0.0105404853821 0.00932781219481 0.0323904315617
* 369 37.1295340061 1.0 2.68 1.57079632679 0.1 0.0 1.01083993912 2.66941833496 1.53970646858 0.101                                0.054 0.106681822576 0.0539252305216 -0.0108399391174 0.010581665039 0.0310898582127
* 370 37.2301840782 1.0 2.69 1.57079632679 0.1 0.0 1.01142406464 2.6801109314 1.54106390476 0.102                                0.053 0.106229471009 0.0546811362363 -0.0114240646362 0.0098890686035 0.0297324220326
* 371 37.3308210373 1.0 2.7 1.57079632679 0.1 0.0 1.00931549072 2.69221496582 1.54266226292 0.104                                0.055 0.10490301246 0.047083993697 -0.00931549072266 0.00778503417967 0.0281340638783
* 372 37.4316849709 1.0 2.71 1.57079632679 0.1 0.0 1.01015996933 2.71249294281 1.54199135303 0.104                                0.052 0.0981283394107 0.0491844268789 -0.0101599693298 -0.00249294281007 0.0288049737599
* 373 37.5322608948 1.0 2.72 1.57079632679 0.1 0.0 1.01015996933 2.71249294281 1.54199135303 0.103                                0.051 0.10469828353 0.0500484565955 -0.0101599693298 0.00750705718993 0.0288049737599
* 374 37.6326808929 1.0 2.73 1.57079632679 0.1 0.0 1.00922060013 2.73217868805 1.54461050034 0.102                                0.051 0.0983755497359 0.0446922658366 -0.00922060012817 -0.00217868804933 0.0261858264592
* 375 37.7333259583 1.0 2.74 1.57079632679 0.1 0.0 1.00922060013 2.73217868805 1.54461050034 0.102                                0.048 0.104945967123 0.0454777508557 -0.00922060012817 0.00782131195067 0.0261858264592
* 376 37.8339300156 1.0 2.75 1.57079632679 0.1 0.0 1.01030492783 2.74006557465 1.54540741444 0.101                                0.048 0.106323295258 0.0483487077129 -0.0103049278259 0.00993442535399 0.0253889123586
* 377 37.9347190857 1.0 2.76 1.57079632679 0.1 0.0 1.00930023193 2.74787521362 1.54579591751 0.103                                0.046 0.107782678087 0.0452332018751 -0.00930023193359 0.0121247863769 0.0250004092839
* 378 38.0355019569 1.0 2.77 1.57079632679 0.1 0.0 1.00896501541 2.76045799255 1.54809701443 0.104                                0.048 0.106110527587 0.0424573633082 -0.00896501541138 0.00954200744627 0.0226993123677
* 379 38.1363310814 1.0 2.78 1.57079632679 0.1 0.0 1.00952196121 2.77291679382 1.54694116116 0.105                                0.044 0.104476498746 0.0447438359369 -0.00952196121216 0.00708320617674 0.0238551656392
* 380 38.2383799553 1.0 2.79 1.57079632679 0.1 0.0 1.00854492188 2.79086780548 1.54984724522 0.105                                0.043 0.0992901551593 0.0393437469958 -0.008544921875 -0.000867805480973 0.0209490815785
* 381 38.3399078846 1.0 2.8 1.57079632679 0.1 0.0 1.00854492188 2.79086780548 1.54984724522 0.104                                0.044 0.105861383648 0.0399721734751 -0.008544921875 0.00913219451903 0.0209490815785
* 382 38.4406130314 1.0 2.81 1.57079632679 0.1 0.0 1.00840139389 2.80002689362 1.55018687248 0.102                                0.044 0.10641856909 0.0393613219478 -0.00840139389038 0.00997310638426 0.0206094543126
* 383 38.5425860882 1.0 2.82 1.57079632679 0.1 0.0 1.00708150864 2.8195848465 1.55222034454 0.103                                0.04 0.100169110922 0.0334733763513 -0.00708150863647 0.000415153503402 0.0185759822514
* 384 38.6430258751 1.0 2.83 1.57079632679 0.1 0.0 1.00708150864 2.8195848465 1.55222034454 0.104                                0.04 0.106740647638 0.0340306237696 -0.00708150863647 0.0104151535034 0.0185759822514
* 385 38.7435979843 1.0 2.84 1.57079632679 0.1 0.0 1.00589609146 2.83111476898 1.5526676178 0.102                                0.038 0.105752327607 0.0300839780978 -0.00589609146118 0.00888523101805 0.018128708997
* 386 38.8457939625 1.0 2.85 1.57079632679 0.1 0.0 1.00614213943 2.83973503113 1.5543910265 0.104                                0.035 0.10666623608 0.0297117794463 -0.00614213943481 0.0102649688721 0.016405300298
* 387 38.9471490383 1.0 2.86 1.57079632679 0.1 0.0 1.00664424896 2.85244846344 1.55424714088 0.104                                0.033 0.10487673542 0.0311821505555 -0.0066442489624 0.00755153656004 0.0165491859105
* 388 39.051320076 1.0 2.87 1.57079632679 0.1 0.0 1.00768041611 2.87410831451 1.55582618713 0.105                                0.032 0.0972132699726 0.0326935471222 -0.00768041610718 -0.00410831451418 0.0149701396611
* 389 39.1537508965 1.0 2.88 1.57079632679 0.1 0.0 1.00768041611 2.87410831451 1.55582618713 0.104                                0.032 0.103785204192 0.0331426345378 -0.00768041610718 0.00589168548582 0.0149701396611
* 390 39.2542290688 1.0 2.89 1.57079632679 0.1 0.0 1.00508880615 2.89283561707 1.5561709404 0.102                                0.032 0.0980768308492 0.024753159027 -0.00508880615234 -0.00283561706545 0.0146253863957
* 391 39.3550920486 1.0 2.9 1.57079632679 0.1 0.0 1.00508880615 2.89283561707 1.5561709404 0.102                                0.03 0.104648798598 0.0251919049771 -0.00508880615234 0.00716438293455 0.0146253863957
* 392 39.457005024 1.0 2.91 1.57079632679 0.1 0.0 1.00491857529 2.91065311432 1.55762970448 0.1                                0.03 0.0995195347446 0.0233826369305 -0.00491857528686 -0.000653114318866 0.0131666223195
* 393 39.5576059818 1.0 2.92 1.57079632679 0.1 0.0 1.00534057617 2.9223279953 1.55654489994 0.102                                0.028 0.0984098622995 0.025287566674 -0.00534057617187 -0.00232799530031 0.0142514268544
* 394 39.6584730148 1.0 2.93 1.57079632679 0.1 0.0 1.00534057617 2.9223279953 1.55654489994 0.101                                0.026 0.104981865536 0.0257150950072 -0.00534057617187 0.00767200469969 0.0142514268544
* 395 39.7591490746 1.0 2.94 1.57079632679 0.1 0.0 1.00254440308 2.94169330597 1.5584757328 0.1                                0.024 0.0988589366103 0.0156679645652 -0.00254440307617 -0.00169330596926 0.0123205939916
* 396 39.8595769405 1.0 2.95 1.57079632679 0.1 0.0 1.00254440308 2.94169330597 1.5584757328 0.101                                0.025 0.105431108451 0.0160375730339 -0.00254440307617 0.00830669403074 0.0123205939916
* 397 39.9600250721 1.0 2.96 1.57079632679 0.1 0.0 1.00271368027 2.95172595978 1.56044614315 0.1                                0.023 0.105414146222 0.0152003485342 -0.00271368026733 0.00827404022215 0.0103501836446
* 398 40.0604770184 1.0 2.97 1.57079632679 0.1 0.0 1.00168609619 2.96068286896 1.56018424034 0.102                                0.018 0.106106107568 0.0123295957463 -0.00168609619141 0.00931713104246 0.0106120864537
* 399 40.1609420776 1.0 2.98 1.57079632679 0.1 0.0 1.00161218643 2.96813011169 1.56143987179 0.103                                0.017 0.107787053774 0.0113192127181 -0.00161218643188 0.0118698883056 0.00935645500687
* 400 40.2613840103 1.0 2.99 1.57079632679 0.1 0.0 1.00041723251 2.98774337769 1.56252586842 0.104                                0.014 0.101477464796 0.00674354393481 -0.000417232513427 0.00225662231443 0.00827045837906
* 401 40.3619279861 1.0 3.0 1.57079632679 0.1 0.0 1.00041723251 2.98774337769 1.56252586842 0.105                                0.013 0.1080499107 0.00699165485768 -0.000417232513427 0.0122566223144 0.00827045837906
* 402 40.4628770351 1.0 3.01 1.57079632679 0.1 0.0 1.00070095062 3.0022277832 1.5633713007 0.104                                0.011 0.105102104035 0.00715614418909 -0.000700950622558 0.00777221679685 0.00742502609757
* 403 40.5634269714 1.0 3.02 1.57079632679 0.1 0.0 1.00017595291 3.00972938538 1.5629991293 0.105                                0.008 0.106746390047 0.00589292743293 -0.000175952911376 0.010270614624 0.00779719749955
* 404 40.6638789177 1.0 3.03 1.57079632679 0.1 0.0 0.999497890472 3.01941013336 1.56339740753 0.105                                0.009 0.10695988467 0.00359183718629 0.000502109527589 0.0105898666382 0.00739891926316
* 405 40.7643179893 1.0 3.04 1.57079632679 0.1 0.0 1.00060796738 3.02951717377 1.56338906288 0.105                                0.008 0.106884124196 0.00692534778675 -0.000607967376708 0.0104828262329 0.00740726391343
* 406 40.8648478985 1.0 3.05 1.57079632679 0.1 0.0 1.00007247925 3.03832149506 1.56480491161 0.106                                0.007 0.107673678678 0.00436530479654 -7.24792480462e-05 0.0116785049438 0.00599141518143
* 407 40.9655869007 1.0 3.06 1.57079632679 0.1 0.0 0.999537467957 3.04774856567 1.56408441067 0.106                                0.005 0.108052070923 0.00327064651219 0.000462532043458 0.0122514343262 0.00671191612748
* 408 41.0662810802 1.0 3.07 1.57079632679 0.1 0.0 0.997379302979 3.0572681427 1.56380188465 0.106                                0.004 0.108377627547 -0.00299752772315 0.00262069702149 0.0127318572998 0.00699444214371
* 409 41.1671659946 1.0 3.08 1.57079632679 0.1 0.0 0.998560905457 3.07316303253 1.56481301785 0.107                                0.005 0.104497502533 -0.000261852081221 0.00143909454346 0.00683696746824 0.00598330894974
* 410 41.2677268982 1.0 3.09 1.57079632679 0.1 0.0 0.996391773224 3.0817899704 1.5631711483 0.106                                0.0 0.105411201523 -0.00562477991493 0.00360822677612 0.00821002960203 0.00762517849473
* 411 41.3684949875 1.0 3.1 1.57079632679 0.1 0.0 0.998091220856 3.09040546417 1.56277942657 0.105                                0.0 0.106312813991 -0.000226156068409 0.00190877914429 0.00959453582761 0.00801690022019
* 412 41.4707040787 1.0 3.11 1.57079632679 0.1 0.0 0.997385978699 3.10043716431 1.56503748894 0.105                                -0.0 0.106293468821 -0.00389162783928 0.00261402130127 0.00956283569334 0.00575883785752
* 413 41.5718269348 1.0 3.12 1.57079632679 0.1 0.0 0.995358943939 3.10918521881 1.56347107887 0.105                                -0.0 0.107127670708 -0.0088704896642 0.00464105606079 0.0108147811889 0.00732524792222
* 414 41.6748049259 1.0 3.13 1.57079632679 0.1 0.0 0.996654510498 3.12001132965 1.56365776062 0.105                                -0.002 0.106578205577 -0.00513035577946 0.00334548950195 0.0099886703491 0.00713856617478
* 415 41.7752559185 1.0 3.14 1.57079632679 0.1 0.0 0.996049404144 3.13003635406 1.56339120865 0.106                                -0.005 0.10656508296 -0.00676297841503 0.00395059585571 0.00996364593504 0.00740511814621
* 416 41.8757970333 1.0 3.15 1.57079632679 0.1 0.0 0.995759487152 3.14120769501 1.56317257881 0.106                                -0.004 0.105797066851 -0.00750924135162 0.0042405128479 0.00879230499265 0.00762374798325
* 417 41.9764299393 1.0 3.16 1.57079632679 0.1 0.0 0.996410369873 3.15127754211 1.56383371353 0.106                                -0.005 0.105746848557 -0.00601014111177 0.00358963012695 0.00872245788572 0.0069626132634
* 418 42.0782768726 1.0 3.17 1.57079632679 0.1 0.0 0.995571136475 3.16111183167 1.56300544739 0.106                                -0.007 0.105861366782 -0.00795776103045 0.00442886352539 0.00888816833494 0.0077908794072
* 419 42.1788549423 1.0 3.18 1.57079632679 0.1 0.0 0.995265007019 3.1703004837 1.56394922733 0.106                                -0.006 0.106393988143 -0.0095050338637 0.00473499298096 0.00969951629636 0.00684709946183
* 420 42.2796568871 1.0 3.19 1.57079632679 0.1 0.0 0.997125148773 3.18179988861 1.56399083138 0.106                                -0.006 0.10540008183 -0.00398390976221 0.00287485122681 0.00820011138914 0.00680549541977
* 421 42.3806328773 1.0 3.2 1.57079632679 0.1 0.0 0.995267391205 3.18959712982 1.56406807899 0.105                                -0.007 0.106855974419 -0.00956527163169 0.00473260879517 0.0104028701782 0.00672824780015
* 422 42.4825670719 1.0 3.21 1.57079632679 0.1 0.0 0.994013309479 3.20093917847 1.56581223011 0.105                                -0.006 0.105973675198 -0.0145484863987 0.00598669052124 0.00906082153318 0.00498409668473
* 423 42.5830659866 1.0 3.22 1.57079632679 0.1 0.0 0.99401473999 3.20872879028 1.56320238113 0.105                                -0.009 0.107434971625 -0.0127072354936 0.00598526000977 0.0112712097168 0.00759394566086
* 424 42.6838228703 1.0 3.23 1.57079632679 0.1 0.0 0.992210865021 3.21728992462 1.56322348118 0.106                                -0.01 0.108389576196 -0.0181006013057 0.00778913497925 0.0127100753784 0.00757284561661
* 425 42.7843210697 1.0 3.24 1.57079632679 0.1 0.0 0.99268579483 3.22933006287 1.56326591969 0.106                                -0.012 0.107046165359 -0.0167514601192 0.00731420516968 0.0106699371338 0.00753040710953
* 426 42.884912014 1.0 3.25 1.57079632679 0.1 0.0 0.991302490234 3.24250984192 1.56377732754 0.106                                -0.015 0.10496057406 -0.0213208105414 0.00869750976563 0.00749015808103 0.00701899925736
* 427 42.9855389595 1.0 3.26 1.57079632679 0.1 0.0 0.990005493164 3.24774074554 1.5643144846 0.106                                -0.015 0.108097913585 -0.0254842032291 0.00999450683594 0.0122592544555 0.00648184219864
* 428 43.0862870216 1.0 3.27 1.57079632679 0.1 0.0 0.991592884064 3.2605009079 1.56375813484 0.106                                -0.016 0.10627969975 -0.0203941836863 0.00840711593628 0.00949909210203 0.00703819195298
* 429 43.1870908737 1.0 3.28 1.57079632679 0.1 0.0 0.989760398865 3.26756763458 1.56431543827 0.106                                -0.019 0.108212729748 -0.0262167670478 0.0102396011353 0.0124323654175 0.00648088852433
* 430 43.2877960205 1.0 3.29 1.57079632679 0.1 0.0 0.991052150726 3.27842235565 1.56388700008 0.106                                -0.02 0.107647670103 -0.0220616548955 0.00894784927368 0.0115776443481 0.00690932671097
* 431 43.3885159492 1.0 3.3 1.57079632679 0.1 0.0 0.98809671402 3.28919219971 1.56271326542 0.107                                -0.022 0.107163350642 -0.0301338838349 0.0119032859802 0.0108078002929 0.00808306137589
* 432 43.4889519215 1.0 3.31 1.57079632679 0.1 0.0 0.987840175629 3.29929924011 1.56356906891 0.107                                -0.021 0.107088223316 -0.0314962723554 0.0121598243713 0.0107007598877 0.0072272578862
* 433 43.5893659592 1.0 3.32 1.57079632679 0.1 0.0 0.987322330475 3.3091506958 1.56234955788 0.107                                -0.025 0.107197451446 -0.032204947319 0.0126776695251 0.0108493041992 0.00844676891831
* 434 43.6898310184 1.0 3.33 1.57079632679 0.1 0.0 0.986889362335 3.31971645355 1.56264078617 0.106                                -0.027 0.106825763096 -0.0337186358276 0.0131106376648 0.0102835464477 0.00815554062394
* 435 43.7904179096 1.0 3.34 1.57079632679 0.1 0.0 0.986353397369 3.32775211334 1.56297206879 0.106                                -0.029 0.108117003893 -0.0355084386802 0.0136466026306 0.0122478866577 0.00782425800828
* 436 43.8909618855 1.0 3.35 1.57079632679 0.1 0.0 0.984863758087 3.33732318878 1.56279504299 0.106                                -0.03 0.108408183183 -0.039844002801 0.0151362419128 0.0126768112182 0.00800128380326
* 437 43.9916009903 1.0 3.36 1.57079632679 0.1 0.0 0.985018253326 3.3473739624 1.56289303303 0.107                                -0.032 0.108373119456 -0.0394499028759 0.0149817466736 0.0126260375976 0.00790329376725
* 438 44.0920939445 1.0 3.37 1.57079632679 0.1 0.0 0.989143371582 3.3563375473 1.55980098248 0.107                                -0.035 0.109051750549 -0.0248903776954 0.010856628418 0.0136624526977 0.0109953443196
* 439 44.1927249432 1.0 3.38 1.57079632679 0.1 0.0 0.986961841583 3.36325740814 1.55832564831 0.107                                -0.037 0.111102588172 -0.0302885092879 0.0130381584167 0.0167425918579 0.0124706784871
* 440 44.293186903 1.0 3.39 1.57079632679 0.1 0.0 0.986601352692 3.37287712097 1.55487406254 0.107                                -0.033 0.111380415628 -0.0289077964097 0.0133986473084 0.0171228790283 0.0159222642567
* 441 44.393625021 1.0 3.4 1.57079632679 0.1 0.0 0.985394954681 3.38251018524 1.55689954758 0.109                                -0.03 0.111618110089 -0.0339478770649 0.0146050453186 0.0174898147583 0.013896779218
* 442 44.4941849709 1.0 3.41 1.57079632679 0.1 0.0 0.983782291412 3.39680576324 1.55766141415 0.109                                -0.03 0.108802768887 -0.0394958828302 0.0162177085876 0.0131942367553 0.0131349126485
* 443 44.5946750641 1.0 3.42 1.57079632679 0.1 0.0 0.98393535614 3.40791988373 1.55712544918 0.11                                -0.032 0.108074119214 -0.0387085884965 0.0160646438599 0.0120801162719 0.0136708776143
* 444 44.6951899529 1.0 3.43 1.57079632679 0.1 0.0 0.987266540527 3.41850566864 1.55723667145 0.109                                -0.034 0.107658439012 -0.0288169885163 0.0127334594727 0.0114943313598 0.0135596553471
* 445 44.7961199284 1.0 3.44 1.57079632679 0.1 0.0 0.986257076263 3.42536640167 1.55675780773 0.109                                -0.035 0.109734183248 -0.0313813704111 0.0137429237366 0.0146335983276 0.0140385190633
* 446 44.8972730637 1.0 3.45 1.57079632679 0.1 0.0 0.986358642578 3.4336233139 1.55518209934 0.108                                -0.033 0.110890346113 -0.0298892693924 0.0136413574219 0.0163766860962 0.0156142274526
* 447 44.9977591038 1.0 3.46 1.57079632679 0.1 0.0 0.986082553864 3.44192314148 1.55327224731 0.108                                -0.032 0.112024438195 -0.0292776350068 0.0139174461365 0.0180768585205 0.0175240794804
* 448 45.0983428955 1.0 3.47 1.57079632679 0.1 0.0 0.982699394226 3.45445823669 1.55343818665 0.11                                -0.03 0.110395857007 -0.0396757768044 0.0173006057739 0.0155417633056 0.0173581401494
* 449 45.2000670433 1.0 3.48 1.57079632679 0.1 0.0 0.984340667725 3.46277999878 1.55391824245 0.11                                -0.031 0.111475991653 -0.0350060161535 0.0156593322754 0.0172200012207 0.0168780843404
* 450 45.3006088734 1.0 3.49 1.57079632679 0.1 0.0 0.983643054962 3.47548484802 1.55206251144 0.11                                -0.034 0.109722503294 -0.0359333797955 0.0163569450378 0.0145151519775 0.0187338153508
* 451 45.4012050629 1.0 3.5 1.57079632679 0.1 0.0 0.983402729034 3.48454761505 1.55242931843 0.11                                -0.034 0.110338115315 -0.0368599904381 0.0165972709656 0.0154523849487 0.0183670083669
