### Ensaio do Controlador Klancar com Laser (Meio Retângulo) ###

# Parâmetros #

# Número do Ensaio: 1
# Frequência: 10.0 Hz
# Lado Menor: 1.00 m
# Lado Maior: 3.00 m
# Velocidade Linear da Base: 0.10 m/s
# Parâmetro ksi: 0.80
# Parâmetro w_n: 0.55
# Parâmetro g: 30.00

* 1 0.0 0.0 0.0 0.0 0.1 0.0 0.0 0.0 0.0 0.0                                0.0 0.1 0.0 0.0 0.0 0.0
* 2 0.10067987442 0.01 0.0 0.0 0.1 0.0 0.0 0.0 0.0 0.0                                0.0 0.10876356092 0.0 0.01 0.0 0.0
* 3 0.201249837875 0.02 0.0 0.0 0.1 0.0 -0.00146198272705 0.00250387191772 -0.000222031274461 0.015                                0.0 0.11880882358 -0.00730274141402 0.0214619827271 -0.00250387191772 0.000222031274461
* 4 0.301741838455 0.03 0.0 0.0 0.1 0.0 -0.00106906890869 0.00224924087524 -0.000347916269675 0.053                                -0.007 0.127228245901 -0.00641039537189 0.0310690689087 -0.00224924087524 0.000347916269675
* 5 0.40231180191 0.04 0.0 0.0 0.1 0.0 0.00158452987671 0.00364923477173 0.00580942537636 0.075                                -0.006 0.1336447971 -0.016708156551 0.0384154701233 -0.00364923477173 -0.00580942537636
* 6 0.502916812897 0.05 0.0 0.0 0.1 0.0 0.0208778381348 0.00581502914429 0.00829905085266 0.096                                -0.008 0.125474769614 -0.0254424610341 0.0291221618652 -0.00581502914429 -0.00829905085266
* 7 0.604038953781 0.06 0.0 0.0 0.1 0.0 0.035792350769 0.00661754608154 0.00700277555734 0.109                                -0.014 0.121170937725 -0.0264976345383 0.024207649231 -0.00661754608154 -0.00700277555734
* 8 0.704819917679 0.07 0.0 0.0 0.1 0.0 0.0475897789001 0.00616979598999 0.00674327090383 0.114                                -0.019 0.119600153519 -0.0248718248214 0.0224102210999 -0.00616979598999 -0.00674327090383
* 9 0.805308818817 0.08 0.0 0.0 0.1 0.0 0.0597715377808 0.00780391693115 0.0071834907867 0.116                                -0.021 0.117675171052 -0.0301423718227 0.0202284622192 -0.00780391693115 -0.0071834907867
* 10 0.905807971954 0.09 0.0 0.0 0.1 0.0 0.0727958679199 0.00712871551514 0.00714045017958 0.117                                -0.022 0.115029404203 -0.0280117109773 0.0172041320801 -0.00712871551514 -0.00714045017958
* 11 1.00640487671 0.1 0.0 0.0 0.1 0.0 0.0851936340332 0.0101480484009 0.00699965469539 0.116                                -0.026 0.112910631847 -0.0368885052402 0.0148063659668 -0.0101480484009 -0.00699965469539
* 12 1.10722899437 0.11 0.0 0.0 0.1 0.0 0.0941514968872 0.0107131004333 0.00859227403998 0.116                                -0.027 0.113804060736 -0.0400765256485 0.0158485031128 -0.0107131004333 -0.00859227403998
* 13 1.20800900459 0.12 0.0 0.0 0.1 0.0 0.103137016296 0.0129585266113 0.0081040430814 0.114                                -0.03 0.114682178662 -0.0463863013301 0.0168629837036 -0.0129585266113 -0.0081040430814
* 14 1.30876088142 0.13 0.0 0.0 0.1 0.0 0.115689754486 0.0128870010376 0.00776688568294 0.114                                -0.036 0.112449761132 -0.0457998293703 0.0143102455139 -0.0128870010376 -0.00776688568294
* 15 1.40997385979 0.14 0.0 0.0 0.1 0.0 0.125887870789 0.0120697021484 0.00834837462753 0.114                                -0.039 0.112275031977 -0.0438774295313 0.0141121292114 -0.0120697021484 -0.00834837462753
* 16 1.51049900055 0.15 0.0 0.0 0.1 0.0 0.135382175446 0.0129137039185 0.00768936052918 0.113                                -0.04 0.112720064928 -0.0458157862423 0.0146178245544 -0.0129137039185 -0.00768936052918
* 17 1.61140084267 0.16 0.0 0.0 0.1 0.0 0.148934841156 0.0137696266174 0.00896669831127 0.112                                -0.042 0.109584408918 -0.0494628897368 0.011065158844 -0.0137696266174 -0.00896669831127
* 18 1.71271300316 0.17 0.0 0.0 0.1 0.0 0.160134792328 0.015118598938 0.00812299922109 0.112                                -0.044 0.108534227803 -0.0527133428955 0.00986520767212 -0.015118598938 -0.00812299922109
* 19 1.8136548996 0.18 0.0 0.0 0.1 0.0 0.169414520264 0.0155844688416 0.00834815111011 0.111                                -0.046 0.109158827924 -0.0543328349299 0.0105854797363 -0.0155844688416 -0.00834815111011
* 20 1.91425490379 0.19 0.0 0.0 0.1 0.0 0.179751396179 0.0155916213989 0.00918325316161 0.11                                -0.048 0.108851354622 -0.055103034353 0.0102486038208 -0.0155916213989 -0.00918325316161
* 21 2.01474380493 0.2 0.0 0.0 0.1 0.0 0.187899589539 0.018862247467 0.00689717940986 0.109                                -0.05 0.110487627866 -0.0628801557742 0.0121004104614 -0.018862247467 -0.00689717940986
* 22 2.11598491669 0.21 0.0 0.0 0.1 0.0 0.196716308594 0.0197095870972 0.00620936602354 0.109                                -0.054 0.111531840352 -0.0648166854626 0.0132836914063 -0.0197095870972 -0.00620936602354
* 23 2.21644091606 0.22 0.0 0.0 0.1 0.0 0.206431388855 0.0196990966797 0.00516833970323 0.109                                -0.057 0.111800217801 -0.0638361873682 0.013568611145 -0.0196990966797 -0.00516833970323
* 24 2.31701588631 0.23 0.0 0.0 0.1 0.0 0.217162132263 0.0174875259399 0.00350587069988 0.11                                -0.059 0.111196131493 -0.0556696699901 0.0128378677368 -0.0174875259399 -0.00350587069988
* 25 2.41765880585 0.24 0.0 0.0 0.1 0.0 0.228669643402 0.0186448097229 0.00154778105207 0.111                                -0.06 0.109904005407 -0.0573433802366 0.0113303565979 -0.0186448097229 -0.00154778105207
* 26 2.51851391792 0.25 0.0 0.0 0.1 0.0 0.238038063049 0.0196313858032 0.00110492808744 0.11                                -0.058 0.110463839604 -0.0599020831517 0.0119619369507 -0.0196313858032 -0.00110492808744
* 27 2.61981487274 0.26 0.0 0.0 0.1 0.0 0.248274803162 0.0209937095642 0.000644253217615 0.11                                -0.058 0.110263571846 -0.0635683728399 0.0117251968384 -0.0209937095642 -0.000644253217615
* 28 2.72049689293 0.27 0.0 0.0 0.1 0.0 0.258840084076 0.0212044715881 0.000292519194772 0.109                                -0.06 0.109774619823 -0.0638795564899 0.0111599159241 -0.0212044715881 -0.000292519194772
* 29 2.82110095024 0.28 0.0 0.0 0.1 0.0 0.268232822418 0.0219130516052 -0.000562969828025 0.109                                -0.061 0.110323031346 -0.065225908663 0.0117671775818 -0.0219130516052 0.000562969828025
* 30 2.92167401314 0.29 0.0 0.0 0.1 0.0 0.278687953949 0.0235433578491 -0.00161487259902 0.109                                -0.062 0.10994655578 -0.0691599754966 0.011312046051 -0.0235433578491 0.00161487259902
* 31 3.02238798141 0.3 0.0 0.0 0.1 0.0 0.287567138672 0.0243101119995 -0.00365287461318 0.11                                -0.063 0.110972695717 -0.0695923837582 0.0124328613281 -0.0243101119995 0.00365287461318
* 32 3.1229557991 0.31 0.0 0.0 0.1 0.0 0.2982878685 0.0242919921875 -0.00562173547223 0.11                                -0.065 0.11038193273 -0.067750656379 0.0117121315002 -0.0242919921875 0.00562173547223
* 33 3.22373390198 0.32 0.0 0.0 0.1 0.0 0.310331821442 0.0256280899048 -0.00603515328839 0.11                                -0.067 0.108606336421 -0.0714188804311 0.00966817855835 -0.0256280899048 0.00603515328839
* 34 3.32485699654 0.33 0.0 0.0 0.1 0.0 0.318664550781 0.0213217735291 -0.00497276009992 0.11                                -0.067 0.110025448697 -0.0594375163911 0.0113354492188 -0.0213217735291 0.00497276009992
* 35 3.42599797249 0.34 0.0 0.0 0.1 0.0 0.330639839172 0.0241942405701 -0.00724393548444 0.109                                -0.067 0.108353585181 -0.0660291389275 0.00936016082764 -0.0241942405701 0.00724393548444
* 36 3.52677083015 0.35 0.0 0.0 0.1 0.0 0.339293003082 0.0240526199341 -0.00687629403546 0.109                                -0.065 0.109525497904 -0.0659092000688 0.0107069969177 -0.0240526199341 0.00687629403546
* 37 3.62742900848 0.36 0.0 0.0 0.1 0.0 0.34947347641 0.0265250205994 -0.00810414925218 0.109                                -0.065 0.10940977813 -0.0722144053563 0.0105265235901 -0.0265250205994 0.00810414925218
* 38 3.72876501083 0.37 0.0 0.0 0.1 0.0 0.360692501068 0.0253791809082 -0.00838071480393 0.109                                -0.066 0.108339280116 -0.0685563707108 0.00930749893189 -0.0253791809082 0.00838071480393
* 39 3.82981491089 0.38 0.0 0.0 0.1 0.0 0.370678901672 0.0262160301208 -0.009710136801 0.109                                -0.067 0.108386584697 -0.0698633219624 0.00932109832764 -0.0262160301208 0.009710136801
* 40 3.93034482002 0.39 0.0 0.0 0.1 0.0 0.381247520447 0.0272521972656 -0.0111969150603 0.108                                -0.068 0.107930945668 -0.0716449860094 0.00875247955322 -0.0272521972656 0.0111969150603
* 41 4.03102087975 0.4 0.0 0.0 0.1 0.0 0.390516757965 0.0281319618225 -0.0119999088347 0.108                                -0.07 0.108598732817 -0.0735322299918 0.00948324203491 -0.0281319618225 0.0119999088347
* 42 4.1317358017 0.41 0.0 0.0 0.1 0.0 0.396371364594 0.0275993347168 -0.0145009197295 0.108                                -0.07 0.112282487521 -0.0694884672477 0.0136286354065 -0.0275993347168 0.0145009197295
* 43 4.23236083984 0.42 0.0 0.0 0.1 0.0 0.406682491302 0.0271558761597 -0.0144379772246 0.109                                -0.07 0.112002827078 -0.0682295145333 0.0133175086975 -0.0271558761597 0.0144379772246
* 44 4.33324384689 0.43 0.0 0.0 0.1 0.0 0.418703556061 0.0300636291504 -0.0157058872283 0.11                                -0.069 0.110299930269 -0.0758835736718 0.0112964439392 -0.0300636291504 0.0157058872283
* 45 4.4339427948 0.44 0.0 0.0 0.1 0.0 0.431929111481 0.0275230407715 -0.0154150165617 0.11                                -0.07 0.107432046322 -0.068677044827 0.00807088851929 -0.0275230407715 0.0154150165617
* 46 4.53461885452 0.45 0.0 0.0 0.1 0.0 0.441735267639 0.0299921035767 -0.0151789821684 0.109                                -0.071 0.107629439779 -0.0762874158731 0.00826473236084 -0.0299921035767 0.0151789821684
* 47 4.63560295105 0.46 0.0 0.0 0.1 0.0 0.450766086578 0.0288362503052 -0.0148046649992 0.109                                -0.07 0.108454463187 -0.0731150123111 0.00923391342163 -0.0288362503052 0.0148046649992
* 48 4.73649787903 0.47 0.0 0.0 0.1 0.0 0.462840080261 0.0296273231506 -0.0161841548979 0.108                                -0.072 0.106680909925 -0.0743396301043 0.00715991973877 -0.0296273231506 0.0161841548979
* 49 4.837433815 0.48 0.0 0.0 0.1 0.0 0.471635341644 0.0289969444275 -0.0190036930144 0.108                                -0.072 0.107793925327 -0.0698442741656 0.00836465835571 -0.0289969444275 0.0190036930144
* 50 4.9387588501 0.49 0.0 0.0 0.1 0.0 0.479939460754 0.0287942886353 -0.018667999655 0.107                                -0.072 0.109268696308 -0.0694446014506 0.0100605392456 -0.0287942886353 0.018667999655
* 51 5.03955578804 0.5 0.0 0.0 0.1 0.0 0.491149902344 0.0300521850586 -0.0188139118254 0.107                                -0.071 0.108232228522 -0.0731534279458 0.00885009765625 -0.0300521850586 0.0188139118254
* 52 5.14035487175 0.51 0.0 0.0 0.1 0.0 0.502973079681 0.0289831161499 -0.0189979709685 0.107                                -0.071 0.106621438079 -0.0698842027281 0.0070269203186 -0.0289831161499 0.0189979709685
* 53 5.24112296104 0.52 0.0 0.0 0.1 0.0 0.51281452179 0.0288619995117 -0.0185325779021 0.107                                -0.071 0.106747508797 -0.0699305187198 0.00718547821045 -0.0288619995117 0.0185325779021
* 54 5.34227180481 0.53 0.0 0.0 0.1 0.0 0.521922111511 0.0300416946411 -0.0192692913115 0.107                                -0.07 0.107566503386 -0.0727546549758 0.00807788848877 -0.0300416946411 0.0192692913115
* 55 5.44286394119 0.54 0.0 0.0 0.1 0.0 0.534455776215 0.0309844017029 -0.019581142813 0.107                                -0.07 0.105370272431 -0.0754496658718 0.0055442237854 -0.0309844017029 0.019581142813
* 56 5.54335689545 0.55 0.0 0.0 0.1 0.0 0.542701721191 0.0325379371643 -0.0225947536528 0.107                                -0.071 0.107012963984 -0.0772931791561 0.00729827880859 -0.0325379371643 0.0225947536528
* 57 5.64405488968 0.56 0.0 0.0 0.1 0.0 0.554374694824 0.0321054458618 -0.0246318019927 0.106                                -0.072 0.105590905729 -0.0742852483555 0.00562530517578 -0.0321054458618 0.0246318019927
* 58 5.74452590942 0.57 0.0 0.0 0.1 0.0 0.563942909241 0.0331664085388 -0.0255768932402 0.106                                -0.074 0.106017051442 -0.0765875020895 0.00605709075928 -0.0331664085388 0.0255768932402
* 59 5.84494185448 0.58 0.0 0.0 0.1 0.0 0.571616172791 0.0351967811584 -0.0263879932463 0.106                                -0.074 0.108123686792 -0.0817646842055 0.00838382720947 -0.0351967811584 0.0263879932463
* 60 5.94568586349 0.59 0.0 0.0 0.1 0.0 0.581648826599 0.0356636047363 -0.026839081198 0.106                                -0.076 0.108118679669 -0.0827593567892 0.00835117340088 -0.0356636047363 0.026839081198
* 61 6.04610395432 0.6 0.0 0.0 0.1 0.0 0.592324733734 0.0354871749878 -0.0263789333403 0.106                                -0.077 0.10750940978 -0.0826998220801 0.00767526626587 -0.0354871749878 0.0263789333403
* 62 6.14858388901 0.61 0.0 0.0 0.1 0.0 0.601618289948 0.036141872406 -0.0289695896208 0.107                                -0.079 0.108217751533 -0.0822641044348 0.00838171005249 -0.036141872406 0.0289695896208
* 63 6.25040698051 0.62 0.0 0.0 0.1 0.0 0.613295078278 0.0371651649475 -0.0283735431731 0.107                                -0.08 0.106757283744 -0.0860146396915 0.00670492172241 -0.0371651649475 0.0283735431731
* 64 6.35124778748 0.63 0.0 0.0 0.1 0.0 0.620633602142 0.0379004478455 -0.0312374271452 0.107                                -0.081 0.109192870727 -0.0853931611284 0.00936639785767 -0.0379004478455 0.0312374271452
* 65 6.45171999931 0.64 0.0 0.0 0.1 0.0 0.632457733154 0.0389723777771 -0.0331876911223 0.107                                -0.083 0.107684279444 -0.0870177229195 0.0075422668457 -0.0389723777771 0.0331876911223
* 66 6.55240678787 0.65 0.0 0.0 0.1 0.0 0.64319896698 0.0393309593201 -0.034594360739 0.107                                -0.083 0.107088886139 -0.0868996096714 0.00680103302002 -0.0393309593201 0.034594360739
* 67 6.65281891823 0.66 0.0 0.0 0.1 0.0 0.65395116806 0.0386390686035 -0.0354989208281 0.107                                -0.085 0.106436386183 -0.084090434334 0.0060488319397 -0.0386390686035 0.0354989208281
* 68 6.75325894356 0.67 0.0 0.0 0.1 0.0 0.662538051605 0.0411591529846 -0.0360186733305 0.107                                -0.085 0.107769137614 -0.0910260532793 0.00746194839478 -0.0411591529846 0.0360186733305
* 69 6.85387587547 0.68 0.0 0.0 0.1 0.0 0.674059867859 0.0400238037109 -0.0361011661589 0.107                                -0.085 0.106403098598 -0.0877125011932 0.00594013214111 -0.0400238037109 0.0361011661589
* 70 6.9542889595 0.69 0.0 0.0 0.1 0.0 0.683934688568 0.0418729782104 -0.0371759571135 0.107                                -0.087 0.106606486667 -0.0922764667305 0.00606531143189 -0.0418729782104 0.0371759571135
* 71 7.05537199974 0.7 0.0 0.0 0.1 0.0 0.69349527359 0.0430421829224 -0.0400140918791 0.106                                -0.087 0.107124787925 -0.0931759615315 0.00650472640991 -0.0430421829224 0.0400140918791
* 72 7.15590500832 0.71 0.0 0.0 0.1 0.0 0.703461647034 0.0416016578674 -0.0426648296416 0.106                                -0.089 0.107188707407 -0.0864651977047 0.00653835296631 -0.0416016578674 0.0426648296416
* 73 7.25644993782 0.72 0.0 0.0 0.1 0.0 0.712699890137 0.0414710044861 -0.0446046032012 0.106                                -0.089 0.107912214626 -0.0842232223681 0.00730010986328 -0.0414710044861 0.0446046032012
* 74 7.35701084137 0.73 0.0 0.0 0.1 0.0 0.721929073334 0.0407991409302 -0.0458357967436 0.106                                -0.088 0.108598815199 -0.080990968479 0.00807092666626 -0.0407991409302 0.0458357967436
* 75 7.45759892464 0.74 0.0 0.0 0.1 0.0 0.734560489655 0.0401887893677 -0.0466874279082 0.107                                -0.085 0.106296507139 -0.0787585863907 0.00543951034546 -0.0401887893677 0.0466874279082
* 76 7.5581908226 0.75 0.0 0.0 0.1 0.0 0.743845939636 0.0394730567932 -0.0481980480254 0.107                                -0.084 0.106937398405 -0.0751535004532 0.00615406036377 -0.0394730567932 0.0481980480254
* 77 7.65877795219 0.76 0.0 0.0 0.1 0.0 0.754828453064 0.0385808944702 -0.048567596823 0.107                                -0.082 0.106050309308 -0.0722904806837 0.00517154693604 -0.0385808944702 0.048567596823
* 78 7.7594499588 0.77 0.0 0.0 0.1 0.0 0.765809059143 0.0408682823181 -0.0489857830107 0.106                                -0.079 0.105302126972 -0.0789131420113 0.00419094085693 -0.0408682823181 0.0489857830107
* 79 7.85989093781 0.78 0.0 0.0 0.1 0.0 0.773785591125 0.0414781570435 -0.0515649951994 0.106                                -0.077 0.107179416589 -0.0781188657433 0.00621440887451 -0.0414781570435 0.0515649951994
* 80 7.96058893204 0.79 0.0 0.0 0.1 0.0 0.783567905426 0.0408082008362 -0.0524686016142 0.105                                -0.077 0.107366980326 -0.075262963292 0.00643209457398 -0.0408082008362 0.0524686016142
* 81 8.06100201607 0.8 0.0 0.0 0.1 0.0 0.792048454285 0.0443739891052 -0.0573981441557 0.106                                -0.077 0.109023067801 -0.0812330657236 0.00795154571533 -0.0443739891052 0.0573981441557
* 82 8.16222691536 0.81 0.0 0.0 0.1 0.0 0.799277305603 0.0430879592896 -0.0599516071379 0.106                                -0.076 0.11146280109 -0.0745653182501 0.010722694397 -0.0430879592896 0.0599516071379
* 83 8.263204813 0.82 0.0 0.0 0.1 0.0 0.812327384949 0.0424394607544 -0.0624511875212 0.107                                -0.077 0.108837070886 -0.0709041463225 0.00767261505127 -0.0424394607544 0.0624511875212
* 84 8.36368083954 0.83 0.0 0.0 0.1 0.0 0.821162223816 0.0421714782715 -0.0637934878469 0.108                                -0.076 0.109881905188 -0.068661047526 0.00883777618408 -0.0421714782715 0.0637934878469
* 85 8.46428179741 0.84 0.0 0.0 0.1 0.0 0.832281589508 0.0421042442322 -0.0662811473012 0.108                                -0.073 0.108973516503 -0.0664158572786 0.00771841049194 -0.0421042442322 0.0662811473012
* 86 8.5649459362 0.85 0.0 0.0 0.1 0.0 0.842355251312 0.0418548583984 -0.0663545802236 0.109                                -0.072 0.10889679743 -0.0656173341633 0.00764474868774 -0.0418548583984 0.0663545802236
* 87 8.66549491882 0.86 0.0 0.0 0.1 0.0 0.853786945343 0.0423264503479 -0.0687244608998 0.109                                -0.07 0.107743128729 -0.0651725456714 0.00621305465698 -0.0423264503479 0.0687244608998
* 88 8.76607298851 0.87 0.0 0.0 0.1 0.0 0.860178470612 0.0409669876099 -0.0717519000173 0.108                                -0.068 0.110901507196 -0.0575921895691 0.00982152938843 -0.0409669876099 0.0717519000173
* 89 8.86667895317 0.88 0.0 0.0 0.1 0.0 0.869772911072 0.042106628418 -0.0748761370778 0.108                                -0.066 0.111417646958 -0.0580526408832 0.0102270889282 -0.042106628418 0.0748761370778
* 90 8.96720981598 0.89 0.0 0.0 0.1 0.0 0.88338470459 0.0402803421021 -0.0774119570851 0.109                                -0.064 0.108210419192 -0.0511039153259 0.00661529541016 -0.0402803421021 0.0774119570851
* 91 9.06773591042 0.9 0.0 0.0 0.1 0.0 0.892652988434 0.0415854454041 -0.0803025439382 0.109                                -0.061 0.109018972369 -0.052212633695 0.00734701156616 -0.0415854454041 0.0803025439382
* 92 9.17037582397 0.91 0.0 0.0 0.1 0.0 0.904227256775 0.0383758544922 -0.0809395983815 0.108                                -0.056 0.107434135845 -0.0424185457189 0.0057727432251 -0.0383758544922 0.0809395983815
* 93 9.27102184296 0.92 0.0 0.0 0.1 0.0 0.913593292236 0.0390424728394 -0.0820215418935 0.108                                -0.054 0.108062724159 -0.0432788750064 0.00640670776367 -0.0390424728394 0.0820215418935
* 94 9.37161493301 0.93 0.0 0.0 0.1 0.0 0.923002719879 0.0418405532837 -0.0862539485097 0.108                                -0.049 0.108896328611 -0.0476574666914 0.00699728012085 -0.0418405532837 0.0862539485097
* 95 9.47275686264 0.94 0.0 0.0 0.1 0.0 0.931169033051 0.0447182655334 -0.0898612216115 0.107                                -0.048 0.110821210736 -0.0524855976716 0.00883096694946 -0.0447182655334 0.0898612216115
* 96 9.57339692116 0.95 0.0 0.0 0.1 0.0 0.938461780548 0.0445928573608 -0.0906322672963 0.108                                -0.048 0.113196650253 -0.0506704542148 0.0115382194519 -0.0445928573608 0.0906322672963
* 97 9.67396998405 0.96 0.0 0.0 0.1 0.0 0.950793266296 0.0436072349548 -0.0918372347951 0.109                                -0.049 0.111117640266 -0.0472552932979 0.00920673370361 -0.0436072349548 0.0918372347951
* 98 9.77449798584 0.97 0.0 0.0 0.1 0.0 0.963535308838 0.0458908081055 -0.0951183512807 0.11                                -0.049 0.109007307487 -0.0518505995991 0.00646469116211 -0.0458908081055 0.0951183512807
* 99 9.87508201599 0.98 0.0 0.0 0.1 0.0 0.97446346283 0.0425314903259 -0.0945771411061 0.11                                -0.048 0.107903281014 -0.0425724379347 0.00553653717041 -0.0425314903259 0.0945771411061
* 100 9.97571802139 0.99 0.0 0.0 0.1 0.0 0.987167835236 0.0428886413574 -0.0984476283193 0.109                                -0.049 0.105680012466 -0.0409326285394 0.00283216476441 -0.0428886413574 0.0984476283193
* 101 10.0762209892 1.0 0.0 0.0 0.1 0.0 0.995567321777 0.04052734375 -0.0977442935109 0.108                                -0.047 0.106854744306 -0.034045154018 0.00443267822266 -0.04052734375 0.0977442935109
* 102 10.1767818928 1.0 0.01 1.57079632679 0.1 0.0 1.00376796722 0.0429320335388 -0.0975621417165 0.107                                -0.045 -0.0102159254544 1.36264873892 -0.00376796722412 -0.0329320335388 1.66835846851
* 103 10.2773599625 1.0 0.02 1.57079632679 0.1 0.0 1.01248407364 0.0419893264771 -0.101317234337 0.105                                -0.026 -0.0190496941259 1.39594915671 -0.0124840736389 -0.0219893264771 1.67211356113
* 104 10.3780369759 1.0 0.03 1.57079632679 0.1 0.0 1.0208158493 0.0414338111877 -0.0999534800649 0.072                                0.276 -0.0271298834294 1.42381008141 -0.0208158493042 -0.0114338111877 1.67074980686
* 105 10.4786069393 1.0 0.04 1.57079632679 0.1 0.0 1.03374385834 0.0410871505737 -0.0817979052663 0.057                                0.501 -0.0375655879431 1.43673917626 -0.0337438583374 -0.00108715057373 1.65259423206
* 106 10.5792658329 1.0 0.05 1.57079632679 0.1 0.0 1.03732585907 0.0419149398804 -0.0173795856535 0.039                                0.764 -0.0345668100172 1.41411312744 -0.0373258590698 0.00808506011963 1.58817591245
* 107 10.6798219681 1.0 0.06 1.57079632679 0.1 0.0 1.04294347763 0.0418496131897 0.0601097717881 0.03                                0.892 -0.0306029092622 1.38599148996 -0.0429434776306 0.0181503868103 1.51068655501
* 108 10.7804129124 1.0 0.07 1.57079632679 0.1 0.0 1.04230546951 0.0443978309631 0.149930119514 0.02                                1.01 -0.0183704951244 1.34008699303 -0.0423054695129 0.0256021690369 1.42086620728
* 109 10.8810977936 1.0 0.08 1.57079632679 0.1 0.0 1.04799938202 0.0461096763611 0.231489300728 0.014                                1.077 -0.0111857864539 1.30570596265 -0.047999382019 0.0338903236389 1.33930702607
* 110 10.9817328453 1.0 0.09 1.57079632679 0.1 0.0 1.04840993881 0.046037197113 0.304012209177 0.008                                1.156 0.000989296638366 1.27946906142 -0.0484099388123 0.043962802887 1.26678411762
* 111 11.0823829174 1.0 0.1 1.57079632679 0.1 0.0 1.04636621475 0.0475602149963 0.384759515524 0.004                                1.188 0.017119987691 1.23741688367 -0.0463662147522 0.0524397850037 1.18603681127
* 112 11.1833069324 1.0 0.11 1.57079632679 0.1 0.0 1.04721879959 0.0462594032288 0.452415376902 0.004                                1.22 0.0309149245258 1.21400722717 -0.0472187995911 0.0637405967712 1.11838094989
* 113 11.2839148045 1.0 0.12 1.57079632679 0.1 0.0 1.04606676102 0.0525727272034 0.516650915146 0.009                                1.218 0.0434843742379 1.16795335188 -0.0460667610168 0.0674272727966 1.05414541165
* 114 11.3844718933 1.0 0.13 1.57079632679 0.1 0.0 1.0471777916 0.0536680221558 0.596773087978 0.016                                1.202 0.059592181618 1.12254435198 -0.0471777915955 0.0763319778442 0.974023238817
* 115 11.4848949909 1.0 0.14 1.57079632679 0.1 0.0 1.04979085922 0.0547380447388 0.663223385811 0.023                                1.182 0.0731835128594 1.08888209897 -0.0497908592224 0.0852619552612 0.907572940984
* 116 11.5852799416 1.0 0.15 1.57079632679 0.1 0.0 1.05239725113 0.0499925613403 0.720014870167 0.036                                1.136 0.0892089867477 1.07479465677 -0.0523972511291 0.10000743866 0.850781456628
* 117 11.6856780052 1.0 0.16 1.57079632679 0.1 0.0 1.05997753143 0.0602426528931 0.765568554401 0.045                                1.104 0.0919778199785 1.04612171986 -0.0599775314331 0.0997573471069 0.805227772393
* 118 11.7861168385 1.0 0.17 1.57079632679 0.1 0.0 1.06500244141 0.067373752594 0.810612499714 0.057                                1.052 0.098397023863 1.01966064784 -0.0650024414062 0.102626247406 0.760183827081
* 119 11.8866429329 1.0 0.18 1.57079632679 0.1 0.0 1.06740474701 0.0722951889038 0.854428887367 0.065                                1.027 0.107817835026 0.992475026953 -0.0674047470093 0.107704811096 0.716367439428
* 120 11.9870619774 1.0 0.19 1.57079632679 0.1 0.0 1.07501077652 0.0836973190308 0.901628255844 0.073                                1.001 0.110723598479 0.960760327756 -0.0750107765198 0.106302680969 0.669168070951
* 121 12.0875959396 1.0 0.2 1.57079632679 0.1 0.0 1.07643938065 0.0907936096191 0.949834883213 0.079                                0.97 0.12019476213 0.921306779713 -0.0764393806458 0.109206390381 0.620961443582
* 122 12.1881148815 1.0 0.21 1.57079632679 0.1 0.0 1.08330440521 0.0973763465881 1.00061821938 0.088                                0.939 0.127858878856 0.89243387374 -0.0833044052124 0.112623653412 0.570178107419
* 123 12.2887639999 1.0 0.22 1.57079632679 0.1 0.0 1.09224462509 0.115786552429 1.0486317873 0.098                                0.896 0.125512901487 0.853390530452 -0.0922446250916 0.104213447571 0.522164539495
* 124 12.3891890049 1.0 0.23 1.57079632679 0.1 0.0 1.09278774261 0.123212337494 1.09376704693 0.102                                0.874 0.134637655671 0.812427202382 -0.0927877426147 0.106787662506 0.477029279866
* 125 12.4903349876 1.0 0.24 1.57079632679 0.1 0.0 1.09590053558 0.131463050842 1.1482616663 0.11                                0.838 0.143493141994 0.766214169547 -0.0959005355835 0.108536949158 0.422534660497
* 126 12.5908508301 1.0 0.25 1.57079632679 0.1 0.0 1.10107946396 0.151559352875 1.1957681179 0.115                                0.81 0.140875522919 0.718996823322 -0.101079463959 0.0984406471252 0.37502820889
* 127 12.6913268566 1.0 0.26 1.57079632679 0.1 0.0 1.10204315186 0.160627841949 1.24163925648 0.124                                0.771 0.148135151602 0.674518545016 -0.102043151855 0.0993721580505 0.329157070318
* 128 12.7925980091 1.0 0.27 1.57079632679 0.1 0.0 1.10872173309 0.183569431305 1.29064702988 0.128                                0.743 0.142547883722 0.630653851479 -0.108721733093 0.0864305686951 0.280149296918
* 129 12.8932209015 1.0 0.28 1.57079632679 0.1 0.0 1.1144194603 0.195967674255 1.33073270321 0.135                                0.701 0.144821515957 0.603735620679 -0.114419460297 0.0840323257446 0.240063623586
* 130 12.9936449528 1.0 0.29 1.57079632679 0.1 0.0 1.11337661743 0.20795583725 1.37488639355 0.137                                0.68 0.149270620408 0.553222293536 -0.113376617432 0.0820441627502 0.195909933248
* 131 13.0941989422 1.0 0.3 1.57079632679 0.1 0.0 1.11617565155 0.228581905365 1.41759777069 0.14                                0.638 0.145147065531 0.511396711175 -0.11617565155 0.071418094635 0.153198556104
* 132 13.1947648525 1.0 0.31 1.57079632679 0.1 0.0 1.11873102188 0.246800422668 1.44623696804 0.143                                0.606 0.141254492879 0.486147091377 -0.118731021881 0.0631995773315 0.124559358754
* 133 13.2952928543 1.0 0.32 1.57079632679 0.1 0.0 1.11822891235 0.263967990875 1.47249138355 0.143                                0.56 0.138215072685 0.455622498795 -0.118228912354 0.0560320091248 0.0983049432423
* 134 13.3958418369 1.0 0.33 1.57079632679 0.1 0.0 1.11902093887 0.284768104553 1.49459576607 0.142                                0.534 0.13129364487 0.433135580202 -0.119020938873 0.0452318954468 0.0762005607274
* 135 13.4963889122 1.0 0.34 1.57079632679 0.1 0.0 1.11995458603 0.297854423523 1.51383554935 0.14                                0.501 0.130727802148 0.416396086376 -0.119954586029 0.0421455764771 0.0569607774403
* 136 13.5968689919 1.0 0.35 1.57079632679 0.1 0.0 1.11687088013 0.312116146088 1.53105688095 0.137                                0.48 0.129025520886 0.38967699583 -0.116870880127 0.0378838539124 0.039739445844
* 137 13.6977698803 1.0 0.36 1.57079632679 0.1 0.0 1.11643981934 0.325618743896 1.55040955544 0.133                                0.446 0.128023003772 0.369215562411 -0.116439819336 0.0343812561035 0.0203867713597
* 138 13.7983620167 1.0 0.37 1.57079632679 0.1 0.0 1.11660289764 0.338242530823 1.56500816345 0.132                                0.427 0.127237246251 0.355426774542 -0.116602897644 0.0317574691772 0.00578816334275
* 139 13.8989160061 1.0 0.38 1.57079632679 0.1 0.0 1.11497735977 0.353253364563 1.57988107204 0.13                                0.4 0.124349859468 0.336227424419 -0.114977359772 0.026746635437 -0.00908474524948
* 140 13.9999349117 1.0 0.39 1.57079632679 0.1 0.0 1.11162090302 0.365983486176 1.59728503227 0.128                                0.383 0.12359536739 0.309623423128 -0.111620903015 0.0240165138245 -0.0264887054774
* 141 14.1010289192 1.0 0.4 1.57079632679 0.1 0.0 1.11105394363 0.380078792572 1.61243927479 0.126                                0.359 0.121407879173 0.29389093349 -0.111053943634 0.019921207428 -0.041642947993
* 142 14.2015769482 1.0 0.41 1.57079632679 0.1 0.0 1.10906457901 0.394373416901 1.62646305561 0.125                                0.343 0.118836184997 0.275294744822 -0.10906457901 0.0156265830994 -0.0556667288158
* 143 14.3027348518 1.0 0.42 1.57079632679 0.1 0.0 1.10781478882 0.403478145599 1.64051568508 0.123                                0.318 0.120782949997 0.258106722678 -0.107814788818 0.0165218544006 -0.0697193582866
* 144 14.4031767845 1.0 0.43 1.57079632679 0.1 0.0 1.10565471649 0.415954589844 1.65904021263 0.122                                0.307 0.120031794462 0.234684344962 -0.105654716492 0.0140454101563 -0.0882438858363
* 145 14.5038979053 1.0 0.44 1.57079632679 0.1 0.0 1.10422897339 0.431223392487 1.67428600788 0.121                                0.281 0.116551312567 0.21760014172 -0.104228973389 0.00877660751343 -0.103489681086
* 146 14.6045868397 1.0 0.45 1.57079632679 0.1 0.0 1.10040187836 0.444139003754 1.68500173092 0.12                                0.265 0.114478277056 0.19715516387 -0.100401878357 0.00586099624634 -0.114205404124
* 147 14.7049748898 1.0 0.46 1.57079632679 0.1 0.0 1.09841394424 0.456469535828 1.69462633133 0.118                                0.241 0.112957066268 0.183153762001 -0.0984139442444 0.00353046417236 -0.123830004534
* 148 14.8054378033 1.0 0.47 1.57079632679 0.1 0.0 1.09540557861 0.4704246521 1.70133709908 0.117                                0.226 0.109663629723 0.169547132855 -0.0954055786133 -0.000424652099609 -0.13054077228
* 149 14.905962944 1.0 0.48 1.57079632679 0.1 0.0 1.09221553802 0.481816768646 1.70982444286 0.115                                0.206 0.108657550712 0.152894462499 -0.0922155380249 -0.00181676864624 -0.139028116069
* 150 15.0065398216 1.0 0.49 1.57079632679 0.1 0.0 1.08868026733 0.49128818512 1.71638071537 0.113                                0.196 0.109099401099 0.136203303193 -0.088680267334 -0.00128818511963 -0.145584388575
* 151 15.1070919037 1.0 0.5 1.57079632679 0.1 0.0 1.08637857437 0.50520324707 1.72187697887 0.111                                0.175 0.105746049923 0.126132829338 -0.0863785743713 -0.00520324707031 -0.151080652079
* 152 15.2077209949 1.0 0.51 1.57079632679 0.1 0.0 1.08449935913 0.514158725739 1.72730326653 0.11                                0.162 0.106720118973 0.115188601624 -0.0844993591309 -0.00415872573853 -0.15650693973
* 153 15.3089330196 1.0 0.52 1.57079632679 0.1 0.0 1.08280706406 0.521843910217 1.73272192478 0.108                                0.145 0.108796494163 0.104158848045 -0.0828070640564 -0.00184391021728 -0.161925597987
* 154 15.4096498489 1.0 0.53 1.57079632679 0.1 0.0 1.07841730118 0.535006523132 1.73623466492 0.108                                0.134 0.105624411189 0.0895304336173 -0.078417301178 -0.00500652313232 -0.165438338122
* 155 15.5102279186 1.0 0.54 1.57079632679 0.1 0.0 1.07176828384 0.547833919525 1.74080133438 0.108                                0.122 0.102433021604 0.0671922741472 -0.071768283844 -0.00783391952515 -0.170005007586
* 156 15.6106929779 1.0 0.55 1.57079632679 0.1 0.0 1.07103872299 0.558368682861 1.74219620228 0.107                                0.11 0.101926581944 0.064068180499 -0.0710387229919 -0.00836868286133 -0.171399875483
* 157 15.7112929821 1.0 0.56 1.57079632679 0.1 0.0 1.06763362885 0.565788269043 1.74310958385 0.105                                0.093 0.103684350169 0.0518657088519 -0.0676336288452 -0.00578826904297 -0.17231325706
* 158 15.811855793 1.0 0.57 1.57079632679 0.1 0.0 1.06602239609 0.574291229248 1.74556481838 0.104                                0.082 0.104833878326 0.0441290417318 -0.0660223960876 -0.00429122924805 -0.174768491587
* 159 15.9125409126 1.0 0.58 1.57079632679 0.1 0.0 1.06551361084 0.583957672119 1.74775195122 0.104                                0.067 0.105130906453 0.0404855933426 -0.0655136108398 -0.00395767211914 -0.176955624423
* 160 16.0132358074 1.0 0.59 1.57079632679 0.1 0.0 1.06397294998 0.594026088715 1.75112128258 0.104                                0.06 0.104962341834 0.0329443295426 -0.0639729499817 -0.0040260887146 -0.180324955783
* 161 16.1138839722 1.0 0.6 1.57079632679 0.1 0.0 1.06054067612 0.604882240295 1.75199139118 0.104                                0.052 0.103715188585 0.022496717879 -0.0605406761169 -0.00488224029541 -0.181195064387
* 162 16.2151999474 1.0 0.61 1.57079632679 0.1 0.0 1.05726146698 0.619051456451 1.75280630589 0.105                                0.046 0.0996300906346 0.0143564113801 -0.05726146698 -0.00905145645142 -0.18200997909
* 163 16.3162238598 1.0 0.62 1.57079632679 0.1 0.0 1.05522680283 0.627686500549 1.75340878963 0.104                                0.034 0.100502256499 0.00707962177406 -0.0552268028259 -0.00768650054932 -0.18261246284
* 164 16.4166607857 1.0 0.63 1.57079632679 0.1 0.0 1.05217599869 0.636232852936 1.75379502773 0.102                                0.028 0.101280194134 -0.00305492465921 -0.0521759986877 -0.00623285293579 -0.182998700938
* 165 16.5175938606 1.0 0.64 1.57079632679 0.1 0.0 1.04919433594 0.645154476166 1.75414383411 0.101                                0.018 0.101742664958 -0.012749030846 -0.0491943359375 -0.00515447616577 -0.183347507319
* 166 16.618129015 1.0 0.65 1.57079632679 0.1 0.0 1.04918670654 0.653365135193 1.75445175171 0.101                                0.011 0.103290859683 -0.0140253240312 -0.049186706543 -0.00336513519287 -0.183655424914
* 167 16.7187349796 1.0 0.66 1.57079632679 0.1 0.0 1.04793453217 0.662654876709 1.7548340559 0.101                                0.001 0.103711390593 -0.0184498963112 -0.0479345321655 -0.00265487670898 -0.184037729106
* 168 16.8207190037 1.0 0.67 1.57079632679 0.1 0.0 1.0482468605 0.671065330505 1.75805604458 0.102                                -0.006 0.105205936142 -0.0213009682131 -0.0482468605041 -0.00106533050537 -0.187259717784
* 169 16.9217488766 1.0 0.68 1.57079632679 0.1 0.0 1.04233455658 0.681746482849 1.75876522064 0.103                                -0.008 0.103667678544 -0.038982019249 -0.0423345565796 -0.00174648284912 -0.187968893847
* 170 17.0222828388 1.0 0.69 1.57079632679 0.1 0.0 1.03720235825 0.697121620178 1.75868582726 0.104                                -0.015 0.098198518803 -0.0510245914175 -0.0372023582458 -0.00712162017822 -0.18788950046
* 171 17.1232600212 1.0 0.7 1.57079632679 0.1 0.0 1.03659582138 0.708876609802 1.75892877579 0.103                                -0.023 0.0965917727629 -0.0520402948015 -0.0365958213806 -0.00887660980225 -0.188132448992
* 172 17.224957943 1.0 0.71 1.57079632679 0.1 0.0 1.03488445282 0.716025352478 1.75827944279 0.1                                -0.036 0.0987578880277 -0.0581133728312 -0.0348844528198 -0.00602535247803 -0.187483115992
* 173 17.3254568577 1.0 0.72 1.57079632679 0.1 0.0 1.03311681747 0.719918727875 1.75880932808 0.099                                -0.042 0.103732170524 -0.0672122552017 -0.0331168174744 8.12721252447e-05 -0.188013001284
* 174 17.425855875 1.0 0.73 1.57079632679 0.1 0.0 1.03121948242 0.726117134094 1.75845205784 0.099                                -0.047 0.106691527542 -0.0746121572664 -0.0312194824219 0.00388286590576 -0.187655731044
* 175 17.5266017914 1.0 0.74 1.57079632679 0.1 0.0 1.02934551239 0.733922481537 1.75767815113 0.101                                -0.053 0.108270305925 -0.0806588833771 -0.0293455123901 0.00607751846314 -0.186881824336
* 176 17.6273798943 1.0 0.75 1.57079632679 0.1 0.0 1.02672052383 0.743672370911 1.75635671616 0.103                                -0.063 0.108053679958 -0.0873338307233 -0.0267205238342 0.00632762908936 -0.185560389361
* 177 17.7279188633 1.0 0.76 1.57079632679 0.1 0.0 1.02448892593 0.756502628326 1.75650429726 0.105                                -0.069 0.105255434859 -0.0924800267702 -0.0244889259338 0.00349737167358 -0.185707970462
* 178 17.8289318085 1.0 0.77 1.57079632679 0.1 0.0 1.01998662949 0.76787853241 1.75666880608 0.105                                -0.077 0.103341594194 -0.10513954441 -0.0199866294861 0.00212146759033 -0.185872479281
* 179 17.9296739101 1.0 0.78 1.57079632679 0.1 0.0 1.01987457275 0.778610229492 1.75517404079 0.105                                -0.082 0.102695523224 -0.103731785217 -0.0198745727539 0.00138977050781 -0.184377713999
* 180 18.0302498341 1.0 0.79 1.57079632679 0.1 0.0 1.01700496674 0.788111686707 1.75272452831 0.104                                -0.092 0.10267342749 -0.110285840343 -0.0170049667358 0.00188831329346 -0.181928201518
* 181 18.1310148239 1.0 0.8 1.57079632679 0.1 0.0 1.01454687119 0.794176578522 1.7509636879 0.104                                -0.095 0.105686568479 -0.118087100823 -0.0145468711853 0.00582342147827 -0.180167361102
* 182 18.2314708233 1.0 0.81 1.57079632679 0.1 0.0 1.01368713379 0.803047657013 1.74864912033 0.103                                -0.102 0.106541284584 -0.119138642554 -0.0136871337891 0.00695234298706 -0.177852793536
* 183 18.3346419334 1.0 0.82 1.57079632679 0.1 0.0 1.01181077957 0.811643123627 1.7441110611 0.104                                -0.106 0.107500655277 -0.12130730103 -0.0118107795715 0.00835687637329 -0.173314734301
* 184 18.4352359772 1.0 0.83 1.57079632679 0.1 0.0 1.00997161865 0.81987285614 1.73870158195 0.105                                -0.112 0.108804262325 -0.122727896747 -0.00997161865234 0.0101271438599 -0.16790525516
* 185 18.5364367962 1.0 0.84 1.57079632679 0.1 0.0 1.00540685654 0.828285694122 1.73571634293 0.106                                -0.115 0.109547667453 -0.134297713616 -0.00540685653686 0.0117143058777 -0.164920016131
* 186 18.6368830204 1.0 0.85 1.57079632679 0.1 0.0 1.00485754013 0.840709686279 1.73264217377 0.107                                -0.119 0.107414340255 -0.131943544661 -0.00485754013061 0.0092903137207 -0.161845846972
* 187 18.7376379967 1.0 0.86 1.57079632679 0.1 0.0 1.00460195541 0.850565433502 1.7296693325 0.108                                -0.123 0.107542569714 -0.130075129492 -0.00460195541382 0.0094345664978 -0.158873005709
* 188 18.8383398056 1.0 0.87 1.57079632679 0.1 0.0 1.00158309937 0.859383106232 1.72372686863 0.107                                -0.126 0.108239822776 -0.134179720848 -0.00158309936523 0.0106168937683 -0.152930541835
* 189 18.9390540123 1.0 0.88 1.57079632679 0.1 0.0 1.00003814697 0.868470668793 1.71986174583 0.107                                -0.128 0.1088877473 -0.135658016897 -3.81469726556e-05 0.0115293312073 -0.149065419039
* 190 19.039659977 1.0 0.89 1.57079632679 0.1 0.0 1.00061321259 0.878538608551 1.71681749821 0.107                                -0.13 0.108951343554 -0.131149477059 -0.000613212585449 0.011461391449 -0.146021171412
* 191 19.1406769753 1.0 0.9 1.57079632679 0.1 0.0 0.998928070068 0.885256290436 1.71183407307 0.108                                -0.132 0.111667459481 -0.133000744976 0.00107192993164 0.0147437095642 -0.141037746272
* 192 19.2412488461 1.0 0.91 1.57079632679 0.1 0.0 0.993870258331 0.895229816437 1.70711493492 0.108                                -0.131 0.11116614377 -0.143703933043 0.0061297416687 0.0147701835632 -0.136318608126
* 193 19.3431808949 1.0 0.92 1.57079632679 0.1 0.0 0.990257263184 0.907454013824 1.70428133011 0.109                                -0.134 0.108871025346 -0.150957791183 0.00974273681641 0.0125459861755 -0.133485003314
* 194 19.4439418316 1.0 0.93 1.57079632679 0.1 0.0 0.98835515976 0.916334629059 1.69862782955 0.109                                -0.136 0.109761110565 -0.15190172845 0.0116448402405 0.0136653709412 -0.127831502757
* 195 19.5444049835 1.0 0.94 1.57079632679 0.1 0.0 0.987651824951 0.924864768982 1.69192910194 0.109                                -0.143 0.111126276071 -0.148415199625 0.0123481750488 0.0151352310181 -0.121132775149
* 196 19.6449007988 1.0 0.95 1.57079632679 0.1 0.0 0.985549926758 0.934071063995 1.68460834026 0.109                                -0.145 0.111784009619 -0.148236591534 0.0144500732422 0.0159289360046 -0.113812013468
* 197 19.7453508377 1.0 0.96 1.57079632679 0.1 0.0 0.985466480255 0.942981719971 1.67740738392 0.11                                -0.146 0.112906354661 -0.142214968569 0.0145335197449 0.0170182800293 -0.106611057124
* 198 19.8458998203 1.0 0.97 1.57079632679 0.1 0.0 0.984333515167 0.957759857178 1.67034852505 0.111                                -0.146 0.108813953005 -0.137659488996 0.0156664848328 0.0122401428223 -0.0995521982524
* 199 19.9465038776 1.0 0.98 1.57079632679 0.1 0.0 0.984476566315 0.965428829193 1.66580808163 0.111                                -0.143 0.110970317235 -0.13377144035 0.0155234336853 0.0145711708069 -0.095011754832
* 200 20.0469338894 1.0 0.99 1.57079632679 0.1 0.0 0.983261585236 0.974469661713 1.66177928448 0.11                                -0.141 0.111807433039 -0.133974160944 0.0167384147644 0.0155303382874 -0.0909829576823
* 201 20.1473588943 1.0 1.0 1.57079632679 0.1 0.0 0.982991695404 0.984681606293 1.65756928921 0.11                                -0.138 0.111705861187 -0.130859616146 0.0170083045959 0.0153183937073 -0.0867729624126
* 202 20.2484228611 1.0 1.01 1.57079632679 0.1 0.0 0.981119632721 0.990843772888 1.65274393559 0.111                                -0.137 0.11504137521 -0.132970462141 0.0188803672791 0.0191562271118 -0.0819476087901
* 203 20.3491249084 1.0 1.02 1.57079632679 0.1 0.0 0.980281829834 1.00078058243 1.64627444744 0.111                                -0.134 0.115207352987 -0.129479606879 0.019718170166 0.019219417572 -0.0754781206462
* 204 20.4497768879 1.0 1.03 1.57079632679 0.1 0.0 0.978430271149 1.01089382172 1.64081549644 0.113                                -0.134 0.115135279051 -0.129922470497 0.0215697288513 0.0191061782837 -0.0700191696498
* 205 20.5504419804 1.0 1.04 1.57079632679 0.1 0.0 0.973286151886 1.02381515503 1.63587164879 0.113                                -0.131 0.112419607253 -0.140158539829 0.026713848114 0.0161848449707 -0.0650753219936
* 206 20.6510589123 1.0 1.05 1.57079632679 0.1 0.0 0.971185207367 1.03577280045 1.63071572781 0.113                                -0.131 0.110754073753 -0.141355900055 0.0288147926331 0.0142271995544 -0.0599194010112
* 207 20.7534368038 1.0 1.06 1.57079632679 0.1 0.0 0.971314907074 1.0443687439 1.62709236145 0.113                                -0.135 0.112103982538 -0.137892861643 0.028685092926 0.0156312561035 -0.0562960346553
* 208 20.8539979458 1.0 1.07 1.57079632679 0.1 0.0 0.968458652496 1.05288362503 1.62242865562 0.112                                -0.136 0.113420225877 -0.142396344505 0.0315413475037 0.0171163749695 -0.0516323288295
* 209 20.9545958042 1.0 1.08 1.57079632679 0.1 0.0 0.970446586609 1.06523942947 1.6154654026 0.112                                -0.137 0.11166634931 -0.12969518393 0.0295534133911 0.0147605705261 -0.0446690758083
* 210 21.0552339554 1.0 1.09 1.57079632679 0.1 0.0 0.971388816833 1.07257843018 1.61035585403 0.112                                -0.138 0.114185675854 -0.122501656044 0.0286111831665 0.0174215698242 -0.0395595272395
* 211 21.1558430195 1.0 1.1 1.57079632679 0.1 0.0 0.969902038574 1.08352899551 1.60470068455 0.112                                -0.134 0.113474591849 -0.121629278593 0.0300979614258 0.0164710044861 -0.0339043577525
* 212 21.2564558983 1.0 1.11 1.57079632679 0.1 0.0 0.969914913177 1.09202623367 1.60212635994 0.112                                -0.13 0.114868726145 -0.119356313255 0.0300850868225 0.0179737663269 -0.0313300331447
* 213 21.3570330143 1.0 1.12 1.57079632679 0.1 0.0 0.969493865967 1.10261058807 1.59787976742 0.113                                -0.127 0.114473088317 -0.116632299969 0.0305061340332 0.0173894119263 -0.027083440623
* 214 21.4578638077 1.0 1.13 1.57079632679 0.1 0.0 0.962992668152 1.11294460297 1.59254264832 0.113                                -0.125 0.114214210465 -0.131165855379 0.0370073318481 0.0170553970337 -0.0217463215205
* 215 21.5599780083 1.0 1.14 1.57079632679 0.1 0.0 0.962382316589 1.12346410751 1.58418309689 0.113                                -0.122 0.114039769938 -0.125238582693 0.0376176834106 0.0165358924866 -0.0133867700908
* 216 21.6605088711 1.0 1.15 1.57079632679 0.1 0.0 0.963687896729 1.13324356079 1.58102703094 0.113                                -0.124 0.114353046575 -0.118410630281 0.0363121032715 0.016756439209 -0.0102307041499
* 217 21.7611048222 1.0 1.16 1.57079632679 0.1 0.0 0.963318347931 1.14567089081 1.57704889774 0.113                                -0.124 0.112354206925 -0.115791063336 0.0366816520691 0.0143291091919 -0.00625257094833
* 218 21.8616538048 1.0 1.17 1.57079632679 0.1 0.0 0.961912631989 1.15596437454 1.5758985281 0.113                                -0.12 0.112128443122 -0.118946798799 0.0380873680115 0.0140356254578 -0.00510220130416
* 219 21.9623439312 1.0 1.18 1.57079632679 0.1 0.0 0.962921619415 1.1646695137 1.57388854027 0.113                                -0.119 0.113333944934 -0.114086705248 0.0370783805847 0.0153304862976 -0.00309221347305
* 220 22.0632219315 1.0 1.19 1.57079632679 0.1 0.0 0.962487697601 1.17455291748 1.57218396664 0.112                                -0.118 0.113491418115 -0.113817170418 0.0375123023987 0.0154470825195 -0.00138763984176
* 221 22.1661798954 1.0 1.2 1.57079632679 0.1 0.0 0.959040641785 1.18432378769 1.56902062893 0.112                                -0.117 0.113801503456 -0.121238228674 0.0409593582153 0.0156762123108 0.00177569786576
* 222 22.2676079273 1.0 1.21 1.57079632679 0.1 0.0 0.958405017853 1.19491624832 1.5639988184 0.112                                -0.116 0.113463902961 -0.118517432227 0.0415949821472 0.0150837516785 0.00679750839737
* 223 22.3685019016 1.0 1.22 1.57079632679 0.1 0.0 0.95821428299 1.2043595314 1.56117367744 0.112                                -0.117 0.114053723596 -0.116466978683 0.0417857170105 0.0156404685974 0.00962264935044
* 224 22.4692249298 1.0 1.23 1.57079632679 0.1 0.0 0.957546234131 1.21865510941 1.55806219578 0.113                                -0.118 0.110407005755 -0.115757947865 0.0424537658691 0.0113448905945 0.012734131017
* 225 22.5698068142 1.0 1.24 1.57079632679 0.1 0.0 0.959750175476 1.22941732407 1.55383634567 0.113                                -0.117 0.109856680804 -0.105330704825 0.0402498245239 0.0105826759338 0.0169599811223
* 226 22.670347929 1.0 1.25 1.57079632679 0.1 0.0 0.958465576172 1.23798036575 1.55131864548 0.111                                -0.115 0.11122143549 -0.106807952144 0.0415344238281 0.0120196342468 0.0194776813176
* 227 22.770939827 1.0 1.26 1.57079632679 0.1 0.0 0.95907831192 1.24720287323 1.54879140854 0.111                                -0.111 0.111976991114 -0.102606467831 0.0409216880798 0.01279712677 0.0220049182561
* 228 22.8715867996 1.0 1.27 1.57079632679 0.1 0.0 0.959448337555 1.2545208931 1.54603242874 0.111                                -0.108 0.114410351389 -0.0987658422777 0.0405516624451 0.0154791069031 0.0247638980534
* 229 22.9721608162 1.0 1.28 1.57079632679 0.1 0.0 0.961402893066 1.26547288895 1.54366374016 0.111                                -0.107 0.113607071827 -0.0907885651379 0.0385971069336 0.0145271110535 0.0271325866368
* 230 23.0727608204 1.0 1.29 1.57079632679 0.1 0.0 0.962934970856 1.27457046509 1.54139006138 0.112                                -0.103 0.114427729186 -0.0840156754481 0.0370650291443 0.0154295349121 0.0294062654164
* 231 23.1733238697 1.0 1.3 1.57079632679 0.1 0.0 0.959342002869 1.28630113602 1.5389444828 0.112                                -0.099 0.113082988342 -0.0926897844494 0.0406579971313 0.0136988639832 0.0318518439916
* 232 23.2738878727 1.0 1.31 1.57079632679 0.1 0.0 0.958365440369 1.29866933823 1.53723144531 0.113                                -0.093 0.111092218639 -0.0942778160725 0.0416345596313 0.0113306617737 0.0335648814824
* 233 23.3749189377 1.0 1.32 1.57079632679 0.1 0.0 0.958864688873 1.30717229843 1.5344479084 0.112                                -0.093 0.112478198043 -0.0900717700441 0.0411353111267 0.0128277015686 0.0363484183934
* 234 23.475620985 1.0 1.33 1.57079632679 0.1 0.0 0.955664634705 1.31629991531 1.53336548805 0.112                                -0.092 0.113381679778 -0.0985721301624 0.0443353652954 0.0137000846863 0.0374308387425
* 235 23.5762298107 1.0 1.34 1.57079632679 0.1 0.0 0.958041191101 1.32656621933 1.53148460388 0.112                                -0.092 0.113131572661 -0.089744198766 0.0419588088989 0.0134337806702 0.0393117229131
* 236 23.6772048473 1.0 1.35 1.57079632679 0.1 0.0 0.958676815033 1.33574819565 1.53039205074 0.112                                -0.094 0.113860643363 -0.0867328131896 0.041323184967 0.0142518043518 0.0404042760518
* 237 23.7776799202 1.0 1.36 1.57079632679 0.1 0.0 0.958322048187 1.34579706192 1.52969002724 0.112                                -0.092 0.113852815994 -0.0871534802134 0.0416779518127 0.0142029380798 0.041106299558
* 238 23.8793389797 1.0 1.37 1.57079632679 0.1 0.0 0.959696292877 1.35602712631 1.52980208397 0.112                                -0.09 0.113598438088 -0.0831660430371 0.0403037071228 0.0139728736877 0.0409942428258
* 239 23.9804298878 1.0 1.38 1.57079632679 0.1 0.0 0.959476470947 1.36928701401 1.52888464928 0.113                                -0.088 0.110780304824 -0.0833876707837 0.0405235290527 0.0107129859924 0.0419116775182
* 240 24.0809328556 1.0 1.39 1.57079632679 0.1 0.0 0.959373474121 1.37827301025 1.52630150318 0.113                                -0.086 0.111751514322 -0.0812007853057 0.0406265258789 0.0117269897461 0.0444948236134
* 241 24.1814608574 1.0 1.4 1.57079632679 0.1 0.0 0.959639072418 1.38931274414 1.5238506794 0.112                                -0.084 0.110905231825 -0.0783036687332 0.0403609275818 0.0106872558594 0.0469456473973
* 242 24.2820279598 1.0 1.41 1.57079632679 0.1 0.0 0.958851337433 1.39847946167 1.5228729248 0.112                                -0.083 0.111697190592 -0.0796506170337 0.0411486625671 0.0115205383301 0.0479234019902
* 243 24.3823947906 1.0 1.42 1.57079632679 0.1 0.0 0.959923267365 1.40697336197 1.52161049843 0.111                                -0.08 0.113008012528 -0.075059090695 0.0400767326355 0.013026638031 0.0491858283666
* 244 24.4828119278 1.0 1.43 1.57079632679 0.1 0.0 0.960216522217 1.41685390472 1.52174651623 0.111                                -0.08 0.113095945843 -0.0742881253166 0.0397834777832 0.0131460952759 0.0490498105672
* 245 24.58314991 1.0 1.44 1.57079632679 0.1 0.0 0.960062980652 1.42744588852 1.5229165554 0.112                                -0.078 0.11254976834 -0.0759114481048 0.0399370193481 0.0125541114807 0.0478797713902
* 246 24.6839017868 1.0 1.45 1.57079632679 0.1 0.0 0.96022939682 1.43921136856 1.52268338203 0.112                                -0.076 0.111004265139 -0.0754530513693 0.0397706031799 0.0107886314392 0.0481129447606
* 247 24.7842810154 1.0 1.46 1.57079632679 0.1 0.0 0.960262775421 1.45093584061 1.52196002007 0.112                                -0.076 0.109514732763 -0.0749440956571 0.0397372245789 0.00906415939331 0.0488363067296
* 248 24.8847649097 1.0 1.47 1.57079632679 0.1 0.0 0.960827350616 1.45985651016 1.51908254623 0.111                                -0.075 0.110518240416 -0.0704681832213 0.0391726493835 0.0101434898376 0.0517137805608
* 249 24.985394001 1.0 1.48 1.57079632679 0.1 0.0 0.962798118591 1.46928024292 1.51853632927 0.11                                -0.075 0.110947984591 -0.0639750296749 0.0372018814087 0.0107197570801 0.0522599975255
* 250 25.0861887932 1.0 1.49 1.57079632679 0.1 0.0 0.958321094513 1.47776937485 1.51714372635 0.11                                -0.072 0.112517815395 -0.0758703407395 0.0416789054871 0.0122306251526 0.053652600446
* 251 25.1879529953 1.0 1.5 1.57079632679 0.1 0.0 0.959517002106 1.48852825165 1.51697194576 0.111                                -0.07 0.111802593027 -0.0722523041983 0.0404829978943 0.0114717483521 0.0538243810323
* 252 25.2884337902 1.0 1.51 1.57079632679 0.1 0.0 0.96174287796 1.49780893326 1.51739835739 0.111                                -0.072 0.112315370166 -0.0658601362562 0.0382571220398 0.0121910667419 0.0533979694035
* 253 25.3889539242 1.0 1.52 1.57079632679 0.1 0.0 0.964868068695 1.50711202621 1.51831436157 0.111                                -0.071 0.112756294601 -0.0572295612803 0.0351319313049 0.0128879737854 0.0524819652226
* 254 25.4896609783 1.0 1.53 1.57079632679 0.1 0.0 0.962540149689 1.51870727539 1.51680505276 0.111                                -0.069 0.111507883288 -0.0630719751367 0.0374598503113 0.0112927246094 0.0539912740376
* 255 25.5904757977 1.0 1.54 1.57079632679 0.1 0.0 0.961533069611 1.52894973755 1.51654052734 0.111                                -0.064 0.111350671859 -0.0658858401061 0.0384669303894 0.0110502624512 0.0542557994511
* 256 25.6917929649 1.0 1.55 1.57079632679 0.1 0.0 0.958309173584 1.53933954239 1.51477408409 0.111                                -0.064 0.111216575516 -0.0739900962376 0.041690826416 0.0106604576111 0.0560222427037
* 257 25.7923648357 1.0 1.56 1.57079632679 0.1 0.0 0.960433959961 1.54979991913 1.51370191574 0.111                                -0.066 0.110740006074 -0.066723519536 0.0395660400391 0.0102000808716 0.0570944110539
* 258 25.8930068016 1.0 1.57 1.57079632679 0.1 0.0 0.958433628082 1.56043624878 1.51303827763 0.111                                -0.068 0.11030330197 -0.0722183280572 0.0415663719177 0.0095637512207 0.0577580491689
* 259 25.9934458733 1.0 1.58 1.57079632679 0.1 0.0 0.959876060486 1.5684876442 1.51375448704 0.11                                -0.068 0.111914536226 -0.0682180869842 0.0401239395142 0.0115123558044 0.0570418397572
* 260 26.094244957 1.0 1.59 1.57079632679 0.1 0.0 0.963548183441 1.57852983475 1.51373100281 0.11                                -0.069 0.111694757928 -0.0572053178193 0.0364518165588 0.0114701652527 0.0570653239873
* 261 26.1948549747 1.0 1.6 1.57079632679 0.1 0.0 0.96232843399 1.58795833588 1.51345789433 0.111                                -0.067 0.112263020631 -0.0605098697175 0.0376715660095 0.0120416641235 0.0573384324696
* 262 26.2954788208 1.0 1.61 1.57079632679 0.1 0.0 0.959927082062 1.6002702713 1.51203143597 0.111                                -0.064 0.110401899059 -0.0667979547527 0.0400729179382 0.00972972869873 0.0587648908284
* 263 26.3960559368 1.0 1.62 1.57079632679 0.1 0.0 0.957739830017 1.60761451721 1.51050710678 0.111                                -0.063 0.112884144942 -0.0714765677538 0.0422601699829 0.0123854827881 0.0602892200139
* 264 26.4965379238 1.0 1.63 1.57079632679 0.1 0.0 0.961151599884 1.61846828461 1.5093858242 0.11                                -0.065 0.111987744543 -0.0603848705851 0.038848400116 0.0115317153931 0.0614105025914
* 265 26.5973730087 1.0 1.64 1.57079632679 0.1 0.0 0.960419178009 1.62791538239 1.50771892071 0.111                                -0.066 0.112557003587 -0.0609427684934 0.039580821991 0.0120846176147 0.0630774060872
* 266 26.6981818676 1.0 1.65 1.57079632679 0.1 0.0 0.962373256683 1.63861560822 1.50714552402 0.111                                -0.064 0.11185150671 -0.0546984660537 0.0376267433167 0.0113843917847 0.0636508027699
* 267 26.7987539768 1.0 1.66 1.57079632679 0.1 0.0 0.961483478546 1.64802265167 1.50786578655 0.112                                -0.062 0.11240046502 -0.0579115440023 0.0385165214539 0.0119773483276 0.0629305402425
* 268 26.9003169537 1.0 1.67 1.57079632679 0.1 0.0 0.96160364151 1.65784835815 1.5084451437 0.111                                -0.059 0.112530839799 -0.0580518650538 0.03839635849 0.0121516418457 0.0623511830953
* 269 27.0011098385 1.0 1.68 1.57079632679 0.1 0.0 0.962570667267 1.66816234589 1.50993299484 0.111                                -0.059 0.112164803309 -0.0565820308932 0.0374293327332 0.0118376541138 0.0608633319524
* 270 27.1018958092 1.0 1.69 1.57079632679 0.1 0.0 0.963047027588 1.67960643768 1.50859880447 0.112                                -0.058 0.110910388719 -0.054199266838 0.0369529724121 0.0103935623169 0.062197522321
* 271 27.2028038502 1.0 1.7 1.57079632679 0.1 0.0 0.961304187775 1.68767642975 1.50689160824 0.111                                -0.058 0.112739288013 -0.0574861931015 0.0386958122253 0.0123235702515 0.0639047185567
* 272 27.3037629128 1.0 1.71 1.57079632679 0.1 0.0 0.960800647736 1.69906902313 1.50451552868 0.111                                -0.056 0.111614067549 -0.0570823070083 0.0391993522644 0.0109309768677 0.066280798116
* 273 27.4042458534 1.0 1.72 1.57079632679 0.1 0.0 0.962536334991 1.7085609436 1.50420129299 0.112                                -0.057 0.111965602611 -0.0514972380192 0.0374636650085 0.0114390563965 0.0665950338033
* 274 27.50481987 1.0 1.73 1.57079632679 0.1 0.0 0.961106777191 1.71938896179 1.50429081917 0.111                                -0.057 0.111322547056 -0.0560237035309 0.0388932228088 0.010611038208 0.0665055076268
* 275 27.6056389809 1.0 1.74 1.57079632679 0.1 0.0 0.963116168976 1.72964477539 1.5051908493 0.111                                -0.055 0.110959284206 -0.0508830755644 0.0368838310242 0.0103552246094 0.0656054774907
* 276 27.7063210011 1.0 1.75 1.57079632679 0.1 0.0 0.961682796478 1.73855209351 1.50410676003 0.111                                -0.053 0.11202559242 -0.0539636032156 0.0383172035217 0.0114479064941 0.0666895667699
* 277 27.8085098267 1.0 1.76 1.57079632679 0.1 0.0 0.961905002594 1.75130462646 1.50390768051 0.111                                -0.053 0.1096109801 -0.0536675896695 0.038094997406 0.00869537353516 0.0668886462834
* 278 27.9090509415 1.0 1.77 1.57079632679 0.1 0.0 0.961395263672 1.76087284088 1.50314903259 0.111                                -0.054 0.110038490426 -0.0544153292183 0.0386047363281 0.00912715911865 0.0676472942021
* 279 28.00948596 1.0 1.78 1.57079632679 0.1 0.0 0.962874412537 1.77066326141 1.50126791 0.11                                -0.052 0.110181226776 -0.0482300731579 0.0371255874634 0.00933673858643 0.0695284167912
* 280 28.1099238396 1.0 1.79 1.57079632679 0.1 0.0 0.963522434235 1.78251838684 1.50058054924 0.11                                -0.053 0.108536757111 -0.0460543309464 0.0364775657654 0.00748161315918 0.0702157775548
* 281 28.21062994 1.0 1.8 1.57079632679 0.1 0.0 0.963451862335 1.79318618774 1.50011003017 0.11                                -0.051 0.10796882987 -0.0459805118457 0.0365481376648 0.00681381225586 0.0706862966206
* 282 28.3112838268 1.0 1.81 1.57079632679 0.1 0.0 0.960648059845 1.80223083496 1.49992287159 0.109                                -0.049 0.108982533648 -0.0539985602333 0.039351940155 0.00776916503906 0.0708734552052
* 283 28.4126880169 1.0 1.82 1.57079632679 0.1 0.0 0.958953857422 1.81270217896 1.49983525276 0.108                                -0.048 0.108678128211 -0.0590890779584 0.0410461425781 0.00729782104492 0.0709610740331
* 284 28.514248848 1.0 1.83 1.57079632679 0.1 0.0 0.96237039566 1.82261562347 1.50030148029 0.109                                -0.05 0.108529675844 -0.0492694508563 0.0376296043396 0.00738437652588 0.0704948465016
* 285 28.6165499687 1.0 1.84 1.57079632679 0.1 0.0 0.963288784027 1.83186531067 1.49871754646 0.108                                -0.054 0.109167637108 -0.0449235093208 0.0367112159729 0.00813468933106 0.0720787803319
* 286 28.7171988487 1.0 1.85 1.57079632679 0.1 0.0 0.963819980621 1.84191703796 1.49671566486 0.108                                -0.051 0.109136549744 -0.0415265931097 0.0361800193787 0.00808296203613 0.0740806619313
* 287 28.8182358742 1.0 1.86 1.57079632679 0.1 0.0 0.965156555176 1.8519744873 1.49673128128 0.108                                -0.048 0.108999297439 -0.0375548042722 0.0348434448242 0.00802551269531 0.0740650455144
* 288 28.9189398289 1.0 1.87 1.57079632679 0.1 0.0 0.966452121735 1.86582279205 1.49567210674 0.108                                -0.046 0.105574913576 -0.033583658589 0.0335478782654 0.00417720794678 0.075124220052
* 289 29.0204069614 1.0 1.88 1.57079632679 0.1 0.0 0.964426517487 1.87566280365 1.49596130848 0.108                                -0.042 0.105841214532 -0.0398668166814 0.0355734825134 0.0043371963501 0.0748350183156
* 290 29.1208348274 1.0 1.89 1.57079632679 0.1 0.0 0.96378326416 1.88664150238 1.49593663216 0.107                                -0.039 0.105028664069 -0.0419886197078 0.0362167358398 0.00335849761963 0.0748596946385
* 291 29.2219369411 1.0 1.9 1.57079632679 0.1 0.0 0.962261199951 1.89487934113 1.49617421627 0.106                                -0.04 0.106662397758 -0.046360505255 0.0377388000488 0.00512065887451 0.0746221105244
* 292 29.3225479126 1.0 1.91 1.57079632679 0.1 0.0 0.961301326752 1.90354824066 1.49554610252 0.106                                -0.04 0.107904656235 -0.0483663651008 0.0386986732483 0.00645175933838 0.0752502242711
* 293 29.4234628677 1.0 1.92 1.57079632679 0.1 0.0 0.962414264679 1.91352176666 1.49541139603 0.106                                -0.043 0.107857819965 -0.0449092248073 0.037585735321 0.0064782333374 0.0753849307683
* 294 29.5244429111 1.0 1.93 1.57079632679 0.1 0.0 0.960608005524 1.92384815216 1.49456596375 0.106                                -0.044 0.107714171808 -0.0496223316594 0.0393919944763 0.00615184783936 0.0762303630498
* 295 29.6258738041 1.0 1.94 1.57079632679 0.1 0.0 0.965781211853 1.93433475494 1.49372363091 0.107                                -0.044 0.106962126828 -0.0334998784184 0.034218788147 0.00566524505615 0.0770726958897
* 296 29.7265880108 1.0 1.95 1.57079632679 0.1 0.0 0.967227935791 1.94725513458 1.49242293835 0.107                                -0.046 0.104339713364 -0.0286866899078 0.032772064209 0.00274486541748 0.078373388448
* 297 29.8321750164 1.0 1.96 1.57079632679 0.1 0.0 0.965618133545 1.96767520905 1.49290049076 0.107                                -0.04 0.095335633076 -0.0363601228485 0.0343818664551 -0.00767520904541 0.0778958360341
* 298 29.932653904 1.0 1.97 1.57079632679 0.1 0.0 0.966465473175 1.97776985168 1.4930409193 0.105                                -0.036 0.0951920621988 -0.033968807055 0.033534526825 -0.00776985168457 0.077755407491
* 299 30.0331997871 1.0 1.98 1.57079632679 0.1 0.0 0.966465473175 1.97776985168 1.4930409193 0.101                                -0.036 0.103929144642 -0.0316384946283 0.033534526825 0.00223014831543 0.077755407491
* 300 30.133690834 1.0 1.99 1.57079632679 0.1 0.0 0.965202331543 1.98614120483 1.4923813343 0.099                                -0.035 0.105452826099 -0.0344459295941 0.034797668457 0.00385879516602 0.0784149924901
* 301 30.235394001 1.0 2.0 1.57079632679 0.1 0.0 0.964490413666 2.00174713135 1.491335392 0.101                                -0.035 0.100628332911 -0.0369725961303 0.0355095863342 -0.00174713134765 0.0794609347966
* 302 30.3357949257 1.0 2.01 1.57079632679 0.1 0.0 0.966902732849 2.0132226944 1.49147391319 0.102                                -0.033 0.0991685491915 -0.0302310022812 0.0330972671509 -0.00322269439697 0.0793224136021
* 303 30.4362478256 1.0 2.02 1.57079632679 0.1 0.0 0.966902732849 2.0132226944 1.49147391319 0.101                                -0.033 0.107904554204 -0.0278538245893 0.0330972671509 0.00677730560303 0.0793224136021
* 304 30.5367000103 1.0 2.03 1.57079632679 0.1 0.0 0.968996524811 2.02736949921 1.4912468195 0.101                                -0.032 0.104140813863 -0.0223754913917 0.0310034751892 0.00263050079346 0.0795495072987
* 305 30.6372599602 1.0 2.04 1.57079632679 0.1 0.0 0.96896648407 2.03663063049 1.49044835567 0.103                                -0.03 0.10480345119 -0.0215754639343 0.0310335159302 0.00336936950684 0.0803479711202
* 306 30.738106966 1.0 2.05 1.57079632679 0.1 0.0 0.965239524841 2.04589176178 1.49027681351 0.103                                -0.027 0.105714800839 -0.0323884853603 0.0347604751587 0.00410823822022 0.0805195132878
* 307 30.8397958279 1.0 2.06 1.57079632679 0.1 0.0 0.966032505035 2.05486392975 1.49030900002 0.104                                -0.026 0.106556049576 -0.0297982039371 0.0339674949646 0.00513607025146 0.0804873267796
* 308 30.940281868 1.0 2.07 1.57079632679 0.1 0.0 0.966631412506 2.074467659 1.48973596096 0.105                                -0.028 0.0981370708004 -0.0298245712972 0.0333685874939 -0.00446765899658 0.0810603658345
* 309 31.0414099693 1.0 2.08 1.57079632679 0.1 0.0 0.966905117035 2.08402729034 1.49025702477 0.105                                -0.029 0.0984912954007 -0.0293537198948 0.0330948829651 -0.00402729034424 0.0805393020299
* 310 31.1420798302 1.0 2.09 1.57079632679 0.1 0.0 0.966905117035 2.08402729034 1.49025702477 0.102                                -0.028 0.107226448916 -0.0269401521097 0.0330948829651 0.00597270965576 0.0805393020299
* 311 31.2473659515 1.0 2.1 1.57079632679 0.1 0.0 0.970660209656 2.10641479492 1.48812890053 0.101                                -0.028 0.0961791860405 -0.016861754102 0.0293397903442 -0.00641479492188 0.0826674262669
* 312 31.3481509686 1.0 2.11 1.57079632679 0.1 0.0 0.972465515137 2.11675453186 1.48779964447 0.102                                -0.026 0.0957571886134 -0.0112643458685 0.0275344848633 -0.00675453186035 0.0829966823247
* 313 31.4489619732 1.0 2.12 1.57079632679 0.1 0.0 0.970624446869 2.12553691864 1.48759400845 0.099                                -0.022 0.0969579855247 -0.0162874022067 0.0293755531311 -0.00553691864014 0.0832023183492
* 314 31.5495619774 1.0 2.13 1.57079632679 0.1 0.0 0.969337463379 2.13246059418 1.48823750019 0.098                                -0.018 0.0997263272456 -0.0199321045439 0.0306625366211 -0.00246059417725 0.0825588266042
* 315 31.6500329971 1.0 2.14 1.57079632679 0.1 0.0 0.969337463379 2.13246059418 1.48823750019 0.097                                -0.018 0.108460039086 -0.0174581523753 0.0306625366211 0.00753940582275 0.0825588266042
* 316 31.750633955 1.0 2.15 1.57079632679 0.1 0.0 0.967680931091 2.15003204346 1.48731172085 0.099                                -0.018 0.101985524562 -0.0234652956755 0.0323190689087 -3.20434570331e-05 0.0834846059468
* 317 31.851266861 1.0 2.16 1.57079632679 0.1 0.0 0.968596458435 2.15967559814 1.48733878136 0.101                                -0.019 0.102229389516 -0.0206630634984 0.0314035415649 0.000324401855467 0.0834575454381
* 318 31.9519748688 1.0 2.17 1.57079632679 0.1 0.0 0.971897125244 2.17303371429 1.48723971844 0.102                                -0.018 0.0990572280737 -0.0115487197047 0.0281028747559 -0.00303371429444 0.0835566083577
* 319 32.052562952 1.0 2.18 1.57079632679 0.1 0.0 0.971897125244 2.17303371429 1.48723971844 0.102                                -0.019 0.107790214482 -0.0090449372746 0.0281028747559 0.00696628570556 0.0835566083577
* 320 32.1530928612 1.0 2.19 1.57079632679 0.1 0.0 0.975278377533 2.19533634186 1.48738670349 0.102                                -0.016 0.0967970361993 -0.00214425581118 0.024721622467 -0.00533634185791 0.0834096233037
* 321 32.2537069321 1.0 2.2 1.57079632679 0.1 0.0 0.971374988556 2.20529747009 1.48749101162 0.102                                -0.014 0.0971141973491 -0.0138945009261 0.0286250114441 -0.00529747009278 0.0833053151753
* 322 32.3543219566 1.0 2.21 1.57079632679 0.1 0.0 0.972029685974 2.21513938904 1.48794519901 0.1                                -0.009 0.0971970158141 -0.0122919724953 0.0279703140259 -0.00513938903809 0.0828511277821
* 323 32.4547948837 1.0 2.22 1.57079632679 0.1 0.0 0.970033168793 2.22246265411 1.4883377552 0.099                                -0.011 0.0996724349021 -0.0179404704678 0.0299668312073 -0.00246265411377 0.0824585715916
* 324 32.5554568768 1.0 2.23 1.57079632679 0.1 0.0 0.968987941742 2.23220157623 1.4884005785 0.098                                -0.011 0.0999747061208 -0.0210561093797 0.0310120582581 -0.00220157623291 0.0823957482961
* 325 32.6558778286 1.0 2.24 1.57079632679 0.1 0.0 0.968987941742 2.23220157623 1.4884005785 0.098                                -0.013 0.1087085357 -0.0185870329297 0.0310120582581 0.00779842376709 0.0823957482961
* 326 32.7567667961 1.0 2.25 1.57079632679 0.1 0.0 0.972444057465 2.25515937805 1.48788690567 0.1                                -0.015 0.0971504486278 -0.0110074993075 0.0275559425354 -0.00515937805176 0.0829094211247
* 327 32.857298851 1.0 2.26 1.57079632679 0.1 0.0 0.973561763763 2.26749992371 1.48820912838 0.102                                -0.017 0.0950202735493 -0.0085246606508 0.0264382362366 -0.00749992370606 0.0825871984151
* 328 32.9581708908 1.0 2.27 1.57079632679 0.1 0.0 0.971436977386 2.27683353424 1.48985254765 0.099                                -0.014 0.0957275049804 -0.0161305190232 0.0285630226135 -0.00683353424073 0.0809437791493
* 329 33.0586597919 1.0 2.28 1.57079632679 0.1 0.0 0.971649646759 2.28479099274 1.49032950401 0.098                                -0.013 0.0974884408491 -0.0154135691569 0.028350353241 -0.00479099273682 0.0804668227818
* 330 33.1590809822 1.0 2.29 1.57079632679 0.1 0.0 0.97233247757 2.29404640198 1.49025011063 0.097                                -0.013 0.0980920594214 -0.0131230082195 0.0276675224304 -0.00404640197754 0.0805462161687
* 331 33.2596998215 1.0 2.3 1.57079632679 0.1 0.0 0.971043109894 2.30243015289 1.49106323719 0.097                                -0.014 0.0995805941008 -0.0173007785417 0.0289568901062 -0.00243015289307 0.0797330896046
* 332 33.3604948521 1.0 2.31 1.57079632679 0.1 0.0 0.971921443939 2.31166553497 1.49121236801 0.097                                -0.014 0.100184746003 -0.0146223940275 0.0280785560608 -0.00166553497315 0.0795839587834
* 333 33.4609429836 1.0 2.32 1.57079632679 0.1 0.0 0.973983764648 2.32025527954 1.49044215679 0.098                                -0.016 0.101284403041 -0.00743947517223 0.0260162353516 -0.000255279541021 0.0803541700032
* 334 33.5613298416 1.0 2.33 1.57079632679 0.1 0.0 0.975779533386 2.33135128021 1.48983979225 0.099                                -0.014 0.100208643801 -0.00180449417516 0.0242204666138 -0.00135128021241 0.0809565345433
* 335 33.6617398262 1.0 2.34 1.57079632679 0.1 0.0 0.975779533386 2.33135128021 1.48983979225 0.1                                -0.008 0.108943502387 0.000621549800718 0.0242204666138 0.00864871978759 0.0809565345433
* 336 33.7622029781 1.0 2.35 1.57079632679 0.1 0.0 0.974133014679 2.34521389008 1.49165809155 0.099                                -0.007 0.105660317721 -0.00686969903954 0.025866985321 0.00478610992431 0.0791382352498
* 337 33.8636868 1.0 2.36 1.57079632679 0.1 0.0 0.972982883453 2.36402797699 1.49300467968 0.102                                -0.006 0.0980182945256 -0.013572127753 0.0270171165466 -0.00402797698975 0.077791647115
* 338 33.9642548561 1.0 2.37 1.57079632679 0.1 0.0 0.972982883453 2.36402797699 1.49300467968 0.103                                -0.005 0.106755352294 -0.0112407314239 0.0270171165466 0.00597202301025 0.077791647115
* 339 34.0662548542 1.0 2.38 1.57079632679 0.1 0.0 0.974220752716 2.3844461441 1.49354362488 0.102                                -0.009 0.0975605071349 -0.0104356109155 0.0257792472839 -0.00444614410401 0.077252701917
* 340 34.1667468548 1.0 2.39 1.57079632679 0.1 0.0 0.976531982422 2.39372348785 1.49329471588 0.103                                -0.011 0.098038848372 -0.00313857123725 0.0234680175781 -0.00372348785401 0.0775016109135
* 341 34.2672019005 1.0 2.4 1.57079632679 0.1 0.0 0.976077079773 2.40682411194 1.49362289906 0.1                                -0.007 0.0953561438112 -0.00550209775482 0.0239229202271 -0.00682411193848 0.0771734277394
* 342 34.367620945 1.0 2.41 1.57079632679 0.1 0.0 0.978803157806 2.4171705246 1.49513781071 0.099                                -0.006 0.0948520605063 0.00126920942907 0.0211968421936 -0.00717052459718 0.0756585160878
* 343 34.4680550098 1.0 2.42 1.57079632679 0.1 0.0 0.979278564453 2.42798423767 1.49630081654 0.098                                -0.005 0.0940965598775 0.00150998115528 0.0207214355469 -0.00798423767091 0.0744955102589
* 344 34.5685238838 1.0 2.43 1.57079632679 0.1 0.0 0.978363037109 2.43594455719 1.4966442585 0.096                                -0.004 0.0959347263752 -0.00107008851865 0.0216369628906 -0.00594455718995 0.0741520682958
* 345 34.6691148281 1.0 2.44 1.57079632679 0.1 0.0 0.978011131287 2.44417953491 1.49637079239 0.095                                -0.002 0.0975034108239 -0.00149305126163 0.0219888687134 -0.00417953491212 0.074425534406
* 346 34.7696139812 1.0 2.45 1.57079632679 0.1 0.0 0.978011131287 2.44417953491 1.49637079239 0.095                                -0.001 0.106242711562 0.000737654066577 0.0219888687134 0.00582046508788 0.074425534406
* 347 34.8701357841 1.0 2.46 1.57079632679 0.1 0.0 0.976727962494 2.45135593414 1.4959294796 0.097                                -0.0 0.108799391254 -0.00207087632522 0.0232720375061 0.00864406585693 0.0748668471959
* 348 34.9708538055 1.0 2.47 1.57079632679 0.1 0.0 0.975006103516 2.47008609772 1.49787199497 0.1                                -0.0 0.10125485483 -0.0108935397657 0.0249938964844 -8.60977172938e-05 0.0729243318227
* 349 35.0714387894 1.0 2.48 1.57079632679 0.1 0.0 0.97496843338 2.48371887207 1.49748885632 0.102                                -0.002 0.0980877922077 -0.0114666939378 0.0250315666199 -0.00371887207032 0.0733074704793
* 350 35.1719379425 1.0 2.49 1.57079632679 0.1 0.0 0.977249622345 2.49578762054 1.49900305271 0.102                                -0.004 0.0961135903364 -0.00640430899482 0.022750377655 -0.00578762054444 0.0717932740834
* 351 35.272507906 1.0 2.5 1.57079632679 0.1 0.0 0.977938652039 2.50730514526 1.50015830994 0.1                                -0.006 0.0947292254285 -0.00566171173628 0.0220613479614 -0.00730514526368 0.0706380168584
* 352 35.3737339973 1.0 2.51 1.57079632679 0.1 0.0 0.978388786316 2.51387500763 1.49909842014 0.098                                -0.007 0.0977126508174 -0.00266694945481 0.0216112136841 -0.0038750076294 0.0716979066518
* 353 35.4747319221 1.0 2.52 1.57079632679 0.1 0.0 0.978388786316 2.51387500763 1.49909842014 0.097                                -0.006 0.106453696449 -0.000517854629298 0.0216112136841 0.0061249923706 0.0716979066518
* 354 35.5759398937 1.0 2.53 1.57079632679 0.1 0.0 0.976401329041 2.52984809875 1.49952971935 0.098                                -0.004 0.101351548625 -0.00812893042073 0.0235986709595 0.000151901245107 0.0712666074422
* 355 35.6764788628 1.0 2.54 1.57079632679 0.1 0.0 0.974138736725 2.54179000854 1.50047385693 0.1                                -0.004 0.0997804840464 -0.0161418306788 0.0258612632751 -0.00179000854493 0.0703224698689
* 356 35.7773859501 1.0 2.55 1.57079632679 0.1 0.0 0.974138736725 2.54179000854 1.50047385693 0.1                                -0.006 0.108522384896 -0.0140338949638 0.0258612632751 0.00820999145507 0.0703224698689
* 357 35.8784418106 1.0 2.56 1.57079632679 0.1 0.0 0.974132537842 2.56170749664 1.50061929226 0.101                                -0.009 0.0998507136463 -0.0162704905685 0.0258674621582 -0.00170749664308 0.0701770345357
* 358 35.9807579517 1.0 2.57 1.57079632679 0.1 0.0 0.977678775787 2.57435035706 1.50079810619 0.103                                -0.011 0.0973201279589 -0.00636912581286 0.0223212242126 -0.00435035705567 0.0699982206014
* 359 36.0813219547 1.0 2.58 1.57079632679 0.1 0.0 0.97789144516 2.58633804321 1.50127315521 0.101                                -0.011 0.0955633833228 -0.0065592404629 0.0221085548401 -0.0063380432129 0.0695231715825
* 360 36.1827149391 1.0 2.59 1.57079632679 0.1 0.0 0.977834224701 2.59078979492 1.50001454353 0.099                                -0.011 0.100432989326 -0.004468339919 0.0221657752991 -0.000789794921886 0.0707817832616
* 361 36.2836518288 1.0 2.6 1.57079632679 0.1 0.0 0.97726726532 2.59991455078 1.50207340717 0.098                                -0.008 0.101206676684 -0.00779387045401 0.0227327346802 8.54492187385e-05 0.0687229196217
* 362 36.3842608929 1.0 2.61 1.57079632679 0.1 0.0 0.976374149323 2.60834121704 1.50290119648 0.099                                -0.006 0.10262460206 -0.0108763295238 0.0236258506775 0.00165878295897 0.0678951303151
* 363 36.4856967926 1.0 2.62 1.57079632679 0.1 0.0 0.975154876709 2.62067127228 1.50300955772 0.099                                -0.007 0.10065821629 -0.0150952462908 0.024845123291 -0.000671272277844 0.0677867690709
* 364 36.5862510204 1.0 2.63 1.57079632679 0.1 0.0 0.975465297699 2.6276884079 1.50309503078 0.1                                -0.01 0.103246594324 -0.0136359124102 0.024534702301 0.00231159210204 0.0677012960103
* 365 36.6868197918 1.0 2.64 1.57079632679 0.1 0.0 0.976856231689 2.64009571075 1.50300467014 0.1                                -0.01 0.101060528342 -0.00988164196866 0.0231437683105 -9.57107544068e-05 0.0677916566518
* 366 36.7878198624 1.0 2.65 1.57079632679 0.1 0.0 0.976856231689 2.64009571075 1.50300467014 0.101                                -0.011 0.109803959587 -0.00784944966474 0.0231437683105 0.00990428924559 0.0677916566518
* 367 36.8931529522 1.0 2.66 1.57079632679 0.1 0.0 0.980642795563 2.66406726837 1.50375819206 0.101                                -0.011 0.0973553796736 -9.26795767916e-06 0.0193572044373 -0.00406726837159 0.0670381347325
* 368 36.9938218594 1.0 2.67 1.57079632679 0.1 0.0 0.981516361237 2.67223644257 1.50294387341 0.103                                -0.01 0.0989127282256 0.00368469729852 0.0184836387634 -0.00223644256593 0.0678524533894
* 369 37.0947899818 1.0 2.68 1.57079632679 0.1 0.0 0.978553771973 2.68107318878 1.50505340099 0.101                                -0.003 0.100080225102 -0.00679699174047 0.0214462280273 -0.00107318878175 0.0657429258015
* 370 37.199023962 1.0 2.69 1.57079632679 0.1 0.0 0.977509021759 2.69228076935 1.50442242622 0.1                                -0.001 0.0990927174128 -0.00961100862336 0.022490978241 -0.00228076934816 0.0663739005711
* 371 37.3004598618 1.0 2.7 1.57079632679 0.1 0.0 0.978691577911 2.69946861267 1.50544857979 0.099                                -0.005 0.101470670318 -0.00641682694736 0.0213084220886 0.000531387329088 0.0653477470067
* 372 37.4055838585 1.0 2.71 1.57079632679 0.1 0.0 0.979105949402 2.71051216125 1.50568318367 0.099                                -0.006 0.100531624591 -0.00558699626529 0.0208940505981 -0.000512161254897 0.0651131431249
* 373 37.5063369274 1.0 2.72 1.57079632679 0.1 0.0 0.980337619781 2.72276306152 1.50551772118 0.1                                -0.005 0.0984947754622 -0.00219492291391 0.0196623802185 -0.00276306152345 0.0652786056187
* 374 37.6068789959 1.0 2.73 1.57079632679 0.1 0.0 0.980059146881 2.73244380951 1.50732696056 0.1                                -0.005 0.0987697153866 -0.00454534940342 0.0199408531189 -0.00244380950929 0.0634693662312
* 375 37.7074048519 1.0 2.74 1.57079632679 0.1 0.0 0.981436252594 2.74207115173 1.50678014755 0.099                                -0.005 0.0990245508713 0.000126310779604 0.018563747406 -0.00207115173341 0.0640161792424
* 376 37.8079009056 1.0 2.75 1.57079632679 0.1 0.0 0.980072498322 2.7475271225 1.50708401203 0.098                                -0.005 0.103071722976 -0.00335419601771 0.0199275016785 0.00247287750243 0.0637123147633
* 377 37.9083299637 1.0 2.76 1.57079632679 0.1 0.0 0.980010986328 2.75962924957 1.50742590427 0.099                                -0.002 0.101232882043 -0.0042411806724 0.0199890136719 0.000370750427231 0.0633704225209
* 378 38.0091187954 1.0 2.77 1.57079632679 0.1 0.0 0.981195926666 2.76771259308 1.50762403011 0.1                                -0.002 0.102841441898 -0.000505053191029 0.0188040733337 0.00228740692137 0.0631722966817
* 379 38.1097028255 1.0 2.78 1.57079632679 0.1 0.0 0.982035636902 2.77743244171 1.50728309155 0.1                                -0.004 0.103043157864 0.00236467825975 0.0179643630981 0.00256755828856 0.0635132352498
* 380 38.2102148533 1.0 2.79 1.57079632679 0.1 0.0 0.981613636017 2.78844165802 1.50695347786 0.101                                -0.003 0.102187155304 0.00120061546145 0.0183863639832 0.00155834197996 0.0638428489354
* 381 38.3108699322 1.0 2.8 1.57079632679 0.1 0.0 0.981750965118 2.80122852325 1.5075315237 0.102                                0.0 0.0997365722212 0.000571903950628 0.0182490348816 -0.00122852325441 0.0632648030904
* 382 38.4114258289 1.0 2.81 1.57079632679 0.1 0.0 0.983479976654 2.81310367584 1.50835561752 0.101                                0.0 0.0979938898138 0.00467579853437 0.0165200233459 -0.0031036758423 0.0624407092717
* 383 38.5120489597 1.0 2.82 1.57079632679 0.1 0.0 0.983051300049 2.82124614716 1.50852179527 0.1                                -0.001 0.0996405769257 0.00359446768998 0.0169486999512 -0.00124614715578 0.0622745315221
* 384 38.6124749184 1.0 2.83 1.57079632679 0.1 0.0 0.982162475586 2.82818222046 1.50919449329 0.099                                0.001 0.102362673607 0.000909794330864 0.0178375244141 0.001817779541 0.0616018335011
* 385 38.7129709721 1.0 2.84 1.57079632679 0.1 0.0 0.98176240921 2.83898162842 1.51027166843 0.1                                0.003 0.101674468547 -0.00138664013275 0.0182375907898 0.00101837158201 0.0605246583608
* 386 38.8135418892 1.0 2.85 1.57079632679 0.1 0.0 0.981618404388 2.84726428986 1.51097822189 0.1                                0.001 0.103177336017 -0.00213355364869 0.0183815956116 0.00273571014403 0.0598181049016
* 387 38.9143638611 1.0 2.86 1.57079632679 0.1 0.0 0.982694149017 2.85851383209 1.51038849354 0.101                                -0.0 0.102033230287 0.00138508204296 0.0173058509827 0.0014861679077 0.060407833257
* 388 39.0150740147 1.0 2.87 1.57079632679 0.1 0.0 0.983163356781 2.86999988556 1.51198661327 0.101                                0.0 0.100694451872 0.00111566244105 0.016836643219 1.14440900756e-07 0.0588097135213
* 389 39.1156768799 1.0 2.88 1.57079632679 0.1 0.0 0.984812259674 2.88217067719 1.51241338253 0.102                                0.001 0.0987072028877 0.00529868288872 0.0151877403259 -0.00217067718508 0.0583829442647
* 390 39.2161037922 1.0 2.89 1.57079632679 0.1 0.0 0.98467540741 2.89176368713 1.51270103455 0.101                                0.0 0.0990680532486 0.00470873300832 0.0153245925903 -0.00176368713381 0.058095292249
* 391 39.3165738583 1.0 2.9 1.57079632679 0.1 0.0 0.985065937042 2.89743328094 1.51373374462 0.1                                0.0 0.102829340598 0.00571702634838 0.0149340629578 0.00256671905516 0.0570625821736
* 392 39.4176278114 1.0 2.91 1.57079632679 0.1 0.0 0.982607364655 2.90817451477 1.51416373253 0.1                                0.004 0.102299631363 -0.00215395545878 0.0173926353455 0.00182548522947 0.0566325942662
* 393 39.5180809498 1.0 2.92 1.57079632679 0.1 0.0 0.981905460358 2.91848754883 1.51513075829 0.101                                0.005 0.102050747606 -0.00516423350301 0.0180945396423 0.00151245117186 0.0556655685094
* 394 39.6186599731 1.0 2.93 1.57079632679 0.1 0.0 0.982457637787 2.9290895462 1.51477241516 0.1                                -0.0 0.101500562084 -0.0032946807093 0.0175423622131 0.000910453796368 0.0560239116338
* 395 39.7194199562 1.0 2.94 1.57079632679 0.1 0.0 0.982400417328 2.93661975861 1.51653385162 0.101                                -0.002 0.103647257124 -0.00461779485735 0.0175995826721 0.00338024139402 0.0542624751714
* 396 39.8205018044 1.0 2.95 1.57079632679 0.1 0.0 0.98170375824 2.95164966583 1.51685464382 0.102                                -0.001 0.0992754408832 -0.00780359496313 0.0182962417603 -0.00164966583254 0.0539416829732
* 397 39.9209508896 1.0 2.96 1.57079632679 0.1 0.0 0.983383655548 2.96304798126 1.51513111591 0.102                                -0.001 0.0979882986301 -0.00149801186276 0.0166163444519 -0.00304798126223 0.0556652108815
* 398 40.0214548111 1.0 2.97 1.57079632679 0.1 0.0 0.983393669128 2.97158050537 1.51620209217 0.1                                -0.004 0.0992621071204 -0.00215950831215 0.0166063308716 -0.00158050537111 0.0545942346242
* 399 40.1218550205 1.0 2.98 1.57079632679 0.1 0.0 0.981950283051 2.97955799103 1.51685988903 0.099                                -0.003 0.101094124107 -0.00673139391731 0.0180497169495 0.000442008972148 0.0539364377644
* 400 40.2222759724 1.0 2.99 1.57079632679 0.1 0.0 0.981895446777 2.99002838135 1.51677286625 0.099                                -0.002 0.100685994166 -0.00689522958155 0.0181045532227 -2.8381347676e-05 0.0540234605458
* 401 40.322701931 1.0 3.0 1.57079632679 0.1 0.0 0.981606006622 2.99970722198 1.51742434502 0.1                                -0.004 0.100973749133 -0.00828368641484 0.0183939933777 0.000292778015117 0.0533719817784
