### Ensaio do Controlador Klancar com Laser (Meio Retângulo) ###

# Parâmetros #

# Número do Ensaio: 8
# Frequência: 10.0 Hz
# Lado Menor: 1.00 m
# Lado Maior: 3.50 m
# Velocidade Linear da Base: 0.10 m/s
# Parâmetro ksi: 0.60
# Parâmetro w_n: 0.45
# Parâmetro g: 20.00

* 1 0.0 0.0 0.0 0.0 0.1 0.0 0.0 0.0 0.0 0.0                                0.0 0.1 0.0 0.0 0.0 0.0
* 2 0.100507974625 0.01 0.0 0.0 0.1 0.0 -0.00310230255127 0.00141525268555 -0.000235382714891 0.0                                0.0 0.107031609209 -0.00269801756135 0.0131023025513 -0.00141525268555 0.000235382714891
* 3 0.201117038727 0.02 0.0 0.0 0.1 0.0 -0.003089427948 0.00124645233154 -0.000186745324754 0.016                                -0.0 0.112391210266 -0.00238406287648 0.023089427948 -0.00124645233154 0.000186745324754
* 4 0.301671028137 0.03 0.0 0.0 0.1 0.0 -0.00045919418335 0.00240230560303 -7.94569568825e-05 0.053                                -0.002 0.116346220966 -0.00475712972349 0.0304591941833 -0.00240230560303 7.94569568825e-05
* 5 0.40225481987 0.04 0.0 0.0 0.1 0.0 -0.00045919418335 0.00240230560303 -7.94569568825e-05 0.074                                -0.003 0.121712784095 -0.00475554058435 0.0404591941833 -0.00240230560303 7.94569568825e-05
* 6 0.502956867218 0.05 0.0 0.0 0.1 0.0 0.0180106163025 0.00271224975586 0.00156785722356 0.09                                -0.005 0.117164878665 -0.00636620285547 0.0319893836975 -0.00271224975586 -0.00156785722356
* 7 0.603600025177 0.06 0.0 0.0 0.1 0.0 0.0392251014709 0.0026535987854 0.00066259916639 0.102                                -0.007 0.111148012494 -0.00569031529134 0.0207748985291 -0.0026535987854 -0.00066259916639
* 8 0.704217910767 0.07 0.0 0.0 0.1 0.0 0.0531296730042 0.00460529327393 -4.60783594463e-05 0.106                                -0.006 0.109053681277 -0.00918430358153 0.0168703269958 -0.00460529327393 4.60783594463e-05
* 9 0.806401968002 0.08 0.0 0.0 0.1 0.0 0.0678648948669 0.00476217269897 0.000609551148955 0.107                                -0.006 0.106510803211 -0.00986625703535 0.0121351051331 -0.00476217269897 -0.000609551148955
* 10 0.908218860626 0.09 0.0 0.0 0.1 0.0 0.0768842697144 0.00437259674072 0.000889675226063 0.107                                -0.009 0.107036509421 -0.00924597732598 0.0131157302856 -0.00437259674072 -0.000889675226063
* 11 1.00882196426 0.1 0.0 0.0 0.1 0.0 0.0829291343689 0.0037841796875 0.000604522239882 0.107                                -0.009 0.109159940224 -0.00791341810403 0.0170708656311 -0.0037841796875 -0.000604522239882
* 12 1.10936999321 0.11 0.0 0.0 0.1 0.0 0.0919213294983 0.00524425506592 0.00188222504221 0.107                                -0.008 0.109696541099 -0.0115666557196 0.0180786705017 -0.00524425506592 -0.00188222504221
* 13 1.21103787422 0.12 0.0 0.0 0.1 0.0 0.101624488831 0.00528860092163 0.00195241894107 0.107                                -0.009 0.109855583435 -0.0116967129834 0.0183755111694 -0.00528860092163 -0.00195241894107
* 14 1.31164884567 0.13 0.0 0.0 0.1 0.0 0.109175682068 0.00530529022217 0.000447949627414 0.108                                -0.009 0.111174215196 -0.0108696308663 0.0208243179321 -0.00530529022217 -0.000447949627414
* 15 1.41232800484 0.14 0.0 0.0 0.1 0.0 0.121336936951 0.00551748275757 0.00079116167035 0.109                                -0.011 0.110013273581 -0.011489074965 0.0186630630493 -0.00551748275757 -0.00079116167035
* 16 1.51295995712 0.15 0.0 0.0 0.1 0.0 0.134272575378 0.00701999664307 0.000558818574063 0.109                                -0.01 0.108438099552 -0.0143574621635 0.0157274246216 -0.00701999664307 -0.000558818574063
* 17 1.61351585388 0.16 0.0 0.0 0.1 0.0 0.146071434021 0.00778722763062 0.000385719089536 0.109                                -0.01 0.107473232946 -0.015792197715 0.013928565979 -0.00778722763062 -0.000385719089536
* 18 1.71476387978 0.17 0.0 0.0 0.1 0.0 0.154866218567 0.00711822509766 0.000619674217887 0.108                                -0.012 0.10811925143 -0.0145877555711 0.0151337814331 -0.00711822509766 -0.000619674217887
* 19 1.81546092033 0.18 0.0 0.0 0.1 0.0 0.161492347717 0.00713109970093 0.000504486553837 0.108                                -0.013 0.109930303832 -0.0145516072043 0.0185076522827 -0.00713109970093 -0.000504486553837
* 20 1.91692686081 0.19 0.0 0.0 0.1 0.0 0.171518802643 0.00780963897705 -0.000509087229148 0.108                                -0.014 0.109920170651 -0.0153272539716 0.0184811973572 -0.00780963897705 0.000509087229148
* 21 2.01924490929 0.2 0.0 0.0 0.1 0.0 0.177978515625 0.00784158706665 -8.61326770973e-05 0.108                                -0.014 0.111818330699 -0.0156331568913 0.022021484375 -0.00784158706665 8.61326770973e-05
* 22 2.11971902847 0.21 0.0 0.0 0.1 0.0 0.187209129333 0.00783443450928 -0.00130683579482 0.109                                -0.015 0.112236263281 -0.0149079661231 0.0227908706665 -0.00783443450928 0.00130683579482
* 23 2.22062492371 0.22 0.0 0.0 0.1 0.0 0.200158596039 0.00943279266357 -2.55743616435e-05 0.11                                -0.014 0.110648144152 -0.0188508458158 0.0198414039612 -0.00943279266357 2.55743616435e-05
* 24 2.32111096382 0.23 0.0 0.0 0.1 0.0 0.214095115662 0.00984668731689 -0.00101071991958 0.11                                -0.015 0.108540742109 -0.0191188045864 0.0159048843384 -0.00984668731689 0.00101071991958
* 25 2.42162585258 0.24 0.0 0.0 0.1 0.0 0.224855899811 0.00992298126221 -0.00213176407851 0.11                                -0.016 0.108138283435 -0.0186373255276 0.0151441001892 -0.00992298126221 0.00213176407851
* 26 2.52221703529 0.25 0.0 0.0 0.1 0.0 0.230584144592 0.00820684432983 -0.00142604508437 0.109                                -0.018 0.110425809797 -0.0155930001192 0.0194158554077 -0.00820684432983 0.00142604508437
* 27 2.62268400192 0.26 0.0 0.0 0.1 0.0 0.240275382996 0.00896549224854 -0.00132686295547 0.109                                -0.017 0.110591626973 -0.0171665556172 0.0197246170044 -0.00896549224854 0.00132686295547
* 28 2.72310686111 0.27 0.0 0.0 0.1 0.0 0.250928401947 0.00906133651733 -0.00168830552138 0.109                                -0.017 0.110242946347 -0.0171522100494 0.019071598053 -0.00906133651733 0.00168830552138
* 29 2.8236989975 0.28 0.0 0.0 0.1 0.0 0.260454654694 0.0110445022583 -0.00246984162368 0.109                                -0.017 0.11050343497 -0.0206669333238 0.0195453453064 -0.0110445022583 0.00246984162368
* 30 2.92482089996 0.29 0.0 0.0 0.1 0.0 0.2690782547 0.010443687439 -0.00255757966079 0.11                                -0.017 0.111241757322 -0.0194077473447 0.0209217453003 -0.010443687439 0.00255757966079
* 31 3.02548694611 0.3 0.0 0.0 0.1 0.0 0.280622959137 0.0110292434692 -0.00168067612685 0.11                                -0.018 0.110408603189 -0.0210913772989 0.019377040863 -0.0110292434692 0.00168067612685
* 32 3.12634181976 0.31 0.0 0.0 0.1 0.0 0.295351982117 0.0123000144958 -0.00150710740127 0.11                                -0.018 0.107870777029 -0.0237470500945 0.0146480178833 -0.0123000144958 0.00150710740127
* 33 3.2269949913 0.32 0.0 0.0 0.1 0.0 0.304135799408 0.0122923851013 -0.0015614668373 0.109                                -0.02 0.108523791795 -0.0236972263672 0.015864200592 -0.0122923851013 0.0015614668373
* 34 3.32777500153 0.33 0.0 0.0 0.1 0.0 0.311235904694 0.0115647315979 -0.00277215638198 0.109                                -0.021 0.110086652073 -0.0215376452153 0.0187640953064 -0.0115647315979 0.00277215638198
* 35 3.42830085754 0.34 0.0 0.0 0.1 0.0 0.320437431335 0.0131592750549 -0.00474960030988 0.109                                -0.021 0.110530671245 -0.0235835221904 0.0195625686646 -0.0131592750549 0.00474960030988
* 36 3.52923202515 0.35 0.0 0.0 0.1 0.0 0.329480648041 0.0136427879333 -0.0034301916603 0.109                                -0.022 0.111036300765 -0.0253038109842 0.0205193519592 -0.0136427879333 0.0034301916603
* 37 3.62986183167 0.36 0.0 0.0 0.1 0.0 0.336310386658 0.0130181312561 -0.00423986138776 0.11                                -0.023 0.112741788197 -0.0235597993544 0.0236896133423 -0.0130181312561 0.00423986138776
* 38 3.73047089577 0.37 0.0 0.0 0.1 0.0 0.34839630127 0.0140204429626 -0.00415736855939 0.11                                -0.024 0.11162407758 -0.0256299369525 0.0216036987305 -0.0140204429626 0.00415736855939
* 39 3.83125782013 0.38 0.0 0.0 0.1 0.0 0.361102104187 0.0150861740112 -0.00371295609511 0.111                                -0.023 0.110170976272 -0.0280392249173 0.018897895813 -0.0150861740112 0.00371295609511
* 40 3.93185997009 0.39 0.0 0.0 0.1 0.0 0.377809047699 0.0171456336975 -0.00502235116437 0.111                                -0.024 0.106587219852 -0.0314731044756 0.012190952301 -0.0171456336975 0.00502235116437
* 41 4.03227090836 0.4 0.0 0.0 0.1 0.0 0.385350704193 0.0161437988281 -0.00456124963239 0.11                                -0.026 0.107900032102 -0.0297058006406 0.0146492958069 -0.0161437988281 0.00456124963239
* 42 4.13269782066 0.41 0.0 0.0 0.1 0.0 0.390296936035 0.0175409317017 -0.00537091912702 0.109                                -0.027 0.110622737494 -0.0319873736319 0.0197030639648 -0.0175409317017 0.00537091912702
* 43 4.23315095901 0.42 0.0 0.0 0.1 0.0 0.39984369278 0.0178580284119 -0.00538617791608 0.108                                -0.029 0.110867020954 -0.0326078824933 0.0201563072205 -0.0178580284119 0.00538617791608
* 44 4.33420085907 0.43 0.0 0.0 0.1 0.0 0.410205841064 0.0177063941956 -0.00513107003644 0.11                                -0.03 0.110669960645 -0.0324555715443 0.0197941589355 -0.0177063941956 0.00513107003644
* 45 4.43479299545 0.44 0.0 0.0 0.1 0.0 0.416760921478 0.0175933837891 -0.0063989800401 0.109                                -0.03 0.112529511763 -0.0314545833702 0.0232390785217 -0.0175933837891 0.0063989800401
* 46 4.53582787514 0.45 0.0 0.0 0.1 0.0 0.428967952728 0.0191946029663 -0.00637132348493 0.11                                -0.031 0.11135035216 -0.0347012136333 0.0210320472717 -0.0191946029663 0.00637132348493
* 47 4.63640999794 0.46 0.0 0.0 0.1 0.0 0.444152832031 0.0214929580688 -0.00689632119611 0.111                                -0.03 0.108581446399 -0.0390653670473 0.0158471679688 -0.0214929580688 0.00689632119611
* 48 4.73699402809 0.47 0.0 0.0 0.1 0.0 0.454989433289 0.0227289199829 -0.00861245766282 0.111                                -0.032 0.108156558132 -0.0405756717384 0.0150105667114 -0.0227289199829 0.00861245766282
* 49 4.84019088745 0.48 0.0 0.0 0.1 0.0 0.463620185852 0.0221304893494 -0.00920802727342 0.11                                -0.034 0.108895075968 -0.0390159090478 0.0163798141479 -0.0221304893494 0.00920802727342
* 50 4.94087195396 0.49 0.0 0.0 0.1 0.0 0.471744537354 0.0227303504944 -0.010038677603 0.109                                -0.036 0.109913830566 -0.039704575378 0.0182554626465 -0.0227303504944 0.010038677603
* 51 5.04154992104 0.5 0.0 0.0 0.1 0.0 0.482485771179 0.0232453346252 -0.0116389431059 0.109                                -0.037 0.109536901393 -0.0398337230229 0.0175142288208 -0.0232453346252 0.0116389431059
* 52 5.14232087135 0.51 0.0 0.0 0.1 0.0 0.490100860596 0.0241165161133 -0.0112851299345 0.109                                -0.038 0.110818003395 -0.0417246054656 0.0198991394043 -0.0241165161133 0.0112851299345
* 53 5.24291682243 0.52 0.0 0.0 0.1 0.0 0.499871730804 0.0237007141113 -0.013149086386 0.109                                -0.039 0.110959624382 -0.0398114687767 0.0201282691956 -0.0237007141113 0.013149086386
* 54 5.34351587296 0.53 0.0 0.0 0.1 0.0 0.510695457458 0.022518157959 -0.0120275653899 0.109                                -0.039 0.110497266041 -0.038114027413 0.0193045425415 -0.022518157959 0.0120275653899
* 55 5.44405198097 0.54 0.0 0.0 0.1 0.0 0.522358894348 0.0238084793091 -0.012510124594 0.11                                -0.039 0.109618482198 -0.0404582218569 0.0176411056519 -0.0238084793091 0.012510124594
* 56 5.54528594017 0.55 0.0 0.0 0.1 0.0 0.53476190567 0.0246033668518 -0.0149105228484 0.109                                -0.039 0.108362459115 -0.0407450385834 0.0152380943298 -0.0246033668518 0.0149105228484
* 57 5.64591193199 0.56 0.0 0.0 0.1 0.0 0.538752555847 0.0236229896545 -0.0145238079131 0.11                                -0.039 0.11157494363 -0.0388295372142 0.0212474441528 -0.0236229896545 0.0145238079131
* 58 5.74805998802 0.57 0.0 0.0 0.1 0.0 0.549976348877 0.0246238708496 -0.0158727802336 0.109                                -0.039 0.110941611106 -0.0400876748861 0.020023651123 -0.0246238708496 0.0158727802336
* 59 5.84845900536 0.58 0.0 0.0 0.1 0.0 0.560888767242 0.026433467865 -0.016970936209 0.11                                -0.039 0.110481019375 -0.0431031227708 0.0191112327576 -0.026433467865 0.016970936209
* 60 5.94887089729 0.59 0.0 0.0 0.1 0.0 0.570459842682 0.0260734558105 -0.0176842845976 0.11                                -0.039 0.110716507033 -0.0419573033964 0.0195401573181 -0.0260734558105 0.0176842845976
* 61 6.05040097237 0.6 0.0 0.0 0.1 0.0 0.579063415527 0.0260033607483 -0.0173943676054 0.11                                -0.041 0.111461646579 -0.0419357362347 0.0209365844727 -0.0260033607483 0.0173943676054
* 62 6.15124297142 0.61 0.0 0.0 0.1 0.0 0.589768886566 0.0257940292358 -0.0163643993437 0.11                                -0.041 0.111068826247 -0.0421369824219 0.0202311134338 -0.0257940292358 0.0163643993437
* 63 6.25182294846 0.62 0.0 0.0 0.1 0.0 0.602760314941 0.0267996788025 -0.0165060199797 0.11                                -0.041 0.109474285812 -0.0441649050523 0.0172396850586 -0.0267996788025 0.0165060199797
* 64 6.35227704048 0.63 0.0 0.0 0.1 0.0 0.613982200623 0.0269212722778 -0.0177076496184 0.11                                -0.041 0.108834845272 -0.043763935822 0.0160177993774 -0.0269212722778 0.0177076496184
* 65 6.45296502113 0.64 0.0 0.0 0.1 0.0 0.620963096619 0.0269265174866 -0.0186432041228 0.11                                -0.042 0.110466505101 -0.0431289065695 0.0190369033813 -0.0269265174866 0.0186432041228
* 66 6.5539598465 0.65 0.0 0.0 0.1 0.0 0.630184173584 0.0265951156616 -0.0199306644499 0.109                                -0.042 0.110896755712 -0.0416939174464 0.019815826416 -0.0265951156616 0.0199306644499
* 67 6.65458297729 0.66 0.0 0.0 0.1 0.0 0.641118049622 0.0276465415955 -0.0202940143645 0.109                                -0.043 0.110411515038 -0.0436244579385 0.0188819503784 -0.0276465415955 0.0202940143645
* 68 6.75510001183 0.67 0.0 0.0 0.1 0.0 0.649729251862 0.0274176597595 -0.0220602191985 0.109                                -0.043 0.111176011066 -0.0420889394758 0.0202707481384 -0.0274176597595 0.0220602191985
* 69 6.85566902161 0.68 0.0 0.0 0.1 0.0 0.658098697662 0.0274376869202 -0.0215552486479 0.109                                -0.042 0.112044879273 -0.0423507627745 0.0219013023376 -0.0274376869202 0.0215552486479
* 70 6.95632100105 0.69 0.0 0.0 0.1 0.0 0.669325351715 0.0280714035034 -0.0205262340605 0.11                                -0.042 0.111380977478 -0.0442667613373 0.0206746482849 -0.0280714035034 0.0205262340605
* 71 7.05689501762 0.7 0.0 0.0 0.1 0.0 0.680850028992 0.0275230407715 -0.0200675167143 0.11                                -0.042 0.110551134687 -0.0434971055373 0.0191499710083 -0.0275230407715 0.0200675167143
* 72 7.15755081177 0.71 0.0 0.0 0.1 0.0 0.693994045258 0.0280160903931 -0.0209601558745 0.11                                -0.042 0.10888095742 -0.0441005474909 0.0160059547424 -0.0280160903931 0.0209601558745
* 73 7.25811481476 0.72 0.0 0.0 0.1 0.0 0.70267868042 0.0279641151428 -0.0226138271391 0.11                                -0.042 0.109606990117 -0.0429947414443 0.0173213195801 -0.0279641151428 0.0226138271391
* 74 7.35856890678 0.73 0.0 0.0 0.1 0.0 0.713349342346 0.0282106399536 -0.0237110294402 0.109                                -0.043 0.109263997036 -0.0428912121077 0.0166506576538 -0.0282106399536 0.0237110294402
* 75 7.45990490913 0.74 0.0 0.0 0.1 0.0 0.720559120178 0.0281019210815 -0.0238245166838 0.109                                -0.043 0.110760996371 -0.0424760632321 0.0194408798218 -0.0281019210815 0.0238245166838
* 76 7.56035685539 0.75 0.0 0.0 0.1 0.0 0.729959011078 0.0272688865662 -0.0237157978117 0.109                                -0.042 0.111071003143 -0.0408447171345 0.0200409889221 -0.0272688865662 0.0237157978117
* 77 7.66077494621 0.76 0.0 0.0 0.1 0.0 0.738629341125 0.0283575057983 -0.0238769687712 0.11                                -0.042 0.111800256638 -0.0428646832702 0.0213706588745 -0.0283575057983 0.0238769687712
* 78 7.76155281067 0.77 0.0 0.0 0.1 0.0 0.749944210052 0.0275659561157 -0.0229771770537 0.11                                -0.041 0.111073710572 -0.0418649424717 0.0200557899475 -0.0275659561157 0.0229771770537
* 79 7.86212301254 0.78 0.0 0.0 0.1 0.0 0.763207435608 0.0273795127869 -0.0237177051604 0.11                                -0.041 0.10932963675 -0.0412188807661 0.0167925643921 -0.0273795127869 0.0237177051604
* 80 7.96273899078 0.79 0.0 0.0 0.1 0.0 0.774321079254 0.0285353660583 -0.0243709720671 0.11                                -0.042 0.108755169855 -0.0432108030548 0.0156789207459 -0.0285353660583 0.0243709720671
* 81 8.06338882446 0.8 0.0 0.0 0.1 0.0 0.782998561859 0.0289711952209 -0.025045696646 0.109                                -0.041 0.109479064052 -0.0436317501898 0.0170014381409 -0.0289711952209 0.025045696646
* 82 8.16423583031 0.81 0.0 0.0 0.1 0.0 0.791975498199 0.028742313385 -0.0274875797331 0.109                                -0.042 0.110055468169 -0.0417207530722 0.0180245018005 -0.028742313385 0.0274875797331
* 83 8.26479697227 0.82 0.0 0.0 0.1 0.0 0.801626682281 0.0293207168579 -0.0278742946684 0.109                                -0.042 0.11025602972 -0.0426355835315 0.0183733177185 -0.0293207168579 0.0278742946684
* 84 8.36521697044 0.83 0.0 0.0 0.1 0.0 0.807950496674 0.029200553894 -0.0288599170744 0.109                                -0.042 0.112238627079 -0.041616414737 0.0220495033264 -0.029200553894 0.0288599170744
* 85 8.46576404572 0.84 0.0 0.0 0.1 0.0 0.819021701813 0.0288238525391 -0.0282214321196 0.109                                -0.042 0.111650318751 -0.0412956220457 0.0209782981873 -0.0288238525391 0.0282214321196
* 86 8.56737494469 0.85 0.0 0.0 0.1 0.0 0.828262805939 0.0274887084961 -0.0275400318205 0.11                                -0.042 0.112029277524 -0.0389799027356 0.0217371940613 -0.0274887084961 0.0275400318205
* 87 8.66811084747 0.86 0.0 0.0 0.1 0.0 0.841398715973 0.0296545028687 -0.0281670726836 0.111                                -0.041 0.110387069546 -0.0431216935847 0.0186012840271 -0.0296545028687 0.0281670726836
* 88 8.76880288124 0.87 0.0 0.0 0.1 0.0 0.851952075958 0.0298089981079 -0.0283373035491 0.111                                -0.041 0.110094752935 -0.0433639461047 0.0180479240417 -0.0298089981079 0.0283373035491
* 89 8.86953496933 0.88 0.0 0.0 0.1 0.0 0.862533569336 0.0315256118774 -0.0295379795134 0.11                                -0.041 0.109825423265 -0.0461402805743 0.0174664306641 -0.0315256118774 0.0295379795134
* 90 8.97020983696 0.89 0.0 0.0 0.1 0.0 0.871664524078 0.0311532020569 -0.0329797901213 0.11                                -0.042 0.110331394523 -0.0433645291962 0.0183354759216 -0.0311532020569 0.0329797901213
* 91 9.07088685036 0.9 0.0 0.0 0.1 0.0 0.880448818207 0.030077457428 -0.0338209308684 0.11                                -0.044 0.11097488589 -0.0406480715287 0.0195511817932 -0.030077457428 0.0338209308684
* 92 9.17146682739 0.91 0.0 0.0 0.1 0.0 0.890158653259 0.0306067466736 -0.0352476276457 0.109                                -0.043 0.11115808999 -0.0408611784619 0.0198413467407 -0.0306067466736 0.0352476276457
* 93 9.27195882797 0.92 0.0 0.0 0.1 0.0 0.901251316071 0.0302057266235 -0.0339530147612 0.11                                -0.042 0.11054844163 -0.0408826313587 0.0187486839294 -0.0302057266235 0.0339530147612
* 94 9.37250494957 0.93 0.0 0.0 0.1 0.0 0.908617973328 0.0303635597229 -0.0343626178801 0.11                                -0.041 0.111968813635 -0.0407811584802 0.0213820266724 -0.0303635597229 0.0343626178801
* 95 9.47312498093 0.94 0.0 0.0 0.1 0.0 0.921964168549 0.0327949523926 -0.0355365909636 0.11                                -0.041 0.110235094881 -0.045195963974 0.0180358314514 -0.0327949523926 0.0355365909636
* 96 9.57389688492 0.95 0.0 0.0 0.1 0.0 0.932881832123 0.0337715148926 -0.0363915599883 0.11                                -0.042 0.109773684511 -0.0467229104154 0.0171181678772 -0.0337715148926 0.0363915599883
* 97 9.67440986633 0.96 0.0 0.0 0.1 0.0 0.943312644958 0.0340700149536 -0.0381110347807 0.11                                -0.043 0.109572907111 -0.0463663865462 0.0166873550415 -0.0340700149536 0.0381110347807
* 98 9.7751789093 0.97 0.0 0.0 0.1 0.0 0.950144767761 0.0331764221191 -0.0388243831694 0.11                                -0.044 0.111263117691 -0.0439261452242 0.0198552322388 -0.0331764221191 0.0388243831694
* 99 9.87583184242 0.98 0.0 0.0 0.1 0.0 0.961424827576 0.0342507362366 -0.0402663387358 0.11                                -0.044 0.110619275884 -0.0453412574725 0.0185751724243 -0.0342507362366 0.0402663387358
* 100 9.97640585899 0.99 0.0 0.0 0.1 0.0 0.971035003662 0.0337371826172 -0.0423024334013 0.11                                -0.044 0.110844787144 -0.0431080811984 0.0189649963379 -0.0337371826172 0.0423024334013
* 101 10.0769529343 1.0 0.0 0.0 0.1 0.0 0.980899810791 0.0343222618103 -0.0428474582732 0.11                                -0.044 0.110938025114 -0.0439508734777 0.019100189209 -0.0343222618103 0.0428474582732
* 102 10.177574873 1.0 0.01 1.57079632679 0.1 0.0 0.991638183594 0.0355415344238 -0.0427520908415 0.11                                -0.043 0.0007952399189 0.815599307089 0.00836181640625 -0.0255415344238 1.61354841764
* 103 10.278236866 1.0 0.02 1.57079632679 0.1 0.0 1.00427532196 0.0366363525391 -0.045354668051 0.109                                -0.033 -0.00642114330127 0.833691468855 -0.00427532196045 -0.0166363525391 1.61615099485
* 104 10.3789620399 1.0 0.03 1.57079632679 0.1 0.0 1.01052379608 0.0354399681091 -0.0427158512175 0.068                                0.296 -0.00978812969117 0.854132694864 -0.0105237960815 -0.00543996810913 1.61351217801
* 105 10.4796898365 1.0 0.04 1.57079632679 0.1 0.0 1.02073431015 0.0366945266724 -0.0224269069731 0.044                                0.472 -0.0134066828143 0.860692658222 -0.0207343101501 0.00330547332764 1.59322323377
* 106 10.5803928375 1.0 0.05 1.57079632679 0.1 0.0 1.02158021927 0.0347700119019 0.043032027781 0.019                                0.638 -0.00691696122224 0.852172844659 -0.0215802192688 0.0152299880981 1.52776429901
* 107 10.6811418533 1.0 0.06 1.57079632679 0.1 0.0 1.01475811005 0.030369758606 0.113357655704 0.008                                0.708 0.00524097363774 0.844362537312 -0.0147581100464 0.029630241394 1.45743867109
* 108 10.7821860313 1.0 0.07 1.57079632679 0.1 0.0 1.01216506958 0.0327825546265 0.174586102366 0.003                                0.764 0.0144101525919 0.82681456198 -0.0121650695801 0.0372174453735 1.39621022443
* 109 10.8828229904 1.0 0.08 1.57079632679 0.1 0.0 1.01306438446 0.034188747406 0.23030346632 0.004                                0.79 0.0216133949977 0.814551861859 -0.0130643844604 0.045811252594 1.34049286047
* 110 10.9833118916 1.0 0.09 1.57079632679 0.1 0.0 1.0137295723 0.0337343215942 0.291903465986 0.009                                0.806 0.0304106747246 0.801999041049 -0.0137295722961 0.0562656784058 1.27889286081
* 111 11.0836980343 1.0 0.1 1.57079632679 0.1 0.0 1.01534175873 0.0335907936096 0.354328721762 0.013                                0.805 0.0393395981641 0.788038682347 -0.015341758728 0.0664092063904 1.21646760503
* 112 11.1843748093 1.0 0.11 1.57079632679 0.1 0.0 1.01593828201 0.0334749221802 0.409589320421 0.021                                0.798 0.0483318686306 0.776253888398 -0.0159382820129 0.0765250778198 1.16120700637
* 113 11.2849400043 1.0 0.12 1.57079632679 0.1 0.0 1.01559972763 0.0369710922241 0.456212192774 0.027                                0.795 0.056169645495 0.760968253805 -0.0155997276306 0.0830289077759 1.11458413402
* 114 11.385612011 1.0 0.13 1.57079632679 0.1 0.0 1.02168178558 0.0413427352905 0.50610858202 0.036                                0.786 0.0613657123013 0.747479032075 -0.0216817855835 0.0886572647095 1.06468774478
* 115 11.4862289429 1.0 0.14 1.57079632679 0.1 0.0 1.03177690506 0.0497064590454 0.549299359322 0.042                                0.775 0.0629630959268 0.735394604917 -0.0317769050598 0.0902935409546 1.02149696747
* 116 11.5867788792 1.0 0.15 1.57079632679 0.1 0.0 1.03639888763 0.0543985366821 0.585940003395 0.05                                0.763 0.0673938091673 0.728094157557 -0.0363988876343 0.0956014633179 0.9848563234
* 117 11.6881349087 1.0 0.16 1.57079632679 0.1 0.0 1.03843355179 0.0587706565857 0.621469497681 0.056                                0.75 0.0730838297802 0.718820332015 -0.0384335517883 0.101229343414 0.949326829114
* 118 11.7885708809 1.0 0.17 1.57079632679 0.1 0.0 1.04514932632 0.0656976699829 0.662993311882 0.06                                0.74 0.0769023010366 0.707167607754 -0.0451493263245 0.104302330017 0.907803014913
* 119 11.8892099857 1.0 0.18 1.57079632679 0.1 0.0 1.05200815201 0.0735192298889 0.69815582037 0.064                                0.73 0.0796325949776 0.698305054163 -0.0520081520081 0.106480770111 0.872640506425
* 120 11.9904499054 1.0 0.19 1.57079632679 0.1 0.0 1.05541276932 0.0772390365601 0.732272267342 0.069                                0.72 0.0851987569265 0.691803879499 -0.0554127693176 0.11276096344 0.838524059453
* 121 12.090898037 1.0 0.2 1.57079632679 0.1 0.0 1.05811548233 0.0821313858032 0.770116269588 0.073                                0.711 0.0912734376169 0.679831370307 -0.0581154823303 0.117868614197 0.800680057206
* 122 12.1915159225 1.0 0.21 1.57079632679 0.1 0.0 1.06516551971 0.0886635780334 0.807998478413 0.079                                0.7 0.0951998280172 0.671251337908 -0.0651655197144 0.121336421967 0.762797848382
* 123 12.2923090458 1.0 0.22 1.57079632679 0.1 0.0 1.06982851028 0.0972037315369 0.842464208603 0.082                                0.695 0.0988647284463 0.658560797211 -0.0698285102844 0.122796268463 0.728332118192
* 124 12.3927299976 1.0 0.23 1.57079632679 0.1 0.0 1.07105112076 0.097592830658 0.880203783512 0.087                                0.682 0.107573993951 0.648838182515 -0.0710511207581 0.132407169342 0.690592543283
* 125 12.4932579994 1.0 0.24 1.57079632679 0.1 0.0 1.0764746666 0.10458278656 0.925367891788 0.091                                0.673 0.113250467189 0.631473557808 -0.0764746665955 0.13541721344 0.645428435006
* 126 12.5940358639 1.0 0.25 1.57079632679 0.1 0.0 1.08812761307 0.118456840515 0.960162341595 0.098                                0.661 0.112646709454 0.622954060181 -0.0881276130676 0.131543159485 0.6106339852
* 127 12.694672823 1.0 0.26 1.57079632679 0.1 0.0 1.08863735199 0.122113704681 0.996306240559 0.103                                0.65 0.1202169743 0.606977142138 -0.0886373519897 0.137886295319 0.574490086236
* 128 12.7951140404 1.0 0.27 1.57079632679 0.1 0.0 1.09006643295 0.129399776459 1.0326372385 0.108                                0.636 0.125879967272 0.587609246004 -0.0900664329529 0.140600223541 0.538159088292
* 129 12.8959619999 1.0 0.28 1.57079632679 0.1 0.0 1.09746789932 0.140511512756 1.06705248356 0.111                                0.627 0.127887982448 0.575722819224 -0.0974678993225 0.139488487244 0.503743843236
* 130 12.9964909554 1.0 0.29 1.57079632679 0.1 0.0 1.10505723953 0.150823116302 1.09898757935 0.117                                0.61 0.129980408907 0.566869403612 -0.105057239532 0.139176883698 0.471808747449
* 131 13.0971620083 1.0 0.3 1.57079632679 0.1 0.0 1.10633325577 0.158226013184 1.13072621822 0.122                                0.591 0.13499734235 0.549362689134 -0.106333255768 0.141773986816 0.440070108571
* 132 13.1977398396 1.0 0.31 1.57079632679 0.1 0.0 1.11013793945 0.168231010437 1.15849339962 0.125                                0.584 0.137640627141 0.536701255928 -0.110137939453 0.141768989563 0.412302927175
* 133 13.2988958359 1.0 0.32 1.57079632679 0.1 0.0 1.12097930908 0.181105613708 1.18755662441 0.129                                0.566 0.137600230149 0.533947238916 -0.120979309082 0.138894386292 0.383239702382
* 134 13.3993518353 1.0 0.33 1.57079632679 0.1 0.0 1.12393569946 0.194403648376 1.21367752552 0.132                                0.555 0.13861767996 0.518685267705 -0.123935699463 0.135596351624 0.357118801275
* 135 13.500043869 1.0 0.34 1.57079632679 0.1 0.0 1.12436151505 0.205757141113 1.237169981 0.134                                0.543 0.140700791151 0.501972823175 -0.124361515045 0.134242858887 0.333626345792
* 136 13.6004989147 1.0 0.35 1.57079632679 0.1 0.0 1.12902975082 0.219971656799 1.2627632618 0.135                                0.535 0.140795336016 0.49006623644 -0.129029750824 0.130028343201 0.308033065
* 137 13.700881958 1.0 0.36 1.57079632679 0.1 0.0 1.13348913193 0.23535823822 1.28882110119 0.138                                0.519 0.140365468692 0.477122453686 -0.133489131927 0.12464176178 0.281975225606
* 138 13.8022298813 1.0 0.37 1.57079632679 0.1 0.0 1.13308095932 0.248026847839 1.31046772003 0.139                                0.511 0.141499593165 0.459692017908 -0.13308095932 0.121973152161 0.260328606763
* 139 13.9029810429 1.0 0.38 1.57079632679 0.1 0.0 1.13507223129 0.261971950531 1.33594691753 0.139                                0.493 0.141989143851 0.443691687318 -0.135072231293 0.118028049469 0.234849409261
* 140 14.003494978 1.0 0.39 1.57079632679 0.1 0.0 1.13903474808 0.274953365326 1.35955166817 0.139                                0.48 0.142500306626 0.433499263274 -0.139034748077 0.115046634674 0.211244658628
* 141 14.1042108536 1.0 0.4 1.57079632679 0.1 0.0 1.14172124863 0.28924036026 1.38090479374 0.14                                0.462 0.14221820704 0.422066318652 -0.141721248627 0.11075963974 0.189891533056
* 142 14.2049260139 1.0 0.41 1.57079632679 0.1 0.0 1.14103317261 0.295747280121 1.40814435482 0.141                                0.453 0.14692897934 0.402634843395 -0.141033172607 0.114252719879 0.162651971975
* 143 14.3056650162 1.0 0.42 1.57079632679 0.1 0.0 1.14140462875 0.312432765961 1.43872559071 0.142                                0.436 0.146359878128 0.379553399338 -0.141404628754 0.107567234039 0.132070736089
* 144 14.4062490463 1.0 0.43 1.57079632679 0.1 0.0 1.14770364761 0.327501773834 1.47006034851 0.143                                0.422 0.146249053821 0.368585913217 -0.147703647614 0.102498226166 0.100735978284
* 145 14.5082058907 1.0 0.44 1.57079632679 0.1 0.0 1.14904069901 0.342518806458 1.49406182766 0.144                                0.406 0.145734209373 0.353329966989 -0.149040699005 0.0974811935425 0.0767344991353
* 146 14.6088428497 1.0 0.45 1.57079632679 0.1 0.0 1.14616394043 0.355132102966 1.51581251621 0.145                                0.394 0.146372647867 0.331820656846 -0.14616394043 0.0948678970337 0.0549838105824
* 147 14.7092819214 1.0 0.46 1.57079632679 0.1 0.0 1.14700984955 0.373522758484 1.53996789455 0.145                                0.375 0.143907204635 0.315755337006 -0.147009849548 0.0864772415161 0.0308284322408
* 148 14.8100008965 1.0 0.47 1.57079632679 0.1 0.0 1.14919519424 0.391753196716 1.55911445618 0.144                                0.357 0.141046646943 0.306467274752 -0.149195194244 0.0782468032837 0.0116818706181
* 149 14.9116799831 1.0 0.48 1.57079632679 0.1 0.0 1.1480140686 0.402344703674 1.5700429678 0.144                                0.339 0.14161432361 0.296549352687 -0.148014068604 0.0776552963257 0.000753358998571
* 150 15.0122058392 1.0 0.49 1.57079632679 0.1 0.0 1.14355325699 0.415217399597 1.58631336689 0.143                                0.328 0.141311050197 0.276423916492 -0.143553256989 0.0747826004028 -0.0155170400951
* 151 15.114718914 1.0 0.5 1.57079632679 0.1 0.0 1.14385271072 0.427626132965 1.60738289356 0.142                                0.314 0.141570812504 0.262583831692 -0.143852710724 0.0723738670349 -0.0365865667674
* 152 15.2151908875 1.0 0.51 1.57079632679 0.1 0.0 1.14709854126 0.443194389343 1.62496602535 0.142                                0.301 0.139926521679 0.257460897298 -0.14709854126 0.0668056106567 -0.0541696985576
* 153 15.3160278797 1.0 0.52 1.57079632679 0.1 0.0 1.14470911026 0.458002567291 1.64045608044 0.141                                0.282 0.138353433016 0.242702491551 -0.14470911026 0.0619974327087 -0.0696597536418
* 154 15.416934967 1.0 0.53 1.57079632679 0.1 0.0 1.14390325546 0.472061157227 1.65516829491 0.141                                0.276 0.137134952132 0.231738742205 -0.143903255463 0.0579388427734 -0.0843719681117
* 155 15.5176408291 1.0 0.54 1.57079632679 0.1 0.0 1.13896417618 0.4864320755 1.66799557209 0.139                                0.26 0.135377182468 0.214056771889 -0.138964176178 0.0535679244995 -0.0971992452953
* 156 15.6181838512 1.0 0.55 1.57079632679 0.1 0.0 1.13725662231 0.501591682434 1.67640507221 0.138                                0.25 0.133041398322 0.206102527652 -0.137256622314 0.0484083175659 -0.105608745417
* 157 15.7186369896 1.0 0.56 1.57079632679 0.1 0.0 1.13346099854 0.51411151886 1.68313670158 0.136                                0.234 0.131869961339 0.194662684897 -0.133460998535 0.0458884811401 -0.112340374789
* 158 15.8192019463 1.0 0.57 1.57079632679 0.1 0.0 1.13261461258 0.52651309967 1.68880653381 0.135                                0.222 0.130858817149 0.189813609545 -0.132614612579 0.0434869003296 -0.118010207019
* 159 15.9197559357 1.0 0.58 1.57079632679 0.1 0.0 1.12953615189 0.538262367249 1.69682431221 0.133                                0.21 0.130165854578 0.178891488966 -0.129536151886 0.0417376327515 -0.126027985415
* 160 16.02034688 1.0 0.59 1.57079632679 0.1 0.0 1.12753582001 0.551448822021 1.7021176815 0.132                                0.204 0.128611774706 0.172304862527 -0.127535820007 0.0385511779785 -0.131321354708
* 161 16.120882988 1.0 0.6 1.57079632679 0.1 0.0 1.12520217896 0.564912319183 1.70876824856 0.131                                0.191 0.126941803058 0.164329713378 -0.125202178955 0.0350876808167 -0.137971921763
* 162 16.2214798927 1.0 0.61 1.57079632679 0.1 0.0 1.12241792679 0.574920654297 1.71364831924 0.13                                0.184 0.126968163122 0.155691273639 -0.122417926788 0.0350793457031 -0.142851992449
* 163 16.3247308731 1.0 0.62 1.57079632679 0.1 0.0 1.11550569534 0.601435184479 1.7230001688 0.129                                0.177 0.118089934753 0.141030115203 -0.115505695343 0.0185648155212 -0.152203842005
* 164 16.4257249832 1.0 0.63 1.57079632679 0.1 0.0 1.11550569534 0.601435184479 1.7230001688 0.128                                0.17 0.123394456882 0.137997777942 -0.115505695343 0.0285648155212 -0.152203842005
* 165 16.5336999893 1.0 0.64 1.57079632679 0.1 0.0 1.11201763153 0.627638339996 1.73000657558 0.123                                0.157 0.114815878195 0.131841060404 -0.112017631531 0.0123616600037 -0.15921024879
* 166 16.6342878342 1.0 0.65 1.57079632679 0.1 0.0 1.10791778564 0.637665748596 1.7343287468 0.122                                0.147 0.114625560872 0.1211791186 -0.107917785645 0.0123342514038 -0.163532420001
* 167 16.7359609604 1.0 0.66 1.57079632679 0.1 0.0 1.10662841797 0.649363517761 1.73863220215 0.119                                0.142 0.113781802375 0.116636466449 -0.106628417969 0.0106364822388 -0.167835875354
* 168 16.8365290165 1.0 0.67 1.57079632679 0.1 0.0 1.10439062119 0.658022880554 1.7412340641 0.117                                0.133 0.114387609101 0.110226674082 -0.104390621185 0.0119771194458 -0.170437737307
* 169 16.9373059273 1.0 0.68 1.57079632679 0.1 0.0 1.10101699829 0.671093940735 1.74305391312 0.116                                0.128 0.112521002043 0.103547713937 -0.101016998291 0.00890605926514 -0.172257586322
* 170 17.0385439396 1.0 0.69 1.57079632679 0.1 0.0 1.0979180336 0.682497501373 1.74487149715 0.115                                0.119 0.111555360871 0.0968590584819 -0.0979180335999 0.00750249862671 -0.174075170359
* 171 17.1400270462 1.0 0.7 1.57079632679 0.1 0.0 1.09547328949 0.696015357971 1.74726033211 0.114                                0.115 0.109546753721 0.0918817636318 -0.0954732894897 0.00398464202881 -0.176464005313
* 172 17.2405500412 1.0 0.71 1.57079632679 0.1 0.0 1.09124612808 0.703460693359 1.74929881096 0.113                                0.107 0.110559198952 0.0814759077437 -0.0912461280823 0.00653930664063 -0.178502484164
* 173 17.3409910202 1.0 0.72 1.57079632679 0.1 0.0 1.08932876587 0.714952945709 1.75135791302 0.112                                0.101 0.109647757312 0.077040859513 -0.0893287658691 0.00504705429077 -0.180561586222
* 174 17.4414310455 1.0 0.73 1.57079632679 0.1 0.0 1.0873541832 0.722506046295 1.75102615356 0.111                                0.091 0.110740146966 0.0724703891168 -0.087354183197 0.00749395370483 -0.18022982677
* 175 17.5418748856 1.0 0.74 1.57079632679 0.1 0.0 1.08694696426 0.7333984375 1.75392830372 0.11                                0.086 0.110308715479 0.0703027468679 -0.0869469642639 0.0066015625 -0.183131976924
* 176 17.6423249245 1.0 0.75 1.57079632679 0.1 0.0 1.08329534531 0.746329307556 1.75530159473 0.11                                0.08 0.108440029275 0.063400400031 -0.0832953453064 0.00367069244385 -0.184505267939
* 177 17.7428498268 1.0 0.76 1.57079632679 0.1 0.0 1.07921981812 0.757681369781 1.75693762302 0.11                                0.077 0.107363337094 0.0549505865154 -0.0792198181152 0.00231863021851 -0.186141296229
* 178 17.8436579704 1.0 0.77 1.57079632679 0.1 0.0 1.07726192474 0.76758480072 1.75682973862 0.108                                0.067 0.107217438035 0.0511281919333 -0.0772619247437 0.00241519927979 -0.186033411822
* 179 17.9444599152 1.0 0.78 1.57079632679 0.1 0.0 1.0749669075 0.775599479675 1.75889182091 0.108                                0.065 0.108078941658 0.0447009764155 -0.0749669075012 0.00440052032471 -0.188095494113
* 180 18.0452129841 1.0 0.79 1.57079632679 0.1 0.0 1.07126140594 0.784941196442 1.75794506073 0.108                                0.058 0.108036708439 0.0377171691802 -0.0712614059448 0.00505880355835 -0.187148733935
* 181 18.1457479 1.0 0.8 1.57079632679 0.1 0.0 1.06925344467 0.793034553528 1.75951075554 0.108                                0.054 0.108868380369 0.0321596939751 -0.0692534446716 0.00696544647217 -0.188714428744
* 182 18.2462778091 1.0 0.81 1.57079632679 0.1 0.0 1.06924581528 0.804579257965 1.7596476078 0.107                                0.046 0.108055706654 0.0326458110501 -0.0692458152771 0.00542074203491 -0.188851281008
* 183 18.3469138145 1.0 0.82 1.57079632679 0.1 0.0 1.06637048721 0.814230918884 1.76279485226 0.107                                0.04 0.107998299578 0.0250628914853 -0.0663704872131 0.00576908111572 -0.191998525462
* 184 18.4475059509 1.0 0.83 1.57079632679 0.1 0.0 1.06247854233 0.826006412506 1.7635819912 0.108                                0.037 0.106674954384 0.0176522341944 -0.0624785423279 0.0039935874939 -0.192785664401
* 185 18.5480668545 1.0 0.84 1.57079632679 0.1 0.0 1.0583190918 0.838840484619 1.763250947 0.108                                0.034 0.104750740718 0.0107592291286 -0.0583190917969 0.00115951538086 -0.192454620204
* 186 18.6485550404 1.0 0.85 1.57079632679 0.1 0.0 1.05578613281 0.843943119049 1.7627851963 0.106                                0.023 0.107065923245 0.00417882697521 -0.0557861328125 0.00605688095093 -0.191988869509
* 187 18.749147892 1.0 0.86 1.57079632679 0.1 0.0 1.05591964722 0.851833820343 1.76464486122 0.106                                0.02 0.108208321343 0.00256830658003 -0.0559196472168 0.00816617965698 -0.193848534426
* 188 18.8496599197 1.0 0.87 1.57079632679 0.1 0.0 1.05356454849 0.863783359528 1.76440966129 0.106                                0.014 0.106936259787 -0.00116862162274 -0.0535645484924 0.00621664047241 -0.193613334498
* 189 18.950209856 1.0 0.88 1.57079632679 0.1 0.0 1.05055093765 0.874297142029 1.76566815376 0.107                                0.01 0.106362977577 -0.00759953904934 -0.0505509376526 0.00570285797119 -0.194871826968
* 190 19.0506768227 1.0 0.89 1.57079632679 0.1 0.0 1.0498585701 0.880888938904 1.76610314846 0.106                                0.003 0.108088015893 -0.0105276263824 -0.0498585700989 0.00911106109619 -0.195306821665
* 191 19.1513049603 1.0 0.9 1.57079632679 0.1 0.0 1.04781484604 0.885570526123 1.76826786995 0.106                                -0.0 0.110684032347 -0.0178650033124 -0.0478148460388 0.014429473877 -0.197471543154
* 192 19.2517240047 1.0 0.91 1.57079632679 0.1 0.0 1.0460395813 0.897373199463 1.76906549931 0.107                                -0.003 0.109551085483 -0.0211014364623 -0.0460395812988 0.0126268005371 -0.198269172511
* 193 19.3523318768 1.0 0.92 1.57079632679 0.1 0.0 1.04258871078 0.910458087921 1.7680567503 0.108                                -0.007 0.107561442654 -0.0260755786177 -0.0425887107849 0.00954191207886 -0.197260423503
* 194 19.4529800415 1.0 0.93 1.57079632679 0.1 0.0 1.04140472412 0.919775485992 1.76933014393 0.108                                -0.016 0.10779746748 -0.029394826104 -0.0414047241211 0.0102245140076 -0.198533817134
* 195 19.55397892 1.0 0.94 1.57079632679 0.1 0.0 1.03927373886 0.927860736847 1.76938664913 0.108                                -0.017 0.108579269377 -0.0343609224385 -0.0392737388611 0.0121392631531 -0.198590322337
* 196 19.6566338539 1.0 0.95 1.57079632679 0.1 0.0 1.03613710403 0.935737609863 1.76939940453 0.108                                -0.021 0.109364143389 -0.0413560120454 -0.0361371040344 0.0142623901367 -0.198603077731
* 197 19.75791502 1.0 0.96 1.57079632679 0.1 0.0 1.03269720078 0.946900844574 1.76889121532 0.108                                -0.025 0.108389907551 -0.0473492465167 -0.0326972007751 0.013099155426 -0.19809488853
* 198 19.858577013 1.0 0.97 1.57079632679 0.1 0.0 1.03018331528 0.953932285309 1.76740682125 0.108                                -0.033 0.109694381236 -0.0525861717207 -0.0301833152771 0.0160677146912 -0.196610494456
* 199 19.9592649937 1.0 0.98 1.57079632679 0.1 0.0 1.02933168411 0.96183013916 1.76800179482 0.108                                -0.038 0.110707906907 -0.0554252404001 -0.0293316841125 0.0181698608398 -0.19720546802
* 200 20.0605788231 1.0 0.99 1.57079632679 0.1 0.0 1.02458715439 0.970961093903 1.7660728693 0.109                                -0.042 0.11068286383 -0.0639452214449 -0.0245871543884 0.0190389060974 -0.195276542506
* 201 20.1611289978 1.0 1.0 1.57079632679 0.1 0.0 1.0228676796 0.981722831726 1.76524674892 0.109                                -0.049 0.110110409235 -0.0665429131377 -0.0228676795959 0.0182771682739 -0.194450422129
* 202 20.2617149353 1.0 1.01 1.57079632679 0.1 0.0 1.02073144913 0.989256381989 1.76503121853 0.109                                -0.054 0.111189852783 -0.0715618613741 -0.0207314491272 0.0207436180115 -0.194234891734
* 203 20.362954855 1.0 1.02 1.57079632679 0.1 0.0 1.01678466797 0.999310970306 1.76373195648 0.11                                -0.06 0.11076857387 -0.0785275128751 -0.0167846679687 0.0206890296936 -0.192935629687
* 204 20.4636478424 1.0 1.03 1.57079632679 0.1 0.0 1.01481485367 1.00869274139 1.76354491711 0.11                                -0.064 0.110894037563 -0.0825218626677 -0.0148148536682 0.021307258606 -0.192748590312
* 205 20.5641469955 1.0 1.04 1.57079632679 0.1 0.0 1.01186418533 1.01602697372 1.76244664192 0.11                                -0.071 0.112011630069 -0.0886891469272 -0.0118641853333 0.0239730262756 -0.191650315127
* 206 20.6646728516 1.0 1.05 1.57079632679 0.1 0.0 1.0135269165 1.02768993378 1.76305353642 0.11                                -0.075 0.111296859358 -0.0851464594084 -0.0135269165039 0.0223100662231 -0.19225720962
* 207 20.7650728226 1.0 1.06 1.57079632679 0.1 0.0 1.01071071625 1.03613185883 1.76084136963 0.111                                -0.08 0.111863755063 -0.0899706501196 -0.0107107162476 0.0238681411743 -0.190045042834
* 208 20.8656179905 1.0 1.07 1.57079632679 0.1 0.0 1.0071105957 1.04372406006 1.7581307888 0.111                                -0.082 0.112815537548 -0.0963491389772 -0.00711059570312 0.0262759399414 -0.187334462008
* 209 20.9660818577 1.0 1.08 1.57079632679 0.1 0.0 1.00478363037 1.05557012558 1.7557091713 0.111                                -0.086 0.111654172282 -0.0988138805653 -0.00478363037109 0.0244298744202 -0.1849128445
* 210 21.0665488243 1.0 1.09 1.57079632679 0.1 0.0 1.00405406952 1.06382894516 1.75262475014 0.111                                -0.089 0.112558216159 -0.099069824745 -0.00405406951904 0.0261710548401 -0.181828423342
* 211 21.1670119762 1.0 1.1 1.57079632679 0.1 0.0 0.999036312103 1.07141256332 1.74955964088 0.112                                -0.093 0.113411624601 -0.107997543507 0.000963687896729 0.028587436676 -0.17876331409
* 212 21.2675290108 1.0 1.11 1.57079632679 0.1 0.0 0.994476318359 1.07922887802 1.74680149555 0.112                                -0.096 0.114194457621 -0.116106893726 0.00552368164063 0.0307711219788 -0.176005168757
* 213 21.368088007 1.0 1.12 1.57079632679 0.1 0.0 0.992760181427 1.08923339844 1.74578404427 0.112                                -0.101 0.114055398169 -0.118879464649 0.007239818573 0.0307666015625 -0.174987717471
* 214 21.4685919285 1.0 1.13 1.57079632679 0.1 0.0 0.992121219635 1.09881591797 1.74457037449 0.112                                -0.105 0.114245956927 -0.119560684179 0.00787878036499 0.0311840820313 -0.173774047694
* 215 21.5691449642 1.0 1.14 1.57079632679 0.1 0.0 0.991219043732 1.11051177979 1.74334919453 0.113                                -0.112 0.11329589647 -0.120028826923 0.00878095626831 0.0294882202148 -0.172552867732
* 216 21.6697859764 1.0 1.15 1.57079632679 0.1 0.0 0.991065979004 1.12266159058 1.74062585831 0.113                                -0.114 0.11221128258 -0.117992241759 0.00893402099609 0.0273384094238 -0.169829531512
* 217 21.7702209949 1.0 1.16 1.57079632679 0.1 0.0 0.989433765411 1.1303024292 1.7368401289 0.113                                -0.116 0.113405608741 -0.119767215825 0.0105662345886 0.0296975708008 -0.166043802104
* 218 21.8706688881 1.0 1.17 1.57079632679 0.1 0.0 0.985664844513 1.13845348358 1.73213386536 0.112                                -0.116 0.114175307407 -0.125015958581 0.0143351554871 0.0315465164185 -0.161337538562
* 219 21.9711828232 1.0 1.18 1.57079632679 0.1 0.0 0.983328819275 1.1474943161 1.72825670242 0.112                                -0.118 0.114588506058 -0.12762644391 0.0166711807251 0.0325056838989 -0.157460375628
* 220 22.0716779232 1.0 1.19 1.57079632679 0.1 0.0 0.978420734406 1.15715789795 1.72158718109 0.113                                -0.12 0.114550536842 -0.133458742614 0.0215792655945 0.0328421020508 -0.150790854296
* 221 22.1725020409 1.0 1.2 1.57079632679 0.1 0.0 0.978426456451 1.16506433487 1.71935129166 0.113                                -0.124 0.115726960857 -0.132736422017 0.0215735435486 0.0349356651306 -0.148554964862
* 222 22.273154974 1.0 1.21 1.57079632679 0.1 0.0 0.977366447449 1.17598390579 1.71869373322 0.114                                -0.127 0.115174089338 -0.134168148704 0.0226335525513 0.0340160942078 -0.14789740642
* 223 22.3751299381 1.0 1.22 1.57079632679 0.1 0.0 0.978500843048 1.18841171265 1.71493124962 0.114                                -0.13 0.114082095938 -0.12897781507 0.0214991569519 0.0315882873535 -0.144134922824
* 224 22.4759018421 1.0 1.23 1.57079632679 0.1 0.0 0.97732591629 1.20110940933 1.71288263798 0.114                                -0.13 0.112617225828 -0.12932501539 0.0226740837097 0.0288905906677 -0.142086311183
* 225 22.5772428513 1.0 1.24 1.57079632679 0.1 0.0 0.972923278809 1.21051073074 1.70598018169 0.114                                -0.129 0.112810511011 -0.13415533111 0.0270767211914 0.0294892692566 -0.135183854899
* 226 22.6790859699 1.0 1.25 1.57079632679 0.1 0.0 0.969400882721 1.21765947342 1.7005238533 0.113                                -0.129 0.114245315691 -0.13867049041 0.0305991172791 0.0323405265808 -0.129727526507
* 227 22.7797868252 1.0 1.26 1.57079632679 0.1 0.0 0.968852996826 1.22817850113 1.69366955757 0.113                                -0.131 0.114145822953 -0.135565398745 0.0311470031738 0.0318214988709 -0.122873230777
* 228 22.8805019855 1.0 1.27 1.57079632679 0.1 0.0 0.967454433441 1.23761034012 1.68914377689 0.113                                -0.134 0.114498831403 -0.135796317847 0.0325455665588 0.0323896598816 -0.118347450099
* 229 22.9810829163 1.0 1.28 1.57079632679 0.1 0.0 0.965373039246 1.24601411819 1.68529212475 0.113                                -0.134 0.115341567263 -0.13801086402 0.0346269607544 0.0339858818054 -0.114495797953
* 230 23.0835669041 1.0 1.29 1.57079632679 0.1 0.0 0.965151309967 1.25688028336 1.68015825748 0.113                                -0.134 0.115029129744 -0.135200415597 0.034848690033 0.0331197166443 -0.10936193069
* 231 23.1841189861 1.0 1.3 1.57079632679 0.1 0.0 0.962797641754 1.26648187637 1.67669153214 0.114                                -0.135 0.115216549694 -0.137902814383 0.0372023582459 0.0335181236267 -0.10589520534
* 232 23.2847440243 1.0 1.31 1.57079632679 0.1 0.0 0.957798480988 1.27558279037 1.67223393917 0.114                                -0.135 0.115567838355 -0.145376740126 0.0422015190125 0.0344172096252 -0.101437612376
* 233 23.3857040405 1.0 1.32 1.57079632679 0.1 0.0 0.957649707794 1.28629732132 1.66721892357 0.114                                -0.137 0.115350180134 -0.142542273821 0.0423502922058 0.0337026786804 -0.0964225967738
* 234 23.4862749577 1.0 1.33 1.57079632679 0.1 0.0 0.955772399902 1.29633760452 1.66079843044 0.114                                -0.139 0.115453954673 -0.142448574499 0.0442276000977 0.0336623954773 -0.0900021036479
* 235 23.5869059563 1.0 1.34 1.57079632679 0.1 0.0 0.95295381546 1.30835580826 1.65401792526 0.114                                -0.14 0.114478466129 -0.143689002196 0.0470461845398 0.0316441917419 -0.0832215984676
* 236 23.687527895 1.0 1.35 1.57079632679 0.1 0.0 0.951169490814 1.31753587723 1.64932191372 0.114                                -0.141 0.115004569845 -0.144594613536 0.0488305091858 0.0324641227722 -0.0785255869243
* 237 23.7879619598 1.0 1.36 1.57079632679 0.1 0.0 0.952321529388 1.32698726654 1.64367926121 0.114                                -0.142 0.115540778213 -0.139024746599 0.0476784706116 0.0330127334595 -0.0728829344127
* 238 23.888365984 1.0 1.37 1.57079632679 0.1 0.0 0.949461460114 1.33671569824 1.63669538498 0.114                                -0.142 0.115820394503 -0.140606465762 0.0505385398865 0.0332843017578 -0.0658990581844
* 239 23.9888408184 1.0 1.38 1.57079632679 0.1 0.0 0.948763847351 1.34833049774 1.62925553322 0.115                                -0.141 0.115189289311 -0.137370398255 0.0512361526489 0.0316695022583 -0.0584592064235
* 240 24.0894620419 1.0 1.39 1.57079632679 0.1 0.0 0.946735858917 1.35726928711 1.6241440773 0.115                                -0.14 0.115873691687 -0.13849670006 0.0532641410828 0.0327307128906 -0.0533477505061
* 241 24.1902010441 1.0 1.4 1.57079632679 0.1 0.0 0.946332454681 1.36791992188 1.6200748682 0.115                                -0.139 0.11565498489 -0.136810871955 0.0536675453186 0.032080078125 -0.0492785414073
* 242 24.2906899452 1.0 1.41 1.57079632679 0.1 0.0 0.945812225342 1.37765407562 1.61617326736 0.115                                -0.138 0.115918722433 -0.135550324785 0.0541877746582 0.0323459243774 -0.0453769405696
* 243 24.391119957 1.0 1.42 1.57079632679 0.1 0.0 0.944255828857 1.38975954056 1.61101806164 0.115                                -0.138 0.114931802118 -0.135415411799 0.0557441711426 0.0302404594421 -0.040221734843
* 244 24.4917259216 1.0 1.43 1.57079632679 0.1 0.0 0.939978599548 1.3995308876 1.60437083244 0.115                                -0.137 0.115204608643 -0.140038705163 0.0600214004517 0.0304691123962 -0.0335745056483
* 245 24.5921258926 1.0 1.44 1.57079632679 0.1 0.0 0.938262939453 1.40767908096 1.59501409531 0.115                                -0.136 0.116508520884 -0.137999860505 0.0617370605469 0.0323209190369 -0.0242177685115
* 246 24.6929728985 1.0 1.45 1.57079632679 0.1 0.0 0.938306331635 1.41851806641 1.58725428581 0.115                                -0.137 0.116334277079 -0.133239104086 0.0616936683655 0.0314819335938 -0.0164579590175
* 247 24.793941021 1.0 1.46 1.57079632679 0.1 0.0 0.938484668732 1.42925548553 1.57929468155 0.115                                -0.137 0.116214481614 -0.128109464835 0.0615153312683 0.0307445144653 -0.00849835475418
* 248 24.89457798 1.0 1.47 1.57079632679 0.1 0.0 0.937467098236 1.43826341629 1.57247233391 0.115                                -0.135 0.116975229126 -0.126071449104 0.0625329017639 0.0317365837097 -0.00167600711318
* 249 24.995223999 1.0 1.48 1.57079632679 0.1 0.0 0.938593387604 1.44766378403 1.56408655643 0.115                                -0.132 0.117571906582 -0.11877568567 0.0614066123962 0.0323362159729 0.00670977036026
* 250 25.0959839821 1.0 1.49 1.57079632679 0.1 0.0 0.936902523041 1.45748281479 1.55879867077 0.116                                -0.128 0.117848350538 -0.118967012386 0.0630974769592 0.0325171852112 0.0119976560262
* 251 25.1964268684 1.0 1.5 1.57079632679 0.1 0.0 0.935727596283 1.46901702881 1.55592894554 0.116                                -0.125 0.117127107457 -0.119630689604 0.064272403717 0.0309829711914 0.0148673812535
* 252 25.2968900204 1.0 1.51 1.57079632679 0.1 0.0 0.936151027679 1.4806394577 1.55422115326 0.116                                -0.122 0.11630854108 -0.117811964263 0.0638489723206 0.0293605422974 0.0165751735356
* 253 25.3973689079 1.0 1.52 1.57079632679 0.1 0.0 0.935492038727 1.49336099625 1.54540705681 0.116                                -0.121 0.115137999778 -0.113996485523 0.0645079612732 0.0266390037537 0.0253892699864
* 254 25.4980239868 1.0 1.53 1.57079632679 0.1 0.0 0.934101581573 1.5030837059 1.53960204124 0.116                                -0.119 0.115492122376 -0.113313110276 0.0658984184265 0.0269162940979 0.0311942855504
* 255 25.5986180305 1.0 1.54 1.57079632679 0.1 0.0 0.933461666107 1.51401424408 1.5336227417 0.115                                -0.117 0.115193796631 -0.111103769015 0.0665383338928 0.0259857559204 0.0371735850957
* 256 25.6994078159 1.0 1.55 1.57079632679 0.1 0.0 0.933971405029 1.52466583252 1.52918839455 0.115                                -0.115 0.114971363191 -0.107506140421 0.0660285949707 0.0253341674805 0.0416079322484
* 257 25.8002159595 1.0 1.56 1.57079632679 0.1 0.0 0.93344783783 1.5336060524 1.52387201786 0.115                                -0.114 0.115714129519 -0.105299457363 0.0665521621704 0.0263939476013 0.0469243089345
* 258 25.9010679722 1.0 1.57 1.57079632679 0.1 0.0 0.93429851532 1.54624795914 1.51935994625 0.115                                -0.111 0.114410370313 -0.10118316203 0.0657014846802 0.023752040863 0.051436380544
* 259 26.0015518665 1.0 1.58 1.57079632679 0.1 0.0 0.934302330017 1.55395889282 1.51416683197 0.115                                -0.108 0.115787943104 -0.0978463210948 0.0656976699829 0.0260411071777 0.0566294948247
* 260 26.1021959782 1.0 1.59 1.57079632679 0.1 0.0 0.93493270874 1.56539821625 1.51142251492 0.114                                -0.105 0.115075270055 -0.0951222531736 0.0650672912598 0.0246017837524 0.0593738118794
* 261 26.2027449608 1.0 1.6 1.57079632679 0.1 0.0 0.934556484222 1.57292842865 1.50920569897 0.115                                -0.102 0.116472709711 -0.0942532546566 0.0654435157776 0.0270715713501 0.0615906278279
* 262 26.3032469749 1.0 1.61 1.57079632679 0.1 0.0 0.931507110596 1.58656358719 1.50365328789 0.115                                -0.099 0.114789766699 -0.0974995603783 0.0684928894043 0.0234364128113 0.0671430389073
* 263 26.403924942 1.0 1.62 1.57079632679 0.1 0.0 0.932441711426 1.59509944916 1.50023031235 0.115                                -0.097 0.115637194958 -0.0933992593576 0.0675582885742 0.0249005508423 0.0705660144475
* 264 26.5073130131 1.0 1.63 1.57079632679 0.1 0.0 0.931306362152 1.60578155518 1.49617743492 0.115                                -0.096 0.115430808921 -0.0933493149873 0.0686936378479 0.0242184448242 0.0746188918736
* 265 26.6096019745 1.0 1.64 1.57079632679 0.1 0.0 0.932518482208 1.61569786072 1.49251616001 0.115                                -0.095 0.115527698696 -0.0887393222475 0.0674815177917 0.0243021392822 0.0782801667836
* 266 26.7107980251 1.0 1.65 1.57079632679 0.1 0.0 0.93421459198 1.63016605377 1.4870954752 0.115                                -0.093 0.113208200653 -0.0828752520472 0.06578540802 0.019833946228 0.0837008515981
* 267 26.8116469383 1.0 1.66 1.57079632679 0.1 0.0 0.937686920166 1.64152526855 1.48385882378 0.115                                -0.092 0.112403059316 -0.0742916768565 0.062313079834 0.0184747314453 0.0869375030187
* 268 26.9122099876 1.0 1.67 1.57079632679 0.1 0.0 0.934440612793 1.64831638336 1.48107731342 0.114                                -0.087 0.114339979731 -0.0785574853058 0.065559387207 0.0216836166382 0.0897190133717
* 269 27.0126409531 1.0 1.68 1.57079632679 0.1 0.0 0.934304714203 1.65803909302 1.48054420948 0.113                                -0.083 0.114508088989 -0.0784627913229 0.0656952857971 0.0219609069824 0.0902521173146
* 270 27.1130750179 1.0 1.69 1.57079632679 0.1 0.0 0.933026790619 1.66842460632 1.47870337963 0.113                                -0.081 0.114411041209 -0.0799882828462 0.0669732093811 0.0215753936768 0.0920929471639
* 271 27.2135229111 1.0 1.7 1.57079632679 0.1 0.0 0.933165550232 1.67752933502 1.47570300102 0.113                                -0.08 0.114958332165 -0.0777653719134 0.0668344497681 0.022470664978 0.0950933257726
* 272 27.3144898415 1.0 1.71 1.57079632679 0.1 0.0 0.933565616608 1.68583202362 1.47258067131 0.114                                -0.08 0.115921463386 -0.074780664511 0.0664343833923 0.0241679763794 0.0982156554845
* 273 27.4161469936 1.0 1.72 1.57079632679 0.1 0.0 0.935451984406 1.69501590729 1.46883845329 0.114                                -0.078 0.116344636031 -0.0686234449849 0.0645480155945 0.0249840927124 0.101957873502
* 274 27.5171658993 1.0 1.73 1.57079632679 0.1 0.0 0.938105106354 1.70898532867 1.46801495552 0.114                                -0.076 0.114098411765 -0.0636660007996 0.0618948936462 0.0210146713257 0.102781371274
* 275 27.6180009842 1.0 1.74 1.57079632679 0.1 0.0 0.938909053802 1.7157907486 1.46605432034 0.115                                -0.073 0.115800477209 -0.0602396406557 0.0610909461975 0.0242092514038 0.10474200646
* 276 27.7188529968 1.0 1.75 1.57079632679 0.1 0.0 0.93909072876 1.72687244415 1.46470546722 0.114                                -0.068 0.115240857787 -0.0593012608669 0.0609092712402 0.0231275558472 0.106090859571
* 277 27.8194298744 1.0 1.76 1.57079632679 0.1 0.0 0.939005374908 1.73562717438 1.46517086029 0.115                                -0.065 0.115900644855 -0.0594855943682 0.0609946250916 0.0243728256226 0.105625466504
* 278 27.9207139015 1.0 1.77 1.57079632679 0.1 0.0 0.937597751617 1.74817180634 1.46345126629 0.115                                -0.062 0.114659148015 -0.0618014209559 0.0624022483826 0.0218281936646 0.107345060506
* 279 28.0212378502 1.0 1.78 1.57079632679 0.1 0.0 0.936292171478 1.75817680359 1.46169757843 0.115                                -0.062 0.114769994707 -0.0633572656034 0.0637078285217 0.0218231964111 0.109098748365
* 280 28.121863842 1.0 1.79 1.57079632679 0.1 0.0 0.93792963028 1.76711273193 1.46033620834 0.114                                -0.062 0.115270287571 -0.0590590566776 0.0620703697205 0.0228872680664 0.110460118451
* 281 28.222465992 1.0 1.8 1.57079632679 0.1 0.0 0.941171169281 1.77703475952 1.46041464806 0.114                                -0.061 0.115118621463 -0.0526449922443 0.058828830719 0.0229652404785 0.110381678739
* 282 28.3236749172 1.0 1.81 1.57079632679 0.1 0.0 0.943482875824 1.78719806671 1.46005117893 0.114                                -0.059 0.114901309883 -0.0478696301697 0.056517124176 0.0228019332886 0.110745147863
* 283 28.4242649078 1.0 1.82 1.57079632679 0.1 0.0 0.943044185638 1.80203533173 1.45738554001 0.114                                -0.056 0.112395561003 -0.0482511876652 0.0569558143616 0.0179646682739 0.113410786786
* 284 28.5257849693 1.0 1.83 1.57079632679 0.1 0.0 0.943447589874 1.807472229 1.45625805855 0.114                                -0.053 0.114823771105 -0.0457467266395 0.0565524101257 0.0225277709961 0.114538268247
* 285 28.6266548634 1.0 1.84 1.57079632679 0.1 0.0 0.944166660309 1.82413578033 1.45464611053 0.113                                -0.051 0.111254909846 -0.0449045539086 0.0558333396912 0.0158642196655 0.11615021626
* 286 28.7273218632 1.0 1.85 1.57079632679 0.1 0.0 0.944166660309 1.82413578033 1.45464611053 0.113                                -0.049 0.116585313861 -0.0425867692872 0.0558333396912 0.0258642196655 0.11615021626
* 287 28.8280069828 1.0 1.86 1.57079632679 0.1 0.0 0.944767475128 1.84343147278 1.45363438129 0.112                                -0.047 0.111609929934 -0.042958520589 0.0552325248718 0.0165685272217 0.117161945501
* 288 28.9286079407 1.0 1.87 1.57079632679 0.1 0.0 0.944767475128 1.84343147278 1.45363438129 0.114                                -0.046 0.116939701999 -0.0406206389102 0.0552325248718 0.0265685272217 0.117161945501
* 289 29.0293369293 1.0 1.88 1.57079632679 0.1 0.0 0.946477413177 1.85381412506 1.45333814621 0.113                                -0.044 0.116632985253 -0.0371355721473 0.0535225868225 0.026185874939 0.117458180585
* 290 29.12981987 1.0 1.89 1.57079632679 0.1 0.0 0.946990013123 1.86417293549 1.45287072659 0.115                                -0.042 0.116416472888 -0.0359208932446 0.0530099868774 0.0258270645142 0.11792560021
* 291 29.2317068577 1.0 1.9 1.57079632679 0.1 0.0 0.949448108673 1.88620948792 1.45028758049 0.115                                -0.04 0.109883226113 -0.0323830426479 0.0505518913269 0.013790512085 0.120508746305
* 292 29.3322939873 1.0 1.91 1.57079632679 0.1 0.0 0.950038909912 1.89566135406 1.44958436489 0.114                                -0.038 0.110146722699 -0.0306723431813 0.0499610900879 0.0143386459351 0.121211961904
* 293 29.4343419075 1.0 1.92 1.57079632679 0.1 0.0 0.949896335602 1.90134716034 1.44984781742 0.113                                -0.036 0.112450694991 -0.0300664234767 0.0501036643982 0.0186528396606 0.120948509374
* 294 29.5350358486 1.0 1.93 1.57079632679 0.1 0.0 0.950644493103 1.90880966187 1.44921886921 0.111                                -0.034 0.113762131715 -0.0275972231061 0.049355506897 0.0211903381348 0.121577457586
* 295 29.6356329918 1.0 1.94 1.57079632679 0.1 0.0 0.952550411224 1.9212770462 1.44858932495 0.111                                -0.033 0.112331210323 -0.0240434913621 0.0474495887756 0.0187229537964 0.122207001844
* 296 29.7377948761 1.0 1.95 1.57079632679 0.1 0.0 0.951160430908 1.93084812164 1.44744491577 0.112                                -0.03 0.112664924264 -0.0260267946668 0.0488395690918 0.0191518783569 0.123351411023
* 297 29.8383619785 1.0 1.96 1.57079632679 0.1 0.0 0.949776172638 1.94400119781 1.4474067688 0.112                                -0.028 0.111077575587 -0.029528022603 0.0502238273621 0.0159988021851 0.123389557996
* 298 29.9387960434 1.0 1.97 1.57079632679 0.1 0.0 0.948500156403 1.95042514801 1.4463173151 0.112                                -0.027 0.113081372121 -0.0305395372328 0.0514998435974 0.0195748519897 0.124479011693
* 299 30.0393159389 1.0 1.98 1.57079632679 0.1 0.0 0.949862003326 1.96018981934 1.44680571556 0.111                                -0.028 0.113109601017 -0.0280658556194 0.0501379966736 0.0198101806641 0.123990611234
* 300 30.139909029 1.0 1.99 1.57079632679 0.1 0.0 0.95299911499 1.96839046478 1.44547307491 0.112                                -0.029 0.113874474759 -0.0206068417258 0.0470008850098 0.0216095352173 0.125323251882
* 301 30.2415239811 1.0 2.0 1.57079632679 0.1 0.0 0.953609466553 1.97802639008 1.44499373436 0.112                                -0.028 0.114032512067 -0.0190209862584 0.0463905334473 0.0219736099243 0.125802592435
* 302 30.342512846 1.0 2.01 1.57079632679 0.1 0.0 0.956516265869 1.99034404755 1.44356155396 0.112                                -0.026 0.112616003285 -0.0129947718807 0.0434837341309 0.0196559524536 0.12723477284
* 303 30.4435179234 1.0 2.02 1.57079632679 0.1 0.0 0.956543445587 1.99905395508 1.44508767128 0.113                                -0.022 0.113286999037 -0.0135126002453 0.0434565544128 0.0209460449219 0.125708655515
* 304 30.5439708233 1.0 2.03 1.57079632679 0.1 0.0 0.956463336945 2.0094871521 1.44700026512 0.112                                -0.019 0.113043824699 -0.0149051630167 0.0435366630554 0.0205128479004 0.123796061673
* 305 30.6446118355 1.0 2.04 1.57079632679 0.1 0.0 0.956771850586 2.01805400848 1.44501829147 0.112                                -0.017 0.113804648239 -0.0127676460914 0.0432281494141 0.0219459915161 0.125778035322
* 306 30.745443821 1.0 2.05 1.57079632679 0.1 0.0 0.956495761871 2.02976131439 1.44474637508 0.112                                -0.016 0.112916748922 -0.0135839970589 0.0435042381287 0.0202386856079 0.126049951711
* 307 30.8463850021 1.0 2.06 1.57079632679 0.1 0.0 0.957067966461 2.04142093658 1.44474720955 0.113                                -0.014 0.111994556204 -0.0128664384968 0.0429320335388 0.0185790634155 0.126049117246
* 308 30.9481468201 1.0 2.07 1.57079632679 0.1 0.0 0.959165096283 2.05134105682 1.44275641441 0.112                                -0.015 0.111911124505 -0.00752270382967 0.040834903717 0.0186589431763 0.128039912381
* 309 31.0502858162 1.0 2.08 1.57079632679 0.1 0.0 0.959250450134 2.06141376495 1.44532763958 0.112                                -0.013 0.111846544239 -0.00887312858543 0.0407495498657 0.0185862350464 0.125468687215
* 310 31.1513268948 1.0 2.09 1.57079632679 0.1 0.0 0.96155166626 2.070104599 1.44483947754 0.112                                -0.012 0.112392269579 -0.00369326517477 0.0384483337402 0.019895401001 0.125956849256
* 311 31.2528760433 1.0 2.1 1.57079632679 0.1 0.0 0.962625980377 2.08348751068 1.44484782219 0.111                                -0.01 0.110518711989 -0.00241643871048 0.0373740196228 0.0165124893188 0.125948504606
* 312 31.3533248901 1.0 2.11 1.57079632679 0.1 0.0 0.96325302124 2.09058856964 1.44636821747 0.112                                -0.006 0.112011066768 -0.00133243102228 0.0367469787598 0.0194114303589 0.124428109327
* 313 31.4538040161 1.0 2.12 1.57079632679 0.1 0.0 0.962553977966 2.10624694824 1.44451963902 0.111                                -0.004 0.109056536452 -0.0030643923272 0.0374460220337 0.0137530517578 0.12627668778
* 314 31.5542638302 1.0 2.13 1.57079632679 0.1 0.0 0.965657711029 2.11485767365 1.44474744797 0.111                                -0.004 0.109585324595 0.00331251404968 0.0343422889709 0.015142326355 0.126048878827
* 315 31.6558988094 1.0 2.14 1.57079632679 0.1 0.0 0.964443683624 2.12097644806 1.44454109669 0.11                                -0.002 0.111734634334 0.00199995658074 0.0355563163757 0.0190235519409 0.126255230108
* 316 31.7570998669 1.0 2.15 1.57079632679 0.1 0.0 0.964334011078 2.13375377655 1.44495487213 0.11                                -0.0 0.110261236547 0.000843810942674 0.0356659889221 0.0162462234497 0.125841454664
* 317 31.8577558994 1.0 2.16 1.57079632679 0.1 0.0 0.96808385849 2.14754486084 1.44509220123 0.11                                -0.0 0.107989746646 0.00725437441884 0.03191614151 0.0124551391602 0.125704125562
* 318 31.9589788914 1.0 2.17 1.57079632679 0.1 0.0 0.970799922943 2.15588092804 1.44815480709 0.109                                0.001 0.108686100542 0.0113093321817 0.0292000770569 0.0141190719604 0.122641519704
* 319 32.05950284 1.0 2.18 1.57079632679 0.1 0.0 0.970728874207 2.16655063629 1.44713568687 0.109                                0.003 0.108336526522 0.0115858969691 0.0292711257935 0.0134493637085 0.123660639921
* 320 32.1600270271 1.0 2.19 1.57079632679 0.1 0.0 0.968803405762 2.17338275909 1.44777143002 0.108                                0.005 0.110149017116 0.00817883111612 0.0311965942383 0.0166172409058 0.123024896779
* 321 32.2606468201 1.0 2.2 1.57079632679 0.1 0.0 0.968851566315 2.18190288544 1.44574582577 0.108                                0.007 0.110940131788 0.00981304629681 0.0311484336853 0.018097114563 0.125050501027
* 322 32.3613379002 1.0 2.21 1.57079632679 0.1 0.0 0.969303131104 2.19375324249 1.44578075409 0.109                                0.008 0.109924557453 0.0102274146844 0.0306968688965 0.0162467575073 0.125015572706
* 323 32.4622318745 1.0 2.22 1.57079632679 0.1 0.0 0.968842983246 2.20407772064 1.44636118412 0.109                                0.009 0.109780782257 0.00889905183578 0.0311570167542 0.0159222793579 0.124435142675
* 324 32.562805891 1.0 2.23 1.57079632679 0.1 0.0 0.969052791595 2.21136760712 1.44716405869 0.109                                0.009 0.11120765596 0.00952144684108 0.0309472084045 0.0186323928833 0.12363226811
* 325 32.6638689041 1.0 2.24 1.57079632679 0.1 0.0 0.971325397491 2.22784900665 1.44772064686 0.109                                0.008 0.107604316678 0.0121173780608 0.0286746025085 0.0121509933472 0.123075679937
* 326 32.7647058964 1.0 2.25 1.57079632679 0.1 0.0 0.974417686462 2.23125839233 1.44806325436 0.109                                0.009 0.110910683592 0.0196746137587 0.0255823135376 0.018741607666 0.122733072439
* 327 32.8652608395 1.0 2.26 1.57079632679 0.1 0.0 0.975574970245 2.24688053131 1.44732642174 0.109                                0.011 0.10784008976 0.0210142209137 0.0244250297546 0.013119468689 0.123469905057
* 328 32.9657108784 1.0 2.27 1.57079632679 0.1 0.0 0.974630832672 2.25537586212 1.44555532932 0.109                                0.014 0.108704067895 0.0205239554563 0.0253691673279 0.0146241378784 0.125240997472
* 329 33.0662770271 1.0 2.28 1.57079632679 0.1 0.0 0.973785400391 2.26313877106 1.44791162014 0.109                                0.017 0.109950790211 0.0180465669719 0.0262145996094 0.0168612289429 0.122884706655
* 330 33.1669619083 1.0 2.29 1.57079632679 0.1 0.0 0.975759983063 2.27359771729 1.44717478752 0.109                                0.018 0.109576117382 0.0222772467084 0.0242400169373 0.0164022827148 0.123621539274
* 331 33.2674729824 1.0 2.3 1.57079632679 0.1 0.0 0.976322650909 2.28517246246 1.44602811337 0.109                                0.017 0.108699359348 0.0236614798015 0.0236773490906 0.0148275375366 0.12476821343
* 332 33.3709290028 1.0 2.31 1.57079632679 0.1 0.0 0.975486755371 2.29308795929 1.44906640053 0.109                                0.019 0.109866225628 0.020770679306 0.0245132446289 0.0169120407104 0.121729926267
* 333 33.471446991 1.0 2.32 1.57079632679 0.1 0.0 0.97998714447 2.30582141876 1.44845294952 0.108                                0.02 0.108115384025 0.0293904746955 0.0200128555298 0.0141785812378 0.122343377271
* 334 33.5721278191 1.0 2.33 1.57079632679 0.1 0.0 0.981833457947 2.31866645813 1.44985878468 0.109                                0.022 0.106483559539 0.0315688136387 0.0181665420532 0.0113335418701 0.120937542119
* 335 33.6733410358 1.0 2.34 1.57079632679 0.1 0.0 0.981564044952 2.32695865631 1.45023131371 0.108                                0.026 0.107411953417 0.0312347713112 0.0184359550476 0.013041343689 0.120565013089
* 336 33.7742600441 1.0 2.35 1.57079632679 0.1 0.0 0.982510089874 2.33902072906 1.44901800156 0.107                                0.028 0.106248074072 0.0332998112105 0.0174899101257 0.0109792709351 0.121778325239
* 337 33.8746578693 1.0 2.36 1.57079632679 0.1 0.0 0.983733177185 2.34838962555 1.44999611378 0.107                                0.027 0.106508612246 0.035329893827 0.0162668228149 0.0116103744507 0.120800213018
* 338 33.9759638309 1.0 2.37 1.57079632679 0.1 0.0 0.984405517578 2.35854721069 1.45003426075 0.106                                0.031 0.106381349745 0.0366053125954 0.0155944824219 0.0114527893066 0.120762066045
* 339 34.0767939091 1.0 2.38 1.57079632679 0.1 0.0 0.98215007782 2.36599254608 1.45186901093 0.106                                0.032 0.107894292245 0.0316993068067 0.0178499221802 0.0140074539185 0.11892731587
* 340 34.1772630215 1.0 2.39 1.57079632679 0.1 0.0 0.984753131866 2.37990474701 1.4526695013 0.106                                0.032 0.105647345897 0.0354917747203 0.0152468681335 0.0100952529907 0.11812682549
* 341 34.277700901 1.0 2.4 1.57079632679 0.1 0.0 0.986634731293 2.3854265213 1.45513212681 0.106                                0.031 0.107928286964 0.0388837375994 0.0133652687073 0.0145734786987 0.115664199987
* 342 34.3782830238 1.0 2.41 1.57079632679 0.1 0.0 0.987143039703 2.39949703217 1.45421802998 0.106                                0.035 0.105722012928 0.0394663864011 0.0128569602966 0.0105029678345 0.116578296819
* 343 34.4787838459 1.0 2.42 1.57079632679 0.1 0.0 0.986726284027 2.41237068176 1.45398128033 0.107                                0.037 0.104215138104 0.0381014116889 0.0132737159729 0.0076293182373 0.116815046468
* 344 34.5791409016 1.0 2.43 1.57079632679 0.1 0.0 0.9906873703 2.42091655731 1.45326602459 0.105                                0.036 0.104737211433 0.0467068575407 0.00931262969971 0.00908344268798 0.117530302205
* 345 34.6801929474 1.0 2.44 1.57079632679 0.1 0.0 0.99039888382 2.42727375031 1.45402741432 0.105                                0.036 0.106702425059 0.0465586154827 0.00960111618042 0.0127262496948 0.116768912473
* 346 34.7806339264 1.0 2.45 1.57079632679 0.1 0.0 0.988732814789 2.44121456146 1.45565724373 0.105                                0.041 0.104716088747 0.0414235773957 0.0112671852112 0.00878543853759 0.115139083066
* 347 34.8812890053 1.0 2.46 1.57079632679 0.1 0.0 0.989949703217 2.45080852509 1.45681607723 0.105                                0.042 0.104865212994 0.0432888135312 0.0100502967834 0.00919147491454 0.113980249563
* 348 34.981951952 1.0 2.47 1.57079632679 0.1 0.0 0.991215229034 2.46034049988 1.4584056139 0.105                                0.041 0.105048947191 0.0450232013912 0.00878477096558 0.00965950012206 0.112390712896
* 349 35.0828700066 1.0 2.48 1.57079632679 0.1 0.0 0.992119312286 2.46868610382 1.4590793848 0.104                                0.041 0.105881932356 0.0468131337038 0.00788068771362 0.0113138961792 0.111716941991
* 350 35.1841030121 1.0 2.49 1.57079632679 0.1 0.0 0.991728305817 2.47791481018 1.45868575573 0.105                                0.045 0.106313720399 0.0464293960316 0.00827169418335 0.0120851898193 0.112110571065
* 351 35.2845749855 1.0 2.5 1.57079632679 0.1 0.0 0.991815090179 2.49153995514 1.45909368992 0.105                                0.044 0.104378247961 0.0455642173354 0.00818490982056 0.00846004486083 0.111702636876
* 352 35.3851709366 1.0 2.51 1.57079632679 0.1 0.0 0.995162010193 2.50035190582 1.45923066139 0.105                                0.044 0.104812882852 0.0524049236877 0.00483798980713 0.00964809417724 0.111565665403
* 353 35.4857749939 1.0 2.52 1.57079632679 0.1 0.0 0.99516916275 2.51126670837 1.45970726013 0.105                                0.046 0.104328888193 0.0519508876221 0.00483083724976 0.00873329162597 0.111089066663
* 354 35.5868759155 1.0 2.53 1.57079632679 0.1 0.0 0.995337486267 2.5236787796 1.46149075031 0.104                                0.048 0.103048243423 0.0507692904778 0.00466251373291 0.00632122039794 0.109305576482
* 355 35.6876978874 1.0 2.54 1.57079632679 0.1 0.0 0.997534751892 2.5326051712 1.4619512558 0.104                                0.048 0.103496935968 0.0551176806665 0.00246524810791 0.00739482879638 0.108845070997
* 356 35.7882499695 1.0 2.55 1.57079632679 0.1 0.0 0.997675895691 2.54206752777 1.4645396471 0.103                                0.049 0.103801287802 0.0540839110306 0.00232410430908 0.00793247222899 0.106256679693
* 357 35.8894059658 1.0 2.56 1.57079632679 0.1 0.0 0.996952533722 2.55013179779 1.46679329872 0.103                                0.052 0.104896657587 0.0518008301818 0.00304746627808 0.00986820220946 0.104003028074
* 358 35.9911789894 1.0 2.57 1.57079632679 0.1 0.0 0.996406555176 2.56276130676 1.4650888443 0.104                                0.055 0.103508294818 0.0511093339636 0.00359344482422 0.00723869323729 0.105707482496
* 359 36.0923819542 1.0 2.58 1.57079632679 0.1 0.0 0.998522281647 2.57300662994 1.46379995346 0.103                                0.051 0.103244397771 0.0559754204648 0.00147771835327 0.00699337005614 0.106996373334
* 360 36.1940510273 1.0 2.59 1.57079632679 0.1 0.0 0.998368740082 2.58313083649 1.46643567085 0.103                                0.05 0.103213454748 0.0541921750661 0.00163125991821 0.00686916351317 0.104360655942
* 361 36.2947509289 1.0 2.6 1.57079632679 0.1 0.0 0.998483181 2.59094905853 1.4662746191 0.103                                0.054 0.104369921534 0.054963748866 0.00151681900024 0.00905094146727 0.104521707692
* 362 36.3953008652 1.0 2.61 1.57079632679 0.1 0.0 0.999081134796 2.60370445251 1.46825802326 0.103                                0.054 0.102886029543 0.0544885585543 0.000918865203858 0.00629554748534 0.102538303533
* 363 36.4957339764 1.0 2.62 1.57079632679 0.1 0.0 1.00179576874 2.61616516113 1.46928489208 0.103                                0.052 0.101434950231 0.058827024734 -0.00179576873779 0.00383483886718 0.101511434713
* 364 36.5961699486 1.0 2.63 1.57079632679 0.1 0.0 1.00136041641 2.62321567535 1.47170972824 0.102                                0.053 0.103060263447 0.0572252081251 -0.00136041641235 0.00678432464598 0.0990865985539
* 365 36.6968328953 1.0 2.64 1.57079632679 0.1 0.0 1.00185012817 2.63258934021 1.47163319588 0.102                                0.057 0.103367880263 0.0583659196369 -0.00185012817383 0.00741065979003 0.0991631309178
* 366 36.7974498272 1.0 2.65 1.57079632679 0.1 0.0 1.00156164169 2.64690589905 1.47022068501 0.102                                0.055 0.101062584021 0.0577033868634 -0.00156164169311 0.00309410095214 0.10057564179
* 367 36.8982789516 1.0 2.66 1.57079632679 0.1 0.0 1.0017914772 2.65115070343 1.47196769714 0.102                                0.056 0.104143040085 0.0583487610559 -0.00179147720337 0.00884929656981 0.0988286296513
* 368 36.9990339279 1.0 2.67 1.57079632679 0.1 0.0 1.00298452377 2.66198253632 1.47271871567 0.102                                0.059 0.103644534079 0.0601444783783 -0.00298452377319 0.00801746368407 0.0980776111272
* 369 37.1008780003 1.0 2.68 1.57079632679 0.1 0.0 1.00252056122 2.67276000977 1.47400927544 0.102                                0.057 0.103268463787 0.0583581987323 -0.00252056121826 0.00723999023436 0.0967870513585
* 370 37.2019379139 1.0 2.69 1.57079632679 0.1 0.0 1.00339269638 2.68365097046 1.47483241558 0.103                                0.057 0.102757015092 0.0594704980528 -0.00339269638061 0.006349029541 0.0959639112141
* 371 37.3029060364 1.0 2.7 1.57079632679 0.1 0.0 1.00408554077 2.691447258 1.47656404972 0.102                                0.057 0.103919560397 0.0603146806917 -0.00408554077148 0.00855274200438 0.0942322770741
* 372 37.4035818577 1.0 2.71 1.57079632679 0.1 0.0 1.00428009033 2.70258808136 1.47829067707 0.102                                0.057 0.10332090958 0.059536655621 -0.00428009033203 0.00741191864012 0.0925056497243
* 373 37.5041019917 1.0 2.72 1.57079632679 0.1 0.0 1.00577545166 2.71403312683 1.47715580463 0.103                                0.06 0.102460215654 0.0628689253512 -0.00577545166016 0.00596687316893 0.0936405221608
* 374 37.604683876 1.0 2.73 1.57079632679 0.1 0.0 1.00556945801 2.72532653809 1.47815036774 0.102                                0.058 0.10179191799 0.061674901433 -0.00556945800781 0.00467346191405 0.0926459590581
* 375 37.7052299976 1.0 2.74 1.57079632679 0.1 0.0 1.00679445267 2.73452472687 1.47930657864 0.102                                0.06 0.102174691535 0.0636310895978 -0.00679445266724 0.00547527313231 0.0914897481587
* 376 37.8060779572 1.0 2.75 1.57079632679 0.1 0.0 1.00649547577 2.74405288696 1.47959268093 0.102                                0.061 0.102445193504 0.0629652648969 -0.00649547576904 0.00594711303709 0.0912036458638
* 377 37.9069259167 1.0 2.76 1.57079632679 0.1 0.0 1.00847768784 2.75362873077 1.48104190826 0.102                                0.061 0.102595097354 0.0661965661139 -0.00847768783569 0.00637126922606 0.0897544185307
* 378 38.0076639652 1.0 2.77 1.57079632679 0.1 0.0 1.00924825668 2.76317977905 1.48398935795 0.101                                0.062 0.102839503185 0.0661949741982 -0.00924825668335 0.00682022094725 0.0868069688466
* 379 38.1082279682 1.0 2.78 1.57079632679 0.1 0.0 1.00959825516 2.77139282227 1.48557984829 0.102                                0.063 0.103801046139 0.0663239846504 -0.00959825515747 0.00860717773436 0.0852164785054
* 380 38.2087349892 1.0 2.79 1.57079632679 0.1 0.0 1.01025438309 2.7821187973 1.48673033714 0.103                                0.065 0.10339933728 0.0668744063924 -0.0102543830872 0.00788120269774 0.084065989652
* 381 38.3091509342 1.0 2.8 1.57079632679 0.1 0.0 1.01150274277 2.80012130737 1.48768341541 0.102                                0.064 0.0990774681745 0.0675090006303 -0.0115027427673 -0.000121307373063 0.083112911382
* 382 38.409665823 1.0 2.81 1.57079632679 0.1 0.0 1.01042795181 2.80546951294 1.48754298687 0.102                                0.065 0.101611171181 0.0662155838125 -0.0104279518127 0.00453048706053 0.0832533399251
* 383 38.510766983 1.0 2.82 1.57079632679 0.1 0.0 1.01069021225 2.81423950195 1.48766851425 0.101                                0.066 0.102259067186 0.0668742732681 -0.0106902122498 0.00576049804686 0.0831278125432
* 384 38.6113989353 1.0 2.83 1.57079632679 0.1 0.0 1.01024866104 2.82503223419 1.48952639103 0.101                                0.065 0.10188063172 0.0648502646226 -0.0102486610413 0.00496776580809 0.0812699357655
* 385 38.7119748592 1.0 2.84 1.57079632679 0.1 0.0 1.0122795105 2.83318424225 1.49205124378 0.101                                0.066 0.102818121413 0.0678142695608 -0.012279510498 0.00681575775145 0.0787450830129
* 386 38.8127448559 1.0 2.85 1.57079632679 0.1 0.0 1.01152801514 2.84247684479 1.49395596981 0.102                                0.066 0.103255447171 0.0653798865209 -0.0115280151367 0.00752315521239 0.0768403569844
* 387 38.9133470058 1.0 2.86 1.57079632679 0.1 0.0 1.01201915741 2.85260772705 1.49594008923 0.102                                0.066 0.103193574705 0.0652487522153 -0.0120191574097 0.0073922729492 0.0748562375691
* 388 39.013835907 1.0 2.87 1.57079632679 0.1 0.0 1.01347732544 2.86756134033 1.49613499641 0.102                                0.065 0.100486989082 0.0673108422616 -0.0134773254395 0.00243865966795 0.0746613303807
* 389 39.1142778397 1.0 2.88 1.57079632679 0.1 0.0 1.01374721527 2.87790203094 1.49676167965 0.102                                0.065 0.100303178888 0.0674606366771 -0.013747215271 0.00209796905516 0.0740346471455
* 390 39.2148108482 1.0 2.89 1.57079632679 0.1 0.0 1.01246261597 2.88956546783 1.49858236313 0.101                                0.066 0.0994893995767 0.0636770530692 -0.0124626159668 0.00043453216551 0.0722139636662
* 391 39.3153989315 1.0 2.9 1.57079632679 0.1 0.0 1.01412057877 2.89606666565 1.49805903435 0.1                                0.066 0.101290138298 0.0677731055807 -0.0141205787659 0.00393333435057 0.0727372924474
* 392 39.4159710407 1.0 2.91 1.57079632679 0.1 0.0 1.01289367676 2.90237903595 1.49748122692 0.1                                0.066 0.103303369404 0.066179553674 -0.0128936767578 0.00762096405027 0.0733150998738
* 393 39.5164709091 1.0 2.92 1.57079632679 0.1 0.0 1.01254320145 2.91438007355 1.49904716015 0.1                                0.065 0.102268365368 0.064332260583 -0.0125432014465 0.00561992645262 0.0717491666463
* 394 39.6176710129 1.0 2.93 1.57079632679 0.1 0.0 1.01415491104 2.92271900177 1.50065529346 0.101                                0.066 0.103119521371 0.0669023964305 -0.0141549110413 0.00728099822996 0.0701410333302
* 395 39.7182199955 1.0 2.94 1.57079632679 0.1 0.0 1.01551294327 2.93650436401 1.50237298012 0.101                                0.066 0.101068380929 0.0681511011848 -0.0155129432678 0.00349563598631 0.0684233466771
* 396 39.8187470436 1.0 2.95 1.57079632679 0.1 0.0 1.01574373245 2.94958114624 1.50234174728 0.101                                0.064 0.0994121247457 0.0682076006135 -0.0157437324524 0.000418853759747 0.068454579511
* 397 39.9192769527 1.0 2.96 1.57079632679 0.1 0.0 1.01688432693 2.95613574982 1.50308740139 0.101                                0.066 0.101226837736 0.0705505883485 -0.0168843269348 0.00386425018309 0.0677089254048
* 398 40.01968503 1.0 2.97 1.57079632679 0.1 0.0 1.01532793045 2.96677112579 1.5063842535 0.1                                0.067 0.100992351812 0.0655751038663 -0.0153279304504 0.00322887420652 0.064412073293
* 399 40.1201279163 1.0 2.98 1.57079632679 0.1 0.0 1.01629495621 2.97764873505 1.5063829422 0.1                                0.068 0.100488929743 0.0673928726787 -0.0162949562073 0.00235126495359 0.0644133845952
* 400 40.2206268311 1.0 2.99 1.57079632679 0.1 0.0 1.01517391205 2.98775196075 1.5064971447 0.1                                0.067 0.100474044556 0.0650805680179 -0.0151739120483 0.00224803924559 0.0642991820958
* 401 40.3211460114 1.0 3.0 1.57079632679 0.1 0.0 1.01491689682 2.99558925629 1.50711596012 0.1                                0.067 0.101650132132 0.0645091700934 -0.0149168968201 0.00441074371336 0.0636803666737
* 402 40.4215528965 1.0 3.01 1.57079632679 0.1 0.0 1.01517009735 3.00674533844 1.50957036018 0.1                                0.066 0.101057852454 0.0635389377999 -0.0151700973511 0.00325466156004 0.0612259666112
* 403 40.5221378803 1.0 3.02 1.57079632679 0.1 0.0 1.01770019531 3.01833057404 1.51305055618 0.1                                0.065 0.10017951454 0.0665237142953 -0.0177001953125 0.00166942596434 0.057745770612
* 404 40.6230399609 1.0 3.03 1.57079632679 0.1 0.0 1.018866539 3.02888393402 1.51215016842 0.1                                0.065 0.0998325517608 0.0692718697127 -0.0188665390015 0.00111606597898 0.058646158376
* 405 40.7237288952 1.0 3.04 1.57079632679 0.1 0.0 1.01823711395 3.03639316559 1.51354944706 0.1                                0.065 0.101208671276 0.0675491114709 -0.0182371139526 0.0036068344116 0.0572468797353
* 406 40.824190855 1.0 3.05 1.57079632679 0.1 0.0 1.01723909378 3.04853153229 1.51709425449 0.1                                0.067 0.100146181147 0.0634056833975 -0.0172390937805 0.00146846771238 0.0537020723012
* 407 40.924672842 1.0 3.06 1.57079632679 0.1 0.0 1.01628732681 3.05748081207 1.5169274807 0.1                                0.066 0.100734295915 0.0617077382972 -0.0162873268127 0.00251918792722 0.0538688460973
* 408 41.0254759789 1.0 3.07 1.57079632679 0.1 0.0 1.01615762711 3.06891727448 1.51628100872 0.1                                0.064 0.0999591558215 0.061641228405 -0.0161576271057 0.00108272552488 0.0545153180745
* 409 41.1260359287 1.0 3.08 1.57079632679 0.1 0.0 1.01688766479 3.07658004761 1.51663661003 0.1                                0.064 0.101195417379 0.0631612257603 -0.0168876647949 0.00341995239256 0.0541597167638
* 410 41.2304978371 1.0 3.09 1.57079632679 0.1 0.0 1.01814174652 3.08947467804 1.5166965723 0.1                                0.062 0.0996087494278 0.0653201957498 -0.018141746521 0.000525321960427 0.0540997544911
* 411 41.3311228752 1.0 3.1 1.57079632679 0.1 0.0 1.01651525497 3.0944814682 1.51809382439 0.1                                0.063 0.102351710493 0.0618491909028 -0.0165152549744 0.00551853179929 0.0527025024083
* 412 41.4337689877 1.0 3.11 1.57079632679 0.1 0.0 1.01839208603 3.11710453033 1.52030777931 0.1                                0.064 0.0955666179138 0.0631152066037 -0.0183920860291 -0.00710453033449 0.0504885474828
* 413 41.5359330177 1.0 3.12 1.57079632679 0.1 0.0 1.01839208603 3.11710453033 1.52030777931 0.1                                0.062 0.100926342577 0.0641245486079 -0.0183920860291 0.0028954696655 0.0504885474828
* 414 41.6383209229 1.0 3.13 1.57079632679 0.1 0.0 1.0167632103 3.13589859009 1.52287185192 0.099                                0.063 0.096292335585 0.0586417417657 -0.0167632102966 -0.00589859008791 0.0479244748738
* 415 41.7388789654 1.0 3.14 1.57079632679 0.1 0.0 1.01689004898 3.14628696442 1.52341008186 0.099                                0.063 0.0960882409754 0.058576698449 -0.0168900489807 -0.00628696441653 0.0473862449315
* 416 41.8394749165 1.0 3.15 1.57079632679 0.1 0.0 1.0166144371 3.15631580353 1.52380156517 0.097                                0.061 0.0960850587037 0.0578188225426 -0.0166144371033 -0.00631580352786 0.0469947616246
* 417 41.9403400421 1.0 3.16 1.57079632679 0.1 0.0 1.01802110672 3.16504383087 1.52430856228 0.097                                0.06 0.0967386566916 0.0604824432461 -0.01802110672 -0.00504383087161 0.0464877645161
* 418 42.0411360264 1.0 3.17 1.57079632679 0.1 0.0 1.01755285263 3.17366886139 1.52531456947 0.096                                0.059 0.0975014231721 0.0591438566466 -0.0175528526306 -0.00366886138918 0.0454817573216
* 419 42.1416478157 1.0 3.18 1.57079632679 0.1 0.0 1.01610946655 3.18249893188 1.52793002129 0.096                                0.059 0.0981978261023 0.054979635354 -0.0161094665527 -0.00249893188479 0.0428663055089
* 420 42.2422168255 1.0 3.19 1.57079632679 0.1 0.0 1.01832199097 3.19122695923 1.52989971638 0.097                                0.058 0.098856471743 0.0584604373266 -0.0183219909668 -0.00122695922854 0.0408966104176
* 421 42.342787981 1.0 3.2 1.57079632679 0.1 0.0 1.01757049561 3.2014503479 1.53076291084 0.097                                0.058 0.0987647752885 0.0564809269083 -0.0175704956055 -0.00145034790041 0.040033415952
* 422 42.4433648586 1.0 3.21 1.57079632679 0.1 0.0 1.01760005951 3.21536064148 1.52945959568 0.098                                0.058 0.096649889485 0.0569106108218 -0.0176000595093 -0.00536064147952 0.0413367311147
* 423 42.5439898968 1.0 3.22 1.57079632679 0.1 0.0 1.01668548584 3.22020244598 1.53004693985 0.098                                0.057 0.0994436479673 0.0551951903414 -0.0166854858398 -0.000202445983911 0.040749386945
* 424 42.6455729008 1.0 3.23 1.57079632679 0.1 0.0 1.0156583786 3.23002338409 1.53088521957 0.097                                0.057 0.0995725358205 0.0527084999748 -0.0156583786011 -2.33840942632e-05 0.0399111072209
* 425 42.7460839748 1.0 3.24 1.57079632679 0.1 0.0 1.01541900635 3.24060153961 1.53115606308 0.098                                0.055 0.0992709506538 0.0520393071505 -0.0154190063477 -0.000601539611842 0.0396402637151
* 426 42.8465058804 1.0 3.25 1.57079632679 0.1 0.0 1.01527309418 3.25208187103 1.53091728687 0.098                                0.054 0.0984773546654 0.0517572387603 -0.0152730941772 -0.00208187103274 0.039879039922
* 427 42.9479520321 1.0 3.26 1.57079632679 0.1 0.0 1.01460790634 3.25837898254 1.53448820114 0.098                                0.052 0.100518876852 0.0487992287409 -0.0146079063416 0.00162101745603 0.0363081256535
* 428 43.049394846 1.0 3.27 1.57079632679 0.1 0.0 1.01580190659 3.26611423492 1.53449094296 0.098                                0.053 0.101710240369 0.0513485871664 -0.0158019065857 0.00388576507566 0.0363053838399
* 429 43.1503248215 1.0 3.28 1.57079632679 0.1 0.0 1.01576757431 3.27650928497 1.5354590416 0.099                                0.052 0.101510761375 0.0507260920121 -0.0157675743103 0.00349071502683 0.0353372851994
* 430 43.2512128353 1.0 3.29 1.57079632679 0.1 0.0 1.01349258423 3.28916454315 1.53728556633 0.1                                0.051 0.100149356173 0.0450097624131 -0.0134925842285 0.000835456848118 0.0335107604649
* 431 43.3522298336 1.0 3.3 1.57079632679 0.1 0.0 1.0135807991 3.30067920685 1.53595018387 0.1                                0.051 0.0993210990731 0.045798186081 -0.0135807991028 -0.000679206848171 0.0348461429265
* 432 43.4527008533 1.0 3.31 1.57079632679 0.1 0.0 1.01258516312 3.30829715729 1.53739368916 0.1                                0.048 0.100631993548 0.043195759953 -0.0125851631165 0.00170284271238 0.0334026376393
* 433 43.5532338619 1.0 3.32 1.57079632679 0.1 0.0 1.01356744766 3.31798171997 1.53721165657 0.099                                0.047 0.10078163482 0.0452785600354 -0.0135674476624 0.00201828002927 0.0335846702245
* 434 43.6536810398 1.0 3.33 1.57079632679 0.1 0.0 1.01438188553 3.32689380646 1.53908360004 0.1                                0.045 0.10137111767 0.0459651222269 -0.0143818855286 0.00310619354245 0.0317127267506
* 435 43.7552068233 1.0 3.34 1.57079632679 0.1 0.0 1.01444244385 3.33665180206 1.53924262524 0.1                                0.044 0.101501639026 0.0460152636768 -0.0144424438477 0.00334819793698 0.0315537015584
* 436 43.8557269573 1.0 3.35 1.57079632679 0.1 0.0 1.0129737854 3.34517765045 1.54170668125 0.1                                0.045 0.102342035012 0.041828256342 -0.0129737854004 0.00482234954831 0.0290896455434
* 437 43.9562618732 1.0 3.36 1.57079632679 0.1 0.0 1.01169586182 3.35627937317 1.54148638248 0.101                                0.045 0.101768947563 0.0393291149538 -0.0116958618164 0.00372062683103 0.0293099443105
* 438 44.0568108559 1.0 3.37 1.57079632679 0.1 0.0 1.01093673706 3.36552715302 1.54154407978 0.101                                0.043 0.102184908187 0.0378241636965 -0.0109367370605 0.00447284698484 0.0292522470143
* 439 44.157269001 1.0 3.38 1.57079632679 0.1 0.0 1.01182174683 3.37702178955 1.54286086559 0.101                                0.042 0.101381429359 0.0387923840582 -0.0118217468262 0.00297821044919 0.0279354612019
* 440 44.2583048344 1.0 3.39 1.57079632679 0.1 0.0 1.01250076294 3.38512992859 1.54160547256 0.101                                0.04 0.102374036524 0.0409406136239 -0.0125007629395 0.0048700714111 0.0291908542302
* 441 44.3587708473 1.0 3.4 1.57079632679 0.1 0.0 1.01369905472 3.39643859863 1.54133236408 0.101                                0.04 0.101650437466 0.0434080750765 -0.013699054718 0.00356140136716 0.0294639627126
* 442 44.4592108727 1.0 3.41 1.57079632679 0.1 0.0 1.01222896576 3.40285015106 1.54264557362 0.101                                0.04 0.103611148701 0.0399580146866 -0.0122289657593 0.00714984893796 0.0281507531789
* 443 44.5596868992 1.0 3.42 1.57079632679 0.1 0.0 1.01097869873 3.41230201721 1.54497528076 0.101                                0.039 0.103944344276 0.0362046012447 -0.0109786987305 0.00769798278806 0.0258210460332
* 444 44.660369873 1.0 3.43 1.57079632679 0.1 0.0 1.01239824295 3.42234230042 1.54659378529 0.102                                0.04 0.103918044366 0.0381483059509 -0.0123982429504 0.00765769958493 0.0242025415089
* 445 44.7611129284 1.0 3.44 1.57079632679 0.1 0.0 1.01086044312 3.43371105194 1.54732775688 0.103                                0.04 0.103209766968 0.0346046192347 -0.0108604431152 0.00628894805905 0.0234685699132
* 446 44.8616509438 1.0 3.45 1.57079632679 0.1 0.0 1.00888824463 3.44568538666 1.54762625694 0.103                                0.038 0.102177491803 0.0304060039899 -0.00888824462891 0.00431461334226 0.0231700698521
* 447 44.9621019363 1.0 3.46 1.57079632679 0.1 0.0 1.01064920425 3.45738315582 1.54799056053 0.103                                0.037 0.101247653938 0.0336510764672 -0.0106492042541 0.00261684417722 0.0228057662633
* 448 45.0625219345 1.0 3.47 1.57079632679 0.1 0.0 1.00837182999 3.4635591507 1.54959225655 0.102                                0.033 0.103338007233 0.0283923182027 -0.00837182998657 0.00644084930417 0.0212040702489
* 449 45.1630580425 1.0 3.48 1.57079632679 0.1 0.0 1.00872659683 3.47065925598 1.55021727085 0.101                                0.033 0.104894165032 0.028877798676 -0.00872659683227 0.00934074401852 0.0205790559438
* 450 45.2635409832 1.0 3.49 1.57079632679 0.1 0.0 1.0095038414 3.48063373566 1.54977297783 0.102                                0.031 0.104896038483 0.0306795868904 -0.00950384140015 0.00936626434323 0.0210233489659
* 451 45.364002943 1.0 3.5 1.57079632679 0.1 0.0 1.01060152054 3.48846435547 1.55100595951 0.103                                0.03 0.106057294481 0.0322760740867 -0.0106015205383 0.0115356445312 0.0197903672841
