### Ensaio do Controlador Klancar com Laser (Meio Retângulo) ###

# Parâmetros #

# Número do Ensaio: 7
# Frequência: 10.0 Hz
# Lado Menor: 1.00 m
# Lado Maior: 3.50 m
# Velocidade Linear da Base: 0.10 m/s
# Parâmetro ksi: 0.60
# Parâmetro w_n: 0.63
# Parâmetro g: 40.00

* 1 0.0 0.0 0.0 0.0 0.1 0.0 0.0 0.0 0.0 0.0                                0.0 0.1 0.0 0.0 0.0 0.0
* 2 0.100717067719 0.01 0.0 0.0 0.1 0.0 -0.014301776886 -0.0107169151306 0.0112685654312 0.0                                0.0 0.118527883617 0.0332173375475 0.024301776886 0.0107169151306 -0.0112685654312
* 3 0.201309919357 0.02 0.0 0.0 0.1 0.0 -0.0145545005798 -0.0106468200684 0.0112228505313 0.009                                0.005 0.126307755833 0.0325158862145 0.0345545005798 0.0106468200684 -0.0112228505313
* 4 0.301966905594 0.03 0.0 0.0 0.1 0.0 -0.0112571716309 -0.00954341888428 0.00984827894717 0.052                                0.007 0.131376953286 0.0290722838775 0.0412571716309 0.00954341888428 -0.00984827894717
* 5 0.403224945068 0.04 0.0 0.0 0.1 0.0 0.00127935409546 -0.00622177124023 0.0115268081427 0.081                                0.018 0.129432736793 0.0143519370559 0.0387206459045 0.00622177124023 -0.0115268081427
* 6 0.504671096802 0.05 0.0 0.0 0.1 0.0 0.0204682350159 -0.00859642028809 0.0136944660917 0.099                                0.019 0.122490898345 0.0223714514252 0.0295317649841 0.00859642028809 -0.0136944660917
* 7 0.605335950851 0.06 0.0 0.0 0.1 0.0 0.0359244346619 -0.00793313980103 0.0133808776736 0.109                                0.016 0.118342042941 0.0202857759674 0.0240755653381 0.00793313980103 -0.0133808776736
* 8 0.706381082535 0.07 0.0 0.0 0.1 0.0 0.0448312759399 -0.00749540328979 0.0144092040136 0.112                                0.015 0.119171319998 0.0175920888746 0.0251687240601 0.00749540328979 -0.0144092040136
* 9 0.807410001755 0.08 0.0 0.0 0.1 0.0 0.0553040504456 -0.00750684738159 0.0149516267702 0.115                                0.018 0.118814816267 0.0171996229313 0.0246959495544 0.00750684738159 -0.0149516267702
* 10 0.908040046692 0.09 0.0 0.0 0.1 0.0 0.0662755966187 -0.00573968887329 0.0152563611045 0.116                                0.018 0.118058279103 0.00992958357275 0.0237244033813 0.00573968887329 -0.0152563611045
* 11 1.00879788399 0.1 0.0 0.0 0.1 0.0 0.0764632225037 -0.00450897216797 0.0154444891959 0.116                                0.015 0.117901951369 0.0048581982692 0.0235367774963 0.00450897216797 -0.0154444891959
* 12 1.10942006111 0.11 0.0 0.0 0.1 0.0 0.0880250930786 -0.00691699981689 0.0156979560852 0.117                                0.013 0.11674581096 0.0143708914571 0.0219749069214 0.00691699981689 -0.0156979560852
* 13 1.21005392075 0.12 0.0 0.0 0.1 0.0 0.101052761078 -0.00469017028809 0.015534363687 0.117                                0.012 0.11442143641 0.00579137861669 0.0189472389221 0.00469017028809 -0.015534363687
* 14 1.3106238842 0.13 0.0 0.0 0.1 0.0 0.11177444458 -0.00372982025146 0.0156046524644 0.116                                0.01 0.113862535769 0.00193679838513 0.0182255554199 0.00372982025146 -0.0156046524644
* 15 1.41118407249 0.14 0.0 0.0 0.1 0.0 0.122969150543 -0.0025110244751 0.0166248846799 0.115                                0.008 0.112941581887 -0.0037071819015 0.0170308494568 0.0025110244751 -0.0166248846799
* 16 1.51221203804 0.15 0.0 0.0 0.1 0.0 0.133012294769 -0.002272605896 0.0180384945124 0.115                                0.006 0.11290550621 -0.00582697414134 0.0169877052307 0.002272605896 -0.0180384945124
* 17 1.612637043 0.16 0.0 0.0 0.1 0.0 0.145079135895 -0.000706195831299 0.017063325271 0.114                                0.002 0.111317078544 -0.0111441300596 0.0149208641052 0.000706195831299 -0.017063325271
* 18 1.71336293221 0.17 0.0 0.0 0.1 0.0 0.153543949127 0.00183391571045 0.0165713988245 0.113                                -0.001 0.112450755687 -0.0210022122739 0.0164560508728 -0.00183391571045 -0.0165713988245
* 19 1.81418704987 0.18 0.0 0.0 0.1 0.0 0.163870811462 -0.000439643859863 0.017798922956 0.112                                -0.006 0.112229353379 -0.0128984039637 0.0161291885376 0.000439643859863 -0.017798922956
* 20 1.91501188278 0.19 0.0 0.0 0.1 0.0 0.17906332016 0.00145101547241 0.0161421205848 0.112                                -0.01 0.10826847127 -0.0187604480368 0.0109366798401 -0.00145101547241 -0.0161421205848
* 21 2.0163629055 0.2 0.0 0.0 0.1 0.0 0.191114902496 0.0014443397522 0.0150771997869 0.111                                -0.012 0.106714655913 -0.0177553217156 0.00888509750366 -0.0014443397522 -0.0150771997869
* 22 2.11711406708 0.21 0.0 0.0 0.1 0.0 0.200580596924 0.00194454193115 0.014642694965 0.109                                -0.015 0.107115728727 -0.0194420400775 0.00941940307617 -0.00194454193115 -0.014642694965
* 23 2.21802091599 0.22 0.0 0.0 0.1 0.0 0.208384513855 0.00336313247681 0.0148957083002 0.108                                -0.016 0.108765443309 -0.0254481432188 0.011615486145 -0.00336313247681 -0.0148957083002
* 24 2.31902909279 0.23 0.0 0.0 0.1 0.0 0.220993995667 0.00442790985107 0.0138529222459 0.108                                -0.017 0.106778273957 -0.0287225906902 0.0090060043335 -0.00442790985107 -0.0138529222459
* 25 2.4198679924 0.24 0.0 0.0 0.1 0.0 0.230637550354 0.00344753265381 0.0143389254808 0.108                                -0.021 0.107057072746 -0.0252081637437 0.009362449646 -0.00344753265381 -0.0143389254808
* 26 2.52141094208 0.25 0.0 0.0 0.1 0.0 0.23703622818 0.00653600692749 0.0141472322866 0.107                                -0.023 0.109757644699 -0.0376119873473 0.0129637718201 -0.00653600692749 -0.0141472322866
* 27 2.62215995789 0.26 0.0 0.0 0.1 0.0 0.250372409821 0.00802755355835 0.0108802337199 0.107                                -0.025 0.107234189452 -0.0407848239225 0.00962759017944 -0.00802755355835 -0.0108802337199
* 28 2.72333788872 0.27 0.0 0.0 0.1 0.0 0.261051177979 0.00681209564209 0.0117054935545 0.107                                -0.03 0.106723846033 -0.0365493527523 0.00894882202148 -0.00681209564209 -0.0117054935545
* 29 2.82422709465 0.28 0.0 0.0 0.1 0.0 0.271401882172 0.010561466217 0.0104605853558 0.107                                -0.033 0.106435838234 -0.0505423384493 0.00859811782837 -0.010561466217 -0.0104605853558
* 30 2.92467689514 0.29 0.0 0.0 0.1 0.0 0.279670715332 0.0101752281189 0.00928433984518 0.107                                -0.037 0.10776303122 -0.0481290736614 0.010329284668 -0.0101752281189 -0.00928433984518
* 31 3.02599096298 0.3 0.0 0.0 0.1 0.0 0.288285255432 0.0103235244751 0.00983623508364 0.106                                -0.041 0.108808532674 -0.0492181863285 0.0117147445679 -0.0103235244751 -0.00983623508364
* 32 3.12648487091 0.31 0.0 0.0 0.1 0.0 0.296553611755 0.00990009307861 0.0082631399855 0.107                                -0.044 0.110139243233 -0.0463147351865 0.0134463882446 -0.00990009307861 -0.0082631399855
* 33 3.22718691826 0.32 0.0 0.0 0.1 0.0 0.306302070618 0.0117554664612 0.00551918614656 0.108                                -0.046 0.110345075384 -0.0515123215962 0.0136979293823 -0.0117554664612 -0.00551918614656
* 34 3.3277630806 0.33 0.0 0.0 0.1 0.0 0.316027164459 0.0125594139099 0.00159094727132 0.108                                -0.047 0.110589331803 -0.0515339562854 0.0139728355408 -0.0125594139099 -0.00159094727132
* 35 3.42824196815 0.34 0.0 0.0 0.1 0.0 0.326984405518 0.0109252929688 0.00189824483823 0.109                                -0.048 0.109862204021 -0.0452405867598 0.0130155944824 -0.0109252929688 -0.00189824483823
* 36 3.52873897552 0.35 0.0 0.0 0.1 0.0 0.337484836578 0.0130219459534 0.000532850797754 0.109                                -0.048 0.109493059519 -0.0525188565986 0.0125151634216 -0.0130219459534 -0.000532850797754
* 37 3.62979793549 0.36 0.0 0.0 0.1 0.0 0.351565361023 0.0131812095642 -0.00217277207412 0.109                                -0.048 0.106422925776 -0.0510023896054 0.00843463897705 -0.0131812095642 0.00217277207412
* 38 3.73033690453 0.37 0.0 0.0 0.1 0.0 0.359158992767 0.0128374099731 -0.00114041962661 0.108                                -0.049 0.108238786621 -0.05043463568 0.0108410072327 -0.0128374099731 0.00114041962661
* 39 3.83072900772 0.38 0.0 0.0 0.1 0.0 0.364990234375 0.0148162841797 -0.00140697159804 0.107                                -0.05 0.111407321977 -0.0581127884665 0.015009765625 -0.0148162841797 0.00140697159804
* 40 3.93131494522 0.39 0.0 0.0 0.1 0.0 0.379608154297 0.014087677002 -0.0038135687355 0.108                                -0.051 0.107926845645 -0.053297483386 0.0103918457031 -0.014087677002 0.0038135687355
* 41 4.03185987473 0.4 0.0 0.0 0.1 0.0 0.391974449158 0.0152792930603 -0.00427657784894 0.108                                -0.053 0.106139586444 -0.0577336318166 0.00802555084229 -0.0152792930603 0.00427657784894
* 42 4.13258695602 0.41 0.0 0.0 0.1 0.0 0.4050989151 0.0158615112305 -0.00743180932477 0.107                                -0.054 0.10380626121 -0.0576582517334 0.0049010848999 -0.0158615112305 0.00743180932477
* 43 4.23452591896 0.42 0.0 0.0 0.1 0.0 0.409976959229 0.0163741111755 -0.0079692043364 0.106                                -0.054 0.10770256902 -0.0591266648317 0.0100230407715 -0.0163741111755 0.0079692043364
* 44 4.33504104614 0.43 0.0 0.0 0.1 0.0 0.419939994812 0.0151205062866 -0.00820380821824 0.106                                -0.055 0.107725528126 -0.0539236194835 0.010060005188 -0.0151205062866 0.00820380821824
* 45 4.43678402901 0.44 0.0 0.0 0.1 0.0 0.428278923035 0.0162672996521 -0.00921470299363 0.107                                -0.056 0.109004812015 -0.0576409493713 0.0117210769653 -0.0162672996521 0.00921470299363
* 46 4.53755903244 0.45 0.0 0.0 0.1 0.0 0.440937995911 0.0163016319275 -0.0116465725005 0.107                                -0.056 0.107014417982 -0.0559408227116 0.00906200408936 -0.0163016319275 0.0116465725005
* 47 4.63807606697 0.46 0.0 0.0 0.1 0.0 0.450449466705 0.0161361694336 -0.013324085623 0.107                                -0.057 0.107401993787 -0.0539176850436 0.00955053329468 -0.0161361694336 0.013324085623
* 48 4.73862290382 0.47 0.0 0.0 0.1 0.0 0.460315704346 0.0152220726013 -0.0134323276579 0.107                                -0.056 0.107495354882 -0.0501680627241 0.0096842956543 -0.0152220726013 0.0134323276579
* 49 4.83928704262 0.48 0.0 0.0 0.1 0.0 0.470471382141 0.0167284011841 -0.0136011280119 0.107                                -0.054 0.107394468318 -0.0560665014293 0.00952861785889 -0.0167284011841 0.0136011280119
* 50 4.94096708298 0.49 0.0 0.0 0.1 0.0 0.479579925537 0.0158834457397 -0.0137251056731 0.107                                -0.053 0.108063563513 -0.0525391275081 0.0104200744629 -0.0158834457397 0.0137251056731
* 51 5.04203104973 0.5 0.0 0.0 0.1 0.0 0.489190101624 0.0140380859375 -0.0136440433562 0.106                                -0.054 0.10833942584 -0.0452020717492 0.0108098983765 -0.0140380859375 0.0136440433562
* 52 5.14254593849 0.51 0.0 0.0 0.1 0.0 0.497560024261 0.0142097473145 -0.0130313076079 0.107                                -0.053 0.109572516893 -0.046295677917 0.0124399757385 -0.0142097473145 0.0130313076079
* 53 5.24305200577 0.52 0.0 0.0 0.1 0.0 0.507715702057 0.0156373977661 -0.0135787166655 0.107                                -0.049 0.109474194785 -0.0515711037891 0.0122842979431 -0.0156373977661 0.0135787166655
* 54 5.34371209145 0.53 0.0 0.0 0.1 0.0 0.515078544617 0.0135941505432 -0.0125964321196 0.108                                -0.049 0.11144571349 -0.0440604599284 0.0149214553833 -0.0135941505432 0.0125964321196
* 55 5.44429707527 0.54 0.0 0.0 0.1 0.0 0.526238918304 0.0155401229858 -0.0156248249114 0.108                                -0.049 0.110614718972 -0.0494344730007 0.0137610816956 -0.0155401229858 0.0156248249114
* 56 5.54492592812 0.55 0.0 0.0 0.1 0.0 0.536276817322 0.0129141807556 -0.0135310329497 0.109                                -0.047 0.110537671586 -0.0406399295546 0.0137231826782 -0.0129141807556 0.0135310329497
* 57 5.64666295052 0.56 0.0 0.0 0.1 0.0 0.546750068665 0.0148878097534 -0.0158756412566 0.11                                -0.047 0.110221494283 -0.0466536007963 0.0132499313354 -0.0148878097534 0.0158756412566
* 58 5.74733710289 0.57 0.0 0.0 0.1 0.0 0.556411743164 0.0141434669495 -0.0134094394743 0.11                                -0.045 0.110446778601 -0.0456629107133 0.0135882568359 -0.0141434669495 0.0134094394743
* 59 5.84801006317 0.58 0.0 0.0 0.1 0.0 0.566293239594 0.0163431167603 -0.0156419910491 0.109                                -0.046 0.110583202153 -0.0526354641537 0.0137067604065 -0.0163431167603 0.0156419910491
* 60 5.94868993759 0.59 0.0 0.0 0.1 0.0 0.574966430664 0.0156402587891 -0.0147913135588 0.109                                -0.046 0.111573058156 -0.0504389414144 0.0150335693359 -0.0156402587891 0.0147913135588
* 61 6.04922795296 0.6 0.0 0.0 0.1 0.0 0.587388038635 0.0173263549805 -0.0152338184416 0.11                                -0.047 0.109759405402 -0.0569672393589 0.0126119613647 -0.0173263549805 0.0152338184416
* 62 6.15004110336 0.61 0.0 0.0 0.1 0.0 0.595086097717 0.0184645652771 -0.0178545154631 0.11                                -0.049 0.111551306252 -0.0592307991177 0.0149139022827 -0.0184645652771 0.0178545154631
* 63 6.25056290627 0.62 0.0 0.0 0.1 0.0 0.606249809265 0.0199484825134 -0.0189541019499 0.11                                -0.052 0.110702768954 -0.0643520175714 0.0137501907349 -0.0199484825134 0.0189541019499
* 64 6.35169887543 0.63 0.0 0.0 0.1 0.0 0.617723941803 0.0221853256226 -0.0200536884367 0.111                                -0.054 0.109632523839 -0.0725191249992 0.012276058197 -0.0221853256226 0.0200536884367
* 65 6.45238804817 0.64 0.0 0.0 0.1 0.0 0.627334594727 0.0262894630432 -0.0224178470671 0.11                                -0.059 0.110032074659 -0.0869818502007 0.0126654052734 -0.0262894630432 0.0224178470671
* 66 6.5529499054 0.65 0.0 0.0 0.1 0.0 0.637560367584 0.0254373550415 -0.02335197106 0.111                                -0.064 0.109861961397 -0.082836924628 0.0124396324158 -0.0254373550415 0.02335197106
* 67 6.65352487564 0.66 0.0 0.0 0.1 0.0 0.646252632141 0.0237183570862 -0.0235036052763 0.11                                -0.072 0.110826065895 -0.0757169105328 0.0137473678589 -0.0237183570862 0.0235036052763
* 68 6.75415587425 0.67 0.0 0.0 0.1 0.0 0.651620388031 0.0267815589905 -0.0264156498015 0.11                                -0.075 0.114446247033 -0.0850989821663 0.018379611969 -0.0267815589905 0.0264156498015
* 69 6.85635304451 0.68 0.0 0.0 0.1 0.0 0.665572166443 0.0245461463928 -0.0257461704314 0.11                                -0.076 0.111392763337 -0.0771263945905 0.0144278335571 -0.0245461463928 0.0257461704314
* 70 6.95709300041 0.69 0.0 0.0 0.1 0.0 0.677257537842 0.0238313674927 -0.0268757976592 0.111                                -0.079 0.110117280059 -0.0735240581206 0.0127424621582 -0.0238313674927 0.0268757976592
* 71 7.05776190758 0.7 0.0 0.0 0.1 0.0 0.681893825531 0.0269141197205 -0.0328038372099 0.111                                -0.078 0.114350371026 -0.0803268160498 0.018106174469 -0.0269141197205 0.0328038372099
* 72 7.15846300125 0.71 0.0 0.0 0.1 0.0 0.693952083588 0.0268812179565 -0.0335229076445 0.111                                -0.076 0.112800271767 -0.0798708737215 0.0160479164124 -0.0268812179565 0.0335229076445
* 73 7.25942897797 0.72 0.0 0.0 0.1 0.0 0.705697059631 0.0263543128967 -0.0328205265105 0.111                                -0.078 0.111451810477 -0.0785740683289 0.0143029403687 -0.0263543128967 0.0328205265105
* 74 7.35994005203 0.73 0.0 0.0 0.1 0.0 0.713771820068 0.0250902175903 -0.0357545055449 0.112                                -0.078 0.112925235637 -0.07084053778 0.0162281799316 -0.0250902175903 0.0357545055449
* 75 7.46056890488 0.74 0.0 0.0 0.1 0.0 0.727659702301 0.0249328613281 -0.0348156131804 0.111                                -0.078 0.109958024352 -0.0715296222799 0.012340297699 -0.0249328613281 0.0348156131804
* 76 7.56103992462 0.75 0.0 0.0 0.1 0.0 0.737408638 0.0238800048828 -0.0352028049529 0.111                                -0.075 0.110126167347 -0.0669711502973 0.0125913619995 -0.0238800048828 0.0352028049529
* 77 7.66162610054 0.76 0.0 0.0 0.1 0.0 0.751560211182 0.0254030227661 -0.0372698940337 0.11                                -0.073 0.107049837026 -0.0719977576804 0.00843978881836 -0.0254030227661 0.0372698940337
* 78 7.7620549202 0.77 0.0 0.0 0.1 0.0 0.757159233093 0.0216660499573 -0.039299312979 0.109                                -0.071 0.110306767413 -0.0547531895806 0.0128407669067 -0.0216660499573 0.039299312979
* 79 7.86266994476 0.78 0.0 0.0 0.1 0.0 0.767711639404 0.0222663879395 -0.0414026416838 0.109                                -0.07 0.109931984397 -0.0555323287992 0.0122883605957 -0.0222663879395 0.0414026416838
* 80 7.96327996254 0.79 0.0 0.0 0.1 0.0 0.778721809387 0.0239586830139 -0.0445097126067 0.109                                -0.063 0.109261097169 -0.0599520280179 0.0112781906128 -0.0239586830139 0.0445097126067
* 81 8.06378006935 0.8 0.0 0.0 0.1 0.0 0.785242557526 0.027792930603 -0.048540417105 0.109                                -0.061 0.112092611821 -0.0713369872971 0.0147574424744 -0.027792930603 0.048540417105
* 82 8.16424393654 0.81 0.0 0.0 0.1 0.0 0.797125339508 0.0270624160767 -0.0482352413237 0.109                                -0.061 0.11063382224 -0.0690326992574 0.0128746604919 -0.0270624160767 0.0482352413237
* 83 8.26472306252 0.82 0.0 0.0 0.1 0.0 0.803970813751 0.0280776023865 -0.0504348911345 0.11                                -0.064 0.113096952839 -0.0706578576587 0.0160291862488 -0.0280776023865 0.0504348911345
* 84 8.36535286903 0.83 0.0 0.0 0.1 0.0 0.816268920898 0.0275115966797 -0.0520075000823 0.11                                -0.066 0.111357276013 -0.0675714883891 0.0137310791016 -0.0275115966797 0.0520075000823
* 85 8.46582603455 0.84 0.0 0.0 0.1 0.0 0.828041553497 0.0278115272522 -0.0549510158598 0.111                                -0.068 0.11007047377 -0.0667461098581 0.0119584465027 -0.0278115272522 0.0549510158598
* 86 8.56638908386 0.85 0.0 0.0 0.1 0.0 0.832793235779 0.0274515151978 -0.0611947216094 0.11                                -0.067 0.114121540194 -0.058947771828 0.0172067642212 -0.0274515151978 0.0611947216094
* 87 8.6669318676 0.86 0.0 0.0 0.1 0.0 0.840713977814 0.0268273353577 -0.0654624179006 0.11                                -0.067 0.115723417558 -0.0523505811443 0.0192860221863 -0.0268273353577 0.0654624179006
* 88 8.76749897003 0.87 0.0 0.0 0.1 0.0 0.850517272949 0.0259308815002 -0.067832775414 0.112                                -0.062 0.115856305106 -0.04672131305 0.0194827270508 -0.0259308815002 0.067832775414
* 89 8.86803889275 0.88 0.0 0.0 0.1 0.0 0.867341518402 0.02508020401 -0.073023147881 0.113                                -0.058 0.110703735303 -0.0409386243626 0.0126584815979 -0.02508020401 0.073023147881
* 90 8.9693210125 0.89 0.0 0.0 0.1 0.0 0.878112792969 0.0239958763123 -0.0728691294789 0.113                                -0.053 0.110058324582 -0.0369632290432 0.0118872070313 -0.0239958763123 0.0728691294789
* 91 9.06992888451 0.9 0.0 0.0 0.1 0.0 0.89010477066 0.0233526229858 -0.0730345919728 0.112                                -0.049 0.108516617117 -0.0348439094918 0.0098952293396 -0.0233526229858 0.0730345919728
* 92 9.17065691948 0.91 0.0 0.0 0.1 0.0 0.900592803955 0.0230255126953 -0.0738743022084 0.111                                -0.044 0.108137129899 -0.0330069198409 0.00940719604492 -0.0230255126953 0.0738743022084
* 93 9.27139496803 0.92 0.0 0.0 0.1 0.0 0.908622741699 0.0230460166931 -0.075129814446 0.11                                -0.041 0.109641119303 -0.0314886333984 0.0113772583008 -0.0230460166931 0.075129814446
* 94 9.37201595306 0.93 0.0 0.0 0.1 0.0 0.913341522217 0.0258736610413 -0.0798872187734 0.109                                -0.037 0.113850700707 -0.0372168963195 0.0166584777832 -0.0258736610413 0.0798872187734
* 95 9.47281289101 0.94 0.0 0.0 0.1 0.0 0.919978141785 0.0245504379272 -0.0810912325978 0.11                                -0.035 0.116326253592 -0.0298478598979 0.0200218582153 -0.0245504379272 0.0810912325978
* 96 9.57346892357 0.95 0.0 0.0 0.1 0.0 0.932194232941 0.0244889259338 -0.0794032290578 0.112                                -0.034 0.114630191853 -0.0317348522732 0.0178057670593 -0.0244889259338 0.0794032290578
* 97 9.67410206795 0.96 0.0 0.0 0.1 0.0 0.947689533234 0.0206632614136 -0.0791376307607 0.113                                -0.033 0.110240537404 -0.0184403051563 0.0123104667664 -0.0206632614136 0.0791376307607
* 98 9.77463006973 0.97 0.0 0.0 0.1 0.0 0.958385944366 0.0217652320862 -0.0849512293935 0.113                                -0.032 0.10982363569 -0.0183317523273 0.0116140556335 -0.0217652320862 0.0849512293935
* 99 9.87553405762 0.98 0.0 0.0 0.1 0.0 0.967025756836 0.0227446556091 -0.0868313983083 0.112                                -0.027 0.110929912054 -0.0202348384663 0.0129742431641 -0.0227446556091 0.0868313983083
* 100 9.97595310211 0.99 0.0 0.0 0.1 0.0 0.974581241608 0.0221581459045 -0.0861547663808 0.111                                -0.023 0.112734769177 -0.0176099456028 0.0154187583923 -0.0221581459045 0.0861547663808
* 101 10.0764379501 1.0 0.0 0.0 0.1 0.0 0.98623418808 0.0194191932678 -0.0856879428029 0.111                                -0.022 0.111303623795 -0.00764671885412 0.0137658119202 -0.0194191932678 0.0856879428029
* 102 10.1770510674 1.0 0.01 1.57079632679 0.1 0.0 0.99240398407 0.0237846374512 -0.0879266932607 0.111                                -0.02 -0.00211995684096 1.20662484322 0.00759601593018 -0.0137846374512 1.65872302006
* 103 10.2776479721 1.0 0.02 1.57079632679 0.1 0.0 0.999403476715 0.0203833580017 -0.087309665978 0.1                                0.086 -0.00824350296502 1.25709444275 0.000596523284913 -0.000383358001709 1.65810599277
* 104 10.3781609535 1.0 0.03 1.57079632679 0.1 0.0 1.01123476028 0.0243492126465 -0.0867322161794 0.079                                0.327 -0.0175283824283 1.27660112488 -0.0112347602844 0.00565078735352 1.65752854297
* 105 10.4787940979 1.0 0.04 1.57079632679 0.1 0.0 1.020652771 0.0193696022034 -0.0497062839568 0.057                                0.641 -0.0214015227893 1.30819007824 -0.0206527709961 0.0206303977966 1.62050261075
* 106 10.5792429447 1.0 0.05 1.57079632679 0.1 0.0 1.02754735947 0.0251603126526 0.0170306395739 0.042                                0.8 -0.0188799162992 1.28044609173 -0.0275473594666 0.0248396873474 1.55376568722
* 107 10.6796700954 1.0 0.06 1.57079632679 0.1 0.0 1.03271532059 0.0245485305786 0.0955199897289 0.027                                0.958 -0.0126123842276 1.27329633168 -0.0327153205872 0.0354514694214 1.47527633707
* 108 10.7801320553 1.0 0.07 1.57079632679 0.1 0.0 1.03274202347 0.0202574729919 0.182629287243 0.019                                1.014 0.000581728517907 1.27299172813 -0.032742023468 0.0497425270081 1.38816703955
* 109 10.8806419373 1.0 0.08 1.57079632679 0.1 0.0 1.03228664398 0.0194826126099 0.256579756737 0.011                                1.109 0.0133313981133 1.26433932539 -0.0322866439819 0.0605173873901 1.31421657006
* 110 10.9813110828 1.0 0.09 1.57079632679 0.1 0.0 1.03326940536 0.0214223861694 0.323879778385 0.009                                1.161 0.0244515064811 1.24874313659 -0.033269405365 0.0685776138306 1.24691654841
* 111 11.0818679333 1.0 0.1 1.57079632679 0.1 0.0 1.0833067894 0.0500993728638 0.358442753553 0.012                                1.199 -0.0108393444529 1.22392984043 -0.0833067893982 0.0499006271362 1.21235357324
* 112 11.182929039 1.0 0.11 1.57079632679 0.1 0.0 1.08559083939 0.0502333641052 0.435470044613 0.014                                1.213 0.00242165139515 1.22282837622 -0.085590839386 0.0597666358948 1.13532628218
* 113 11.2839999199 1.0 0.12 1.57079632679 0.1 0.0 1.08659029007 0.0593948364258 0.498705804348 0.005                                1.218 0.0121151961121 1.1922147361 -0.0865902900696 0.0606051635742 1.07209052245
* 114 11.3848509789 1.0 0.13 1.57079632679 0.1 0.0 1.08693361282 0.0623388290405 0.568651914597 0.004                                1.215 0.0259072505813 1.17588065615 -0.0869336128235 0.0676611709595 1.0021444122
* 115 11.485352993 1.0 0.14 1.57079632679 0.1 0.0 1.08702754974 0.0644721984863 0.637421190739 0.007                                1.204 0.0405466214721 1.15833758397 -0.0870275497437 0.0755278015137 0.933375136056
* 116 11.5858829021 1.0 0.15 1.57079632679 0.1 0.0 1.08992290497 0.0643930435181 0.698320686817 0.013                                1.196 0.0537935643894 1.15569317081 -0.0899229049683 0.0856069564819 0.872475639978
* 117 11.6870589256 1.0 0.16 1.57079632679 0.1 0.0 1.08959960938 0.0687394142151 0.758328676224 0.026                                1.176 0.0670349144735 1.12810922014 -0.089599609375 0.0912605857849 0.812467650571
* 118 11.7876930237 1.0 0.17 1.57079632679 0.1 0.0 1.09121322632 0.0740022659302 0.824464440346 0.034                                1.167 0.0799080143892 1.09500608696 -0.0912132263184 0.0959977340698 0.746331886449
* 119 11.8882858753 1.0 0.18 1.57079632679 0.1 0.0 1.09459543228 0.0776824951172 0.895106375217 0.049                                1.135 0.093716872849 1.06402678375 -0.0945954322815 0.102317504883 0.675689951577
* 120 11.9893119335 1.0 0.19 1.57079632679 0.1 0.0 1.09856796265 0.0889039039612 0.959810376167 0.056                                1.116 0.101838269279 1.01863236346 -0.0985679626465 0.101096096039 0.610985950628
* 121 12.0908780098 1.0 0.2 1.57079632679 0.1 0.0 1.10277080536 0.100465297699 1.006103158 0.071                                1.07 0.106548293561 0.988902331452 -0.102770805359 0.099534702301 0.564693168798
* 122 12.1913609505 1.0 0.21 1.57079632679 0.1 0.0 1.10685253143 0.123154640198 1.05101311207 0.079                                1.042 0.103719189605 0.937990038881 -0.106852531433 0.0868453598022 0.519783214727
* 123 12.2918419838 1.0 0.22 1.57079632679 0.1 0.0 1.11343383789 0.13714838028 1.08713841438 0.088                                1.007 0.104163868901 0.922873232179 -0.113433837891 0.0828516197205 0.483657912412
* 124 12.3928608894 1.0 0.23 1.57079632679 0.1 0.0 1.11726522446 0.148500919342 1.12353742123 0.093                                0.984 0.107441627798 0.903359839748 -0.117265224457 0.081499080658 0.447258905568
* 125 12.4935429096 1.0 0.24 1.57079632679 0.1 0.0 1.1190199852 0.159697055817 1.16168403625 0.098                                0.956 0.111730745962 0.875061962874 -0.119019985199 0.0803029441833 0.40911229054
* 126 12.5941340923 1.0 0.25 1.57079632679 0.1 0.0 1.12258005142 0.17337179184 1.20221233368 0.1                                0.935 0.114015819759 0.847560135161 -0.122580051422 0.0766282081604 0.368583993116
* 127 12.6945970058 1.0 0.26 1.57079632679 0.1 0.0 1.1250371933 0.182534694672 1.23637616634 0.105                                0.906 0.118847987736 0.827951097378 -0.125037193298 0.0774653053284 0.334420160451
* 128 12.7950270176 1.0 0.27 1.57079632679 0.1 0.0 1.12457036972 0.187094211578 1.27637577057 0.108                                0.887 0.128475865576 0.796522335673 -0.12457036972 0.0829057884216 0.294420556226
* 129 12.8955440521 1.0 0.28 1.57079632679 0.1 0.0 1.12694168091 0.199666500092 1.31933820248 0.113                                0.863 0.131935004827 0.762594284471 -0.126941680908 0.0803334999084 0.251458124318
* 130 12.9966249466 1.0 0.29 1.57079632679 0.1 0.0 1.12833833694 0.207570552826 1.3569227457 0.12                                0.826 0.138182557216 0.733957336584 -0.128338336945 0.0824294471741 0.21387358109
* 131 13.0970780849 1.0 0.3 1.57079632679 0.1 0.0 1.12364435196 0.218024253845 1.39277863503 0.124                                0.803 0.14303468016 0.679932070797 -0.123644351959 0.0819757461548 0.17801769177
* 132 13.1975369453 1.0 0.31 1.57079632679 0.1 0.0 1.12597513199 0.231427192688 1.42981719971 0.13                                0.764 0.144614651104 0.650058786731 -0.125975131989 0.078572807312 0.140979127088
* 133 13.2979650497 1.0 0.32 1.57079632679 0.1 0.0 1.1231713295 0.24643945694 1.46611988544 0.135                                0.736 0.145208244588 0.600176406885 -0.123171329498 0.0735605430603 0.10467644135
* 134 13.3983969688 1.0 0.33 1.57079632679 0.1 0.0 1.12603235245 0.26301574707 1.5036689043 0.138                                0.692 0.144081717762 0.571912557754 -0.126032352448 0.0669842529297 0.0671274224904
* 135 13.4991970062 1.0 0.34 1.57079632679 0.1 0.0 1.12686300278 0.282155036926 1.53452944756 0.14                                0.661 0.140315523666 0.543032537134 -0.126863002777 0.0578449630737 0.0362668792394
* 136 13.5996580124 1.0 0.35 1.57079632679 0.1 0.0 1.12277984619 0.294364929199 1.5554497242 0.141                                0.617 0.140777310384 0.506123907805 -0.122779846191 0.0556350708008 0.0153466025975
* 137 13.7003440857 1.0 0.36 1.57079632679 0.1 0.0 1.11723184586 0.308847904205 1.57900071144 0.14                                0.589 0.139546997191 0.461006244116 -0.117231845856 0.0511520957947 -0.00820438464614
* 138 13.800978899 1.0 0.37 1.57079632679 0.1 0.0 1.11911249161 0.327627658844 1.60119783878 0.14                                0.547 0.134845150897 0.448004738911 -0.119112491608 0.042372341156 -0.0304015119884
* 139 13.9016819 1.0 0.38 1.57079632679 0.1 0.0 1.11647558212 0.33854675293 1.61656451225 0.14                                0.518 0.135367577426 0.423092523707 -0.116475582123 0.0414532470703 -0.0457681854579
* 140 14.0022320747 1.0 0.39 1.57079632679 0.1 0.0 1.11141586304 0.353128910065 1.63248622417 0.137                                0.488 0.132952846983 0.38890383741 -0.111415863037 0.0368710899353 -0.0616898973796
* 141 14.1026690006 1.0 0.4 1.57079632679 0.1 0.0 1.10673809052 0.367247581482 1.64808547497 0.137                                0.468 0.130739446304 0.356903885553 -0.106738090515 0.0327524185181 -0.0772891481731
* 142 14.2030889988 1.0 0.41 1.57079632679 0.1 0.0 1.10855388641 0.377307891846 1.66761231422 0.134                                0.428 0.132190957766 0.346063236838 -0.108553886414 0.0326921081543 -0.0968159874293
* 143 14.3036289215 1.0 0.42 1.57079632679 0.1 0.0 1.10499715805 0.39061832428 1.68236458302 0.133                                0.405 0.130410889257 0.319618026442 -0.104997158051 0.0293816757202 -0.111568256221
* 144 14.4044680595 1.0 0.43 1.57079632679 0.1 0.0 1.10341930389 0.40319442749 1.69623529911 0.132                                0.376 0.129218309026 0.301810792814 -0.103419303894 0.0268055725098 -0.125438972316
* 145 14.5049200058 1.0 0.44 1.57079632679 0.1 0.0 1.09807634354 0.413896083832 1.71489536762 0.131                                0.356 0.129258604687 0.263881735486 -0.0980763435364 0.0261039161682 -0.144099040827
* 146 14.605711937 1.0 0.45 1.57079632679 0.1 0.0 1.09116601944 0.430391788483 1.73108243942 0.13                                0.33 0.124451787515 0.2258231494 -0.0911660194397 0.0196082115173 -0.160286112628
* 147 14.7062060833 1.0 0.46 1.57079632679 0.1 0.0 1.09059429169 0.442075252533 1.74171972275 0.13                                0.309 0.123643414634 0.215179464458 -0.090594291687 0.017924747467 -0.170923395953
* 148 14.8066620827 1.0 0.47 1.57079632679 0.1 0.0 1.08839941025 0.454015254974 1.74909675121 0.127                                0.272 0.122252867511 0.201331350892 -0.0883994102478 0.0159847450256 -0.178300424418
* 149 14.9078800678 1.0 0.48 1.57079632679 0.1 0.0 1.08174943924 0.469611167908 1.75564289093 0.126                                0.251 0.117450020027 0.173500804876 -0.0817494392395 0.0103888320923 -0.184846564135
* 150 15.008357048 1.0 0.49 1.57079632679 0.1 0.0 1.07583522797 0.478647708893 1.76166510582 0.123                                0.226 0.117562149234 0.14435829638 -0.0758352279663 0.0113522911072 -0.190868779025
* 151 15.1094999313 1.0 0.5 1.57079632679 0.1 0.0 1.07332515717 0.490364074707 1.76914918423 0.121                                0.206 0.116175082482 0.129415278285 -0.0733251571655 0.00963592529297 -0.198352857432
* 152 15.2102050781 1.0 0.51 1.57079632679 0.1 0.0 1.07016992569 0.500227928162 1.77377891541 0.119                                0.18 0.115946991038 0.112984433176 -0.0701699256897 0.00977207183838 -0.20298258861
* 153 15.3107528687 1.0 0.52 1.57079632679 0.1 0.0 1.06859493256 0.510369777679 1.77763342857 0.118                                0.163 0.115712879234 0.103642241914 -0.0685949325562 0.00963022232056 -0.206837101779
* 154 15.4111280441 1.0 0.53 1.57079632679 0.1 0.0 1.06415987015 0.522443294525 1.78196799755 0.117                                0.139 0.113592857667 0.0843347470053 -0.0641598701477 0.00755670547485 -0.211171670756
* 155 15.5115180016 1.0 0.54 1.57079632679 0.1 0.0 1.05831670761 0.534471035004 1.78421974182 0.116                                0.126 0.111206555956 0.0613130906989 -0.0583167076111 0.00552896499634 -0.213423415026
* 156 15.6119110584 1.0 0.55 1.57079632679 0.1 0.0 1.05388879776 0.547427177429 1.78503596783 0.115                                0.107 0.108317080681 0.0458428097636 -0.05388879776 0.0025728225708 -0.214239641032
* 157 15.7123780251 1.0 0.56 1.57079632679 0.1 0.0 1.05205011368 0.557218074799 1.78594601154 0.113                                0.091 0.108190795156 0.037737454764 -0.052050113678 0.00278192520142 -0.215149684748
* 158 15.8129210472 1.0 0.57 1.57079632679 0.1 0.0 1.04840612411 0.566032409668 1.78642344475 0.111                                0.071 0.108486091518 0.0220955195093 -0.048406124115 0.00396759033203 -0.215627117953
* 159 15.9145009518 1.0 0.58 1.57079632679 0.1 0.0 1.04518890381 0.574602603912 1.78770542145 0.11                                0.059 0.109037988539 0.00725125587636 -0.0451889038086 0.00539739608765 -0.216909094653
* 160 16.0155808926 1.0 0.59 1.57079632679 0.1 0.0 1.04283428192 0.592186927795 1.78905165195 0.109                                0.04 0.103046335097 0.00352241362636 -0.0428342819214 -0.00218692779541 -0.21825532516
* 161 16.1188149452 1.0 0.6 1.57079632679 0.1 0.0 1.03872060776 0.602003574371 1.79064381123 0.109                                0.031 0.102517778668 -0.013950222377 -0.0387206077576 -0.00200357437134 -0.219847484431
* 162 16.2193369865 1.0 0.61 1.57079632679 0.1 0.0 1.03872060776 0.602003574371 1.79064381123 0.106                                0.02 0.109924572071 -0.0226734536165 -0.0387206077576 0.00799642562866 -0.219847484431
* 163 16.3198349476 1.0 0.62 1.57079632679 0.1 0.0 1.03236293793 0.622752189636 1.79084897041 0.105                                0.009 0.100911561203 -0.0382750644211 -0.0323629379272 -0.00275218963623 -0.220052643618
* 164 16.4203279018 1.0 0.63 1.57079632679 0.1 0.0 1.03179788589 0.630695343018 1.79034876823 0.105                                -0.008 0.102340414355 -0.041884511108 -0.0317978858948 -0.000695343017578 -0.219552441439
* 165 16.5209450722 1.0 0.64 1.57079632679 0.1 0.0 1.02713632584 0.636107444763 1.79036283493 0.104                                -0.016 0.104968243145 -0.0640912163241 -0.0271363258362 0.00389255523682 -0.219566508136
* 166 16.6213929653 1.0 0.65 1.57079632679 0.1 0.0 1.02466964722 0.643977165222 1.79090845585 0.103                                -0.031 0.106135972825 -0.0760156725557 -0.0246696472168 0.00602283477783 -0.220112129054
* 167 16.7219688892 1.0 0.66 1.57079632679 0.1 0.0 1.02325439453 0.652285575867 1.79032886028 0.104                                -0.038 0.10715770109 -0.082548367297 -0.0232543945312 0.0077144241333 -0.219532533488
* 168 16.8226020336 1.0 0.67 1.57079632679 0.1 0.0 1.02072143555 0.661822319031 1.78995382786 0.105                                -0.054 0.107085116797 -0.092537205716 -0.0207214355469 0.00817768096924 -0.219157501063
* 169 16.9231550694 1.0 0.68 1.57079632679 0.1 0.0 1.01868057251 0.673705101013 1.79046869278 0.105                                -0.063 0.105349003467 -0.0992798553611 -0.0186805725098 0.00629489898682 -0.219672365985
* 170 17.0248310566 1.0 0.69 1.57079632679 0.1 0.0 1.01336145401 0.684267997742 1.78830635548 0.106                                -0.075 0.104079900395 -0.117839830828 -0.01336145401 0.0057320022583 -0.217510028681
* 171 17.1255950928 1.0 0.7 1.57079632679 0.1 0.0 1.01075124741 0.693846702576 1.7854834795 0.105                                -0.088 0.1040054648 -0.12616200243 -0.010751247406 0.00615329742432 -0.214687152705
* 172 17.2264370918 1.0 0.71 1.57079632679 0.1 0.0 1.00943803787 0.701344966888 1.78040742874 0.104                                -0.098 0.105726589681 -0.129361553067 -0.00943803787231 0.00865503311157 -0.209611101947
* 173 17.3268809319 1.0 0.72 1.57079632679 0.1 0.0 1.00592947006 0.710781097412 1.77531659603 0.104                                -0.11 0.105680656746 -0.139485748547 -0.00592947006226 0.00921890258789 -0.204520269236
* 174 17.4273920059 1.0 0.73 1.57079632679 0.1 0.0 1.00248241425 0.719834327698 1.77261924744 0.105                                -0.117 0.105906547178 -0.151595777604 -0.0024824142456 0.0101656723022 -0.201822920642
* 175 17.5284459591 1.0 0.74 1.57079632679 0.1 0.0 1.00163698196 0.72870016098 1.76926350594 0.105                                -0.127 0.106689579632 -0.153118420563 -0.00163698196411 0.0112998390198 -0.198467179141
* 176 17.6294419765 1.0 0.75 1.57079632679 0.1 0.0 1.0020108223 0.739498138428 1.76641154289 0.105                                -0.135 0.106207801198 -0.148736610523 -0.00201082229614 0.0105018615723 -0.195615216098
* 177 17.7302730083 1.0 0.76 1.57079632679 0.1 0.0 0.999050140381 0.747706413269 1.76154208183 0.105                                -0.142 0.107210593083 -0.15781940041 0.000949859619141 0.012293586731 -0.190745755038
* 178 17.831512928 1.0 0.77 1.57079632679 0.1 0.0 0.995953083038 0.7570977211 1.7571952343 0.105                                -0.144 0.10732112285 -0.166938361792 0.00404691696167 0.0129022789001 -0.186398907504
* 179 17.9320449829 1.0 0.78 1.57079632679 0.1 0.0 0.994369983673 0.768245697021 1.75125145912 0.106                                -0.152 0.106385357723 -0.167548726848 0.0056300163269 0.0117543029785 -0.180455132327
* 180 18.0324919224 1.0 0.79 1.57079632679 0.1 0.0 0.991976261139 0.776152133942 1.74305939674 0.106                                -0.155 0.107830346134 -0.171853189485 0.00802373886108 0.0138478660584 -0.172263069949
* 181 18.1329400539 1.0 0.8 1.57079632679 0.1 0.0 0.989101409912 0.785327911377 1.73289895058 0.106                                -0.162 0.108343401934 -0.175522010718 0.0108985900879 0.014672088623 -0.162102623782
* 182 18.2334079742 1.0 0.81 1.57079632679 0.1 0.0 0.986321926117 0.797955513 1.72485721111 0.106                                -0.164 0.106255487736 -0.178381288392 0.0136780738831 0.0120444869995 -0.154060884318
* 183 18.3340129852 1.0 0.82 1.57079632679 0.1 0.0 0.982550621033 0.80949306488 1.71570634842 0.106                                -0.169 0.104930159539 -0.185113883536 0.0174493789673 0.0105069351196 -0.144910021624
* 184 18.4348618984 1.0 0.83 1.57079632679 0.1 0.0 0.983591556549 0.816241264343 1.70983088017 0.106                                -0.173 0.1076505648 -0.178147361899 0.0164084434509 0.0137587356567 -0.13903455337
* 185 18.5356800556 1.0 0.84 1.57079632679 0.1 0.0 0.982780456543 0.823307514191 1.70452618599 0.106                                -0.176 0.109920268382 -0.178659565409 0.017219543457 0.0166924858093 -0.133729859194
* 186 18.6364619732 1.0 0.85 1.57079632679 0.1 0.0 0.980495452881 0.831376552582 1.69775319099 0.107                                -0.177 0.111341340846 -0.183175879845 0.0195045471191 0.0186234474182 -0.126956864199
* 187 18.7377090454 1.0 0.86 1.57079632679 0.1 0.0 0.980014801025 0.840929508209 1.69292533398 0.108                                -0.177 0.111773017351 -0.181327856556 0.0199851989746 0.0190704917908 -0.122129007182
* 188 18.8392009735 1.0 0.87 1.57079632679 0.1 0.0 0.978789329529 0.851195335388 1.68625056744 0.109                                -0.179 0.111656550442 -0.180566487342 0.0212106704712 0.0188046646118 -0.115454240641
* 189 18.9403159618 1.0 0.88 1.57079632679 0.1 0.0 0.978247642517 0.859286308289 1.68036735058 0.11                                -0.18 0.113221344407 -0.178706529923 0.0217523574829 0.0207136917114 -0.109571023783
* 190 19.0447769165 1.0 0.89 1.57079632679 0.1 0.0 0.977208614349 0.872460842133 1.67437005043 0.11                                -0.18 0.110915694319 -0.176537317866 0.0227913856506 0.0175391578674 -0.103573723635
* 191 19.147744894 1.0 0.9 1.57079632679 0.1 0.0 0.974974155426 0.883833885193 1.66678965092 0.111                                -0.179 0.109931921619 -0.178694158401 0.025025844574 0.0161661148071 -0.0959933241222
* 192 19.2482180595 1.0 0.91 1.57079632679 0.1 0.0 0.973992824554 0.891813755035 1.65883421898 0.111                                -0.178 0.111626198645 -0.176837923282 0.0260071754456 0.0181862449646 -0.088037892184
* 193 19.3486659527 1.0 0.92 1.57079632679 0.1 0.0 0.971614837646 0.901747226715 1.64842450619 0.11                                -0.179 0.111839355728 -0.177776388924 0.0283851623535 0.0182527732849 -0.0776281793925
* 194 19.4491488934 1.0 0.93 1.57079632679 0.1 0.0 0.971584796906 0.910888671875 1.63941991329 0.111                                -0.177 0.112756222845 -0.170716767234 0.0284152030945 0.019111328125 -0.068623586497
* 195 19.5496430397 1.0 0.94 1.57079632679 0.1 0.0 0.969495296478 0.922651767731 1.63142871857 0.111                                -0.177 0.111555562849 -0.172016226385 0.0305047035217 0.0173482322693 -0.060632391772
* 196 19.650094986 1.0 0.95 1.57079632679 0.1 0.0 0.970818042755 0.932023525238 1.62601149082 0.111                                -0.174 0.112247737054 -0.162423581342 0.0291819572449 0.017976474762 -0.0552151640269
* 197 19.7507240772 1.0 0.96 1.57079632679 0.1 0.0 0.968554019928 0.94079875946 1.61965930462 0.111                                -0.172 0.113270276721 -0.166469608608 0.031445980072 0.0192012405396 -0.0488629778239
* 198 19.8518340588 1.0 0.97 1.57079632679 0.1 0.0 0.968615531921 0.949676990509 1.61525511742 0.111                                -0.167 0.114251404644 -0.162768629564 0.0313844680786 0.020323009491 -0.0444587906215
* 199 19.9525029659 1.0 0.98 1.57079632679 0.1 0.0 0.969114780426 0.958992004395 1.608974576 0.112                                -0.167 0.114964769498 -0.155633522504 0.030885219574 0.0210079956055 -0.0381782492015
* 200 20.05311203 1.0 0.99 1.57079632679 0.1 0.0 0.969630241394 0.968883991241 1.59888327122 0.112                                -0.164 0.115332870209 -0.145119638409 0.030369758606 0.0211160087585 -0.0280869444224
* 201 20.1538779736 1.0 1.0 1.57079632679 0.1 0.0 0.969049930573 0.977128505707 1.59307479858 0.113                                -0.161 0.116805854901 -0.142715726505 0.0309500694275 0.0228714942932 -0.0222784717891
* 202 20.256321907 1.0 1.01 1.57079632679 0.1 0.0 0.966087818146 0.987689971924 1.58787214756 0.114                                -0.153 0.116475605277 -0.150112362299 0.0339121818542 0.0223100280762 -0.0170758207652
* 203 20.3570640087 1.0 1.02 1.57079632679 0.1 0.0 0.966307640076 0.997479915619 1.58239233494 0.115                                -0.15 0.11678715849 -0.144605679067 0.0336923599243 0.0225200843811 -0.0115960081432
* 204 20.4583730698 1.0 1.03 1.57079632679 0.1 0.0 0.964775562286 1.00552749634 1.57637906075 0.115                                -0.149 0.118422231543 -0.14567904342 0.0352244377136 0.0244725036621 -0.00558273395034
* 205 20.5589530468 1.0 1.04 1.57079632679 0.1 0.0 0.963819026947 1.0146727562 1.57046306133 0.115                                -0.148 0.119231171205 -0.144437190691 0.036180973053 0.0253272438049 0.000333265462194
* 206 20.6594860554 1.0 1.05 1.57079632679 0.1 0.0 0.964777946472 1.02723550797 1.56465196609 0.116                                -0.146 0.117439068845 -0.135662823252 0.0352220535278 0.0227644920349 0.00614436069993
* 207 20.7603089809 1.0 1.06 1.57079632679 0.1 0.0 0.96736574173 1.03488969803 1.55969750881 0.117                                -0.144 0.119324932492 -0.120990826746 0.0326342582703 0.0251103019714 0.0110988179829
* 208 20.8608779907 1.0 1.07 1.57079632679 0.1 0.0 0.969154834747 1.0467376709 1.55941104889 0.117                                -0.138 0.11791376279 -0.113672476682 0.0308451652527 0.0232623291016 0.0113852779057
* 209 20.9620049 1.0 1.08 1.57079632679 0.1 0.0 0.967098236084 1.0559720993 1.55402350426 0.117                                -0.134 0.118638072542 -0.117246879197 0.032901763916 0.0240279006958 0.0167728225377
* 210 21.0627629757 1.0 1.09 1.57079632679 0.1 0.0 0.963814258575 1.06707906723 1.54957139492 0.117                                -0.125 0.117952180138 -0.126655938196 0.0361857414246 0.0229209327698 0.0212249318745
* 211 21.1637639999 1.0 1.1 1.57079632679 0.1 0.0 0.961048126221 1.07633256912 1.54194056988 0.118                                -0.123 0.118766136442 -0.131111265542 0.0389518737793 0.0236674308777 0.0288557569173
* 212 21.2647929192 1.0 1.11 1.57079632679 0.1 0.0 0.961734771729 1.08228731155 1.53433167934 0.118                                -0.124 0.122010738886 -0.121243204533 0.0382652282715 0.027712688446 0.0364646474507
* 213 21.3654000759 1.0 1.12 1.57079632679 0.1 0.0 0.960824489594 1.09371089935 1.52584183216 0.118                                -0.126 0.121166981429 -0.117700004737 0.0391755104065 0.026289100647 0.0449544946339
* 214 21.4664020538 1.0 1.13 1.57079632679 0.1 0.0 0.962549686432 1.10599899292 1.51934790611 0.119                                -0.123 0.119520726119 -0.105619357666 0.0374503135681 0.0240010070801 0.0514484206822
* 215 21.5668270588 1.0 1.14 1.57079632679 0.1 0.0 0.961616516113 1.11633205414 1.51518189907 0.119                                -0.119 0.11939959749 -0.105825772917 0.0383834838867 0.0236679458618 0.0556144277242
* 216 21.6672670841 1.0 1.15 1.57079632679 0.1 0.0 0.963186740875 1.12384939194 1.51265716553 0.119                                -0.115 0.121267874606 -0.0968016438405 0.0368132591248 0.0261506080627 0.0581391612676
* 217 21.7677118778 1.0 1.16 1.57079632679 0.1 0.0 0.964019775391 1.13393831253 1.50901508331 0.119                                -0.109 0.121236900169 -0.090321253833 0.0359802246094 0.0260616874695 0.0617812434819
* 218 21.8681659698 1.0 1.17 1.57079632679 0.1 0.0 0.967439174652 1.1424164772 1.50649154186 0.12                                -0.105 0.122272470087 -0.0740800876786 0.0325608253479 0.0275835227966 0.0643047849324
* 219 21.968626976 1.0 1.18 1.57079632679 0.1 0.0 0.966461181641 1.15242052078 1.49858081341 0.12                                -0.095 0.122452745601 -0.0710381467007 0.0335388183594 0.0275794792175 0.072215513387
* 220 22.0695068836 1.0 1.19 1.57079632679 0.1 0.0 0.967670440674 1.16273880005 1.49484586716 0.12                                -0.088 0.122203626011 -0.0630290436544 0.0323295593262 0.0272611999512 0.0759504596379
* 221 22.1709260941 1.0 1.2 1.57079632679 0.1 0.0 0.96567440033 1.17468929291 1.49335885048 0.121                                -0.081 0.120867562309 -0.07028786482 0.0343255996704 0.0253107070923 0.0774374763158
* 222 22.2722840309 1.0 1.21 1.57079632679 0.1 0.0 0.965398311615 1.18548345566 1.4914945364 0.121                                -0.075 0.120314347968 -0.07001727504 0.034601688385 0.024516544342 0.0793017903951
* 223 22.3727920055 1.0 1.22 1.57079632679 0.1 0.0 0.967216968536 1.19329500198 1.48995864391 0.12                                -0.073 0.121884021917 -0.0607267357983 0.0327830314636 0.0267049980164 0.0808376828816
* 224 22.4733629227 1.0 1.23 1.57079632679 0.1 0.0 0.968485355377 1.20226049423 1.48707401752 0.12                                -0.071 0.122628923229 -0.0527974590359 0.0315146446228 0.0277395057678 0.0837223092702
* 225 22.5746030807 1.0 1.24 1.57079632679 0.1 0.0 0.969403743744 1.21220684052 1.48607766628 0.121                                -0.065 0.122624118815 -0.048242016341 0.0305962562561 0.0277931594849 0.0847186605122
* 226 22.6750819683 1.0 1.25 1.57079632679 0.1 0.0 0.968450069427 1.22324609756 1.48438370228 0.121                                -0.061 0.121922448758 -0.0509102736466 0.0315499305725 0.0267539024353 0.0864126245168
* 227 22.7757160664 1.0 1.26 1.57079632679 0.1 0.0 0.969379425049 1.2321267128 1.48351264 0.122                                -0.056 0.122718971291 -0.0460531918384 0.0306205749512 0.0278732872009 0.0872836867955
* 228 22.876527071 1.0 1.27 1.57079632679 0.1 0.0 0.969655513763 1.24273824692 1.48288154602 0.121                                -0.054 0.122246165073 -0.0446120545656 0.0303444862366 0.0272617530823 0.0879147807744
* 229 22.9772019386 1.0 1.28 1.57079632679 0.1 0.0 0.968111991882 1.25277614594 1.4819149971 0.122                                -0.05 0.122333372429 -0.0499263232187 0.0318880081177 0.0272238540649 0.0888813296941
* 230 23.078083992 1.0 1.29 1.57079632679 0.1 0.0 0.965791225433 1.26477098465 1.4774864912 0.121                                -0.049 0.121048215687 -0.0560198488608 0.0342087745667 0.0252290153503 0.0933098355916
* 231 23.1786689758 1.0 1.3 1.57079632679 0.1 0.0 0.965704917908 1.27217721939 1.47338044643 0.121                                -0.05 0.123073319025 -0.0517720940108 0.0342950820923 0.0278227806091 0.0974158803609
* 232 23.2792749405 1.0 1.31 1.57079632679 0.1 0.0 0.967350482941 1.28258943558 1.47311294079 0.121                                -0.051 0.122643931942 -0.0451457976521 0.0326495170593 0.0274105644226 0.0976833860066
* 233 23.3798749447 1.0 1.32 1.57079632679 0.1 0.0 0.969149589539 1.29205226898 1.47392654419 0.122                                -0.051 0.122907120364 -0.0384918791215 0.0308504104614 0.0279477310181 0.0968697826054
* 234 23.4804670811 1.0 1.33 1.57079632679 0.1 0.0 0.970165729523 1.30269289017 1.47374534607 0.122                                -0.049 0.122350579489 -0.0345349019146 0.0298342704773 0.0273071098328 0.0970509807256
* 235 23.5811090469 1.0 1.34 1.57079632679 0.1 0.0 0.971052646637 1.3142209053 1.47275471687 0.122                                -0.044 0.121141254643 -0.0307315081939 0.028947353363 0.025779094696 0.0980416099217
* 236 23.6821880341 1.0 1.35 1.57079632679 0.1 0.0 0.968512535095 1.32607936859 1.47225832939 0.121                                -0.04 0.119932306074 -0.0411406882918 0.0314874649048 0.0239206314087 0.0985379974034
* 237 23.7828879356 1.0 1.36 1.57079632679 0.1 0.0 0.970413208008 1.33735132217 1.47033965588 0.121                                -0.037 0.118850267432 -0.0324237206309 0.0295867919922 0.0226486778259 0.100456670919
* 238 23.883603096 1.0 1.37 1.57079632679 0.1 0.0 0.970191001892 1.34607744217 1.46908116341 0.12                                -0.038 0.119842433347 -0.031706963394 0.0298089981079 0.0239225578308 0.101715163389
* 239 23.9864890575 1.0 1.38 1.57079632679 0.1 0.0 0.970677852631 1.35596227646 1.46856856346 0.119                                -0.035 0.119897046053 -0.0292786629619 0.0293221473694 0.0240377235413 0.102227763334
* 240 24.0871579647 1.0 1.39 1.57079632679 0.1 0.0 0.970662593842 1.36661815643 1.4676027298 0.119                                -0.033 0.119412780162 -0.0287726163245 0.0293374061584 0.0233818435669 0.103193596998
* 241 24.1877698898 1.0 1.4 1.57079632679 0.1 0.0 0.972006320953 1.37763977051 1.46756875515 0.12                                -0.032 0.118536810873 -0.0238180496139 0.0279936790466 0.0223602294922 0.103227571645
* 242 24.28835392 1.0 1.41 1.57079632679 0.1 0.0 0.973524570465 1.38849687576 1.46745669842 0.119                                -0.029 0.117771937291 -0.0180348034603 0.0264754295349 0.0215031242371 0.103339628377
* 243 24.3889451027 1.0 1.42 1.57079632679 0.1 0.0 0.972563743591 1.399725914 1.46729421616 0.119                                -0.028 0.116920791619 -0.0222264748462 0.0274362564087 0.0202740859985 0.103502110639
* 244 24.4895479679 1.0 1.43 1.57079632679 0.1 0.0 0.972256183624 1.40980005264 1.46640574932 0.118                                -0.024 0.116896916679 -0.0227248404501 0.0277438163757 0.0201999473572 0.104390577474
* 245 24.5901269913 1.0 1.44 1.57079632679 0.1 0.0 0.97381734848 1.41940546036 1.46433651447 0.117                                -0.023 0.117087011205 -0.0145869508416 0.0261826515198 0.0205945396423 0.106459812322
* 246 24.6907670498 1.0 1.45 1.57079632679 0.1 0.0 0.973528385162 1.42711877823 1.46415996552 0.117                                -0.022 0.118837282215 -0.0146122933057 0.0264716148376 0.0228812217712 0.10663636128
* 247 24.7913398743 1.0 1.46 1.57079632679 0.1 0.0 0.975493431091 1.43862915039 1.46343874931 0.117                                -0.02 0.117543155096 -0.00682356553027 0.0245065689087 0.0213708496094 0.107357577482
* 248 24.8918268681 1.0 1.47 1.57079632679 0.1 0.0 0.975552082062 1.4489607811 1.46253442764 0.117                                -0.017 0.117293542138 -0.0059609405687 0.0244479179382 0.0210392189026 0.108261899152
* 249 24.9927120209 1.0 1.48 1.57079632679 0.1 0.0 0.977207183838 1.4597401619 1.46255838871 0.117                                -0.014 0.116569657407 0.000263505039059 0.0227928161621 0.0202598381042 0.108237938085
* 250 25.0934329033 1.0 1.49 1.57079632679 0.1 0.0 0.977661132812 1.47157287598 1.46255731583 0.117                                -0.009 0.115149652142 0.00127764976207 0.0223388671875 0.0184271240234 0.108239010968
* 251 25.1940538883 1.0 1.5 1.57079632679 0.1 0.0 0.97794008255 1.48252773285 1.46279609203 0.116                                -0.006 0.1144052813 0.0017742322265 0.02205991745 0.0174722671509 0.108000234762
* 252 25.2946810722 1.0 1.51 1.57079632679 0.1 0.0 0.978773593903 1.49265193939 1.46204507351 0.115                                -0.003 0.114246212069 0.00566398842246 0.0212264060974 0.0173480606079 0.108751253286
* 253 25.3953959942 1.0 1.52 1.57079632679 0.1 0.0 0.978368282318 1.50364208221 1.46140301228 0.115                                -0.001 0.113535194267 0.00415755042188 0.0216317176819 0.0163579177856 0.109393314519
* 254 25.4959840775 1.0 1.53 1.57079632679 0.1 0.0 0.977809906006 1.51197338104 1.46137881279 0.114                                0.0 0.114840449983 0.00268645461984 0.0221900939941 0.0180266189575 0.109417514005
* 255 25.5969629288 1.0 1.54 1.57079632679 0.1 0.0 0.978907585144 1.52076244354 1.46188938618 0.114                                0.002 0.115661269204 0.00714860245112 0.021092414856 0.0192375564575 0.108906940618
* 256 25.69759202 1.0 1.55 1.57079632679 0.1 0.0 0.981023311615 1.53213119507 1.46192193031 0.114                                0.003 0.114454021019 0.0149390016143 0.018976688385 0.0178688049316 0.108874396482
* 257 25.7980790138 1.0 1.56 1.57079632679 0.1 0.0 0.981329917908 1.54340982437 1.46273469925 0.115                                0.005 0.113462528153 0.0149253865692 0.0186700820923 0.0165901756287 0.108061627546
* 258 25.8990049362 1.0 1.57 1.57079632679 0.1 0.0 0.981773853302 1.55491876602 1.46326637268 0.114                                0.009 0.112286727326 0.0156002351758 0.018226146698 0.0150812339783 0.107529954114
* 259 25.9997320175 1.0 1.58 1.57079632679 0.1 0.0 0.982798099518 1.56769990921 1.46227741241 0.113                                0.011 0.110105930151 0.019285914108 0.0172019004822 0.0123000907898 0.10851891438
* 260 26.1002690792 1.0 1.59 1.57079632679 0.1 0.0 0.982500553131 1.57667398453 1.46163880825 0.112                                0.013 0.110905222849 0.0190705459234 0.0174994468689 0.0133260154724 0.109157518544
* 261 26.2010760307 1.0 1.6 1.57079632679 0.1 0.0 0.983397483826 1.5844578743 1.46151614189 0.111                                0.014 0.112503005051 0.023704181058 0.0166025161743 0.0155421257019 0.109280184903
* 262 26.3015639782 1.0 1.61 1.57079632679 0.1 0.0 0.984276294708 1.59438180923 1.46238732338 0.111                                0.016 0.112487899034 0.0265104037147 0.0157237052917 0.0156181907654 0.108409003415
* 263 26.4021499157 1.0 1.62 1.57079632679 0.1 0.0 0.984976291656 1.60463619232 1.46313762665 0.111                                0.018 0.112239016721 0.0285637173569 0.0150237083435 0.0153638076782 0.107658700147
* 264 26.5026168823 1.0 1.63 1.57079632679 0.1 0.0 0.986526966095 1.61474704742 1.46336066723 0.111                                0.023 0.112029317823 0.0344987624274 0.013473033905 0.0152529525757 0.107435659566
* 265 26.6043560505 1.0 1.64 1.57079632679 0.1 0.0 0.987073421478 1.62517547607 1.46330189705 0.112                                0.025 0.111661438857 0.0365366153995 0.0129265785217 0.0148245239258 0.107494429746
* 266 26.7049479485 1.0 1.65 1.57079632679 0.1 0.0 0.988098621368 1.63725662231 1.4633667469 0.111                                0.029 0.110007779627 0.0396677858584 0.0119013786316 0.0127433776855 0.107429579892
* 267 26.8070240021 1.0 1.66 1.57079632679 0.1 0.0 0.988216876984 1.6482219696 1.4633256197 0.111                                0.031 0.109269618207 0.0397573990462 0.0117831230164 0.0117780303955 0.107470707097
* 268 26.9074668884 1.0 1.67 1.57079632679 0.1 0.0 0.987348079681 1.65696811676 1.46409463882 0.11                                0.034 0.110288152517 0.0362125709099 0.0126519203186 0.0130318832397 0.10670168797
* 269 27.0084428787 1.0 1.68 1.57079632679 0.1 0.0 0.988199710846 1.66548633575 1.4639185667 0.11                                0.036 0.111336998825 0.0403756353869 0.0118002891541 0.0145136642456 0.106877760091
* 270 27.1090700626 1.0 1.69 1.57079632679 0.1 0.0 0.988379001617 1.67473888397 1.46463632584 0.109                                0.036 0.111888742899 0.0408157872522 0.0116209983826 0.0152611160278 0.106160000959
* 271 27.2096960545 1.0 1.7 1.57079632679 0.1 0.0 0.990885734558 1.68345355988 1.46586966515 0.11                                0.037 0.112663296544 0.0503090951625 0.0091142654419 0.0165464401245 0.104926661649
* 272 27.310295105 1.0 1.71 1.57079632679 0.1 0.0 0.988923549652 1.69635677338 1.46667802334 0.111                                0.04 0.110630548776 0.0406261472136 0.0110764503479 0.0136432266235 0.104118303457
* 273 27.4108939171 1.0 1.72 1.57079632679 0.1 0.0 0.99126291275 1.70941257477 1.46707761288 0.111                                0.043 0.10814123744 0.0483410168884 0.00873708724976 0.0105874252319 0.103718713918
* 274 27.511523962 1.0 1.73 1.57079632679 0.1 0.0 0.99164056778 1.71981620789 1.46774673462 0.111                                0.043 0.107810089662 0.0491391138925 0.00835943222046 0.0101837921143 0.103049592176
* 275 27.6121358871 1.0 1.74 1.57079632679 0.1 0.0 0.992969512939 1.73045921326 1.46758198738 0.109                                0.045 0.107219975435 0.054293883059 0.00703048706055 0.00954078674317 0.103214339414
* 276 27.7127380371 1.0 1.75 1.57079632679 0.1 0.0 0.993023395538 1.74010562897 1.46745944023 0.108                                0.045 0.107481972731 0.0547521708232 0.00697660446167 0.00989437103272 0.103336886564
* 277 27.8132309914 1.0 1.76 1.57079632679 0.1 0.0 0.992720127106 1.74765110016 1.46879029274 0.107                                0.048 0.109366238026 0.0534789269537 0.00727987289429 0.0123488998413 0.102006034055
* 278 27.9140219688 1.0 1.77 1.57079632679 0.1 0.0 0.992037296295 1.75486278534 1.47001826763 0.107                                0.05 0.111530665651 0.0508876322994 0.00796270370483 0.0151372146606 0.100778059163
* 279 28.0144898891 1.0 1.78 1.57079632679 0.1 0.0 0.99311208725 1.7666759491 1.47241473198 0.108                                0.053 0.110093254795 0.0524828687547 0.00688791275024 0.0133240509033 0.0983815948155
* 280 28.1149320602 1.0 1.79 1.57079632679 0.1 0.0 0.99261713028 1.77994632721 1.47231793404 0.11                                0.053 0.107659627387 0.0493053287497 0.00738286972046 0.0100536727905 0.0984783927586
* 281 28.2153868675 1.0 1.8 1.57079632679 0.1 0.0 0.995438098907 1.79345035553 1.47254395485 0.109                                0.052 0.104804194856 0.0589786420272 0.00456190109253 0.00654964447022 0.0982523719457
* 282 28.3159379959 1.0 1.81 1.57079632679 0.1 0.0 0.99588394165 1.80370330811 1.47303593159 0.108                                0.05 0.104583465487 0.0602676506026 0.00411605834961 0.00629669189453 0.0977603952077
* 283 28.4164509773 1.0 1.82 1.57079632679 0.1 0.0 0.995509147644 1.81205940247 1.47422552109 0.106                                0.053 0.105861109195 0.0584749307595 0.00449085235596 0.00794059753418 0.0965708057072
* 284 28.5171608925 1.0 1.83 1.57079632679 0.1 0.0 0.995702266693 1.8223028183 1.47401475906 0.106                                0.055 0.105661629227 0.0593166920113 0.00429773330689 0.00769718170166 0.0967815677312
* 285 28.617964983 1.0 1.84 1.57079632679 0.1 0.0 0.995520591736 1.83238315582 1.4742757082 0.105                                0.055 0.105616046994 0.058355929672 0.00447940826416 0.00761684417725 0.0965206185963
* 286 28.7183990479 1.0 1.85 1.57079632679 0.1 0.0 0.996819972992 1.83909893036 1.47854149342 0.106                                0.057 0.108035240822 0.0613674810933 0.00318002700806 0.0109010696411 0.0922548333791
* 287 28.8188230991 1.0 1.86 1.57079632679 0.1 0.0 0.997070789337 1.85259437561 1.47938096523 0.106                                0.06 0.10538240196 0.0604156433734 0.00292921066284 0.00740562438965 0.091415361562
* 288 28.9193100929 1.0 1.87 1.57079632679 0.1 0.0 0.998124599457 1.86672306061 1.47916316986 0.106                                0.059 0.102187291721 0.0632739713685 0.00187540054321 0.00327693939209 0.0916331569341
* 289 29.0197439194 1.0 1.88 1.57079632679 0.1 0.0 0.997525691986 1.87600517273 1.47999560833 0.105                                0.057 0.10277769298 0.0605053799691 0.00247430801392 0.00399482727051 0.0908007184651
* 290 29.1203830242 1.0 1.89 1.57079632679 0.1 0.0 0.997624874115 1.88354682922 1.48070859909 0.104                                0.06 0.104634408135 0.0612320624085 0.00237512588501 0.00645317077637 0.0900877277043
* 291 29.2209379673 1.0 1.9 1.57079632679 0.1 0.0 0.99630355835 1.89336872101 1.48050570488 0.104                                0.06 0.104857900683 0.0561919425849 0.00369644165039 0.0066312789917 0.0902906219151
* 292 29.3215649128 1.0 1.91 1.57079632679 0.1 0.0 0.996146202087 1.90319919586 1.48078215122 0.104                                0.059 0.104998617488 0.055408543048 0.0038537979126 0.00680080413819 0.0900141755727
* 293 29.4221379757 1.0 1.92 1.57079632679 0.1 0.0 0.996752262115 1.9117603302 1.48239028454 0.104                                0.058 0.106056146004 0.0570652026283 0.00324773788452 0.00823966979981 0.0884060422566
* 294 29.5225460529 1.0 1.93 1.57079632679 0.1 0.0 0.996249198914 1.92240810394 1.48420405388 0.104                                0.057 0.105611769454 0.0533982367918 0.00375080108643 0.00759189605713 0.0865922729161
* 295 29.6230418682 1.0 1.94 1.57079632679 0.1 0.0 0.996977329254 1.93410205841 1.48522126675 0.105                                0.057 0.10428998549 0.0549168684173 0.00302267074585 0.00589794158936 0.0855750600484
* 296 29.7235319614 1.0 1.95 1.57079632679 0.1 0.0 0.998651027679 1.94649887085 1.48572790623 0.105                                0.056 0.102372935726 0.0603759205608 0.00134897232056 0.00350112915039 0.0850684205678
* 297 29.8254659176 1.0 1.96 1.57079632679 0.1 0.0 0.997885227203 1.95626735687 1.48634588718 0.104                                0.054 0.102601781011 0.0569238279359 0.00211477279663 0.00373264312744 0.0844504396108
* 298 29.9269371033 1.0 1.97 1.57079632679 0.1 0.0 0.998163700104 1.96587657928 1.48668074608 0.103                                0.056 0.10288191848 0.0579057477925 0.00183629989624 0.00412342071533 0.0841155807164
* 299 30.0274529457 1.0 1.98 1.57079632679 0.1 0.0 0.99774980545 1.9743642807 1.48743951321 0.103                                0.057 0.104057332325 0.0561707745352 0.00225019454956 0.00563571929932 0.0833568135884
* 300 30.128027916 1.0 1.99 1.57079632679 0.1 0.0 0.999317169189 1.98296833038 1.4893232584 0.103                                0.056 0.105029425576 0.0614004806543 0.000682830810548 0.0070316696167 0.0814730683949
* 301 30.2285399437 1.0 2.0 1.57079632679 0.1 0.0 0.998672962189 1.99579429626 1.48992693424 0.103                                0.057 0.102936017266 0.0574437186582 0.00132703781128 0.00420570373535 0.0808693925526
* 302 30.3290400505 1.0 2.01 1.57079632679 0.1 0.0 0.997577667236 2.00702381134 1.49065434933 0.104                                0.059 0.102077730594 0.0521183023175 0.00242233276367 0.00297618865967 0.0801419774678
* 303 30.4295809269 1.0 2.02 1.57079632679 0.1 0.0 0.998597621918 2.01909637451 1.49225223064 0.103                                0.057 0.100458899907 0.0543021655283 0.00140237808228 0.000903625488282 0.0785440961507
* 304 30.5301480293 1.0 2.03 1.57079632679 0.1 0.0 0.999172687531 2.03711605072 1.49297821522 0.102                                0.055 0.0943618228278 0.0535477634871 0.000827312469483 -0.00711605072021 0.0778181115773
* 305 30.6306219101 1.0 2.04 1.57079632679 0.1 0.0 0.999172687531 2.03711605072 1.49297821522 0.101                                0.054 0.101928321198 0.0566573473019 0.000827312469483 0.00288394927979 0.0778181115773
* 306 30.7310340405 1.0 2.05 1.57079632679 0.1 0.0 1.00063943863 2.05578517914 1.49337029457 0.099                                0.054 0.0952853845368 0.059522414365 -0.00063943862915 -0.00578517913818 0.077426032224
* 307 30.831469059 1.0 2.06 1.57079632679 0.1 0.0 1.00063943863 2.05578517914 1.49337029457 0.099                                0.055 0.102852113653 0.0626163622291 -0.00063943862915 0.00421482086182 0.077426032224
* 308 30.9320049286 1.0 2.07 1.57079632679 0.1 0.0 1.00156259537 2.0738067627 1.49604296684 0.098                                0.058 0.0967510962095 0.0618295236999 -0.00156259536743 -0.00380676269531 0.0747533599522
* 309 31.0326969624 1.0 2.08 1.57079632679 0.1 0.0 1.00156259537 2.0738067627 1.49604296684 0.099                                0.059 0.104319367252 0.0648168740319 -0.00156259536743 0.00619323730469 0.0747533599522
* 310 31.1351690292 1.0 2.09 1.57079632679 0.1 0.0 1.00096559525 2.08508777618 1.49866962433 0.099                                0.062 0.103405611151 0.0600086387166 -0.000965595245361 0.00491222381592 0.0721267024663
* 311 31.2362670898 1.0 2.1 1.57079632679 0.1 0.0 1.001557827 2.10852050781 1.49982559681 0.1                                0.061 0.093214092715 0.0576618218485 -0.00155782699585 -0.0085205078125 0.0709707299855
* 312 31.3369588852 1.0 2.11 1.57079632679 0.1 0.0 1.00185775757 2.11817359924 1.50047338009 0.1                                0.059 0.0934657734045 0.058486755666 -0.00185775756836 -0.00817359924317 0.0703229467061
* 313 31.4379189014 1.0 2.12 1.57079632679 0.1 0.0 1.00398397446 2.12590694427 1.50235080719 0.098                                0.06 0.0950865014938 0.0662291282001 -0.00398397445679 -0.0059069442749 0.068445519605
* 314 31.5386660099 1.0 2.13 1.57079632679 0.1 0.0 1.00453615189 2.13366317749 1.50236570835 0.096                                0.059 0.0967569024033 0.0690354170007 -0.00453615188599 -0.00366317749024 0.0684306184438
* 315 31.6392500401 1.0 2.14 1.57079632679 0.1 0.0 1.00333404541 2.14221858978 1.50327575207 0.095                                0.061 0.0979214589552 0.0639515597541 -0.00333404541016 -0.00221858978272 0.0675205747273
* 316 31.739978075 1.0 2.15 1.57079632679 0.1 0.0 1.00351333618 2.15324115753 1.50535416603 0.096                                0.064 0.0971569697808 0.0628425424807 -0.00351333618164 -0.00324115753174 0.065442160764
* 317 31.8406660557 1.0 2.16 1.57079632679 0.1 0.0 1.00171327591 2.16437721252 1.50852251053 0.096                                0.064 0.0964096085921 0.0530126848646 -0.00171327590942 -0.00437721252442 0.0622738162663
* 318 31.9411599636 1.0 2.17 1.57079632679 0.1 0.0 1.00064992905 2.17704868317 1.5088956356 0.096                                0.064 0.0944386339613 0.047829899518 -0.00064992904663 -0.00704868316651 0.06190069119
* 319 32.0419659615 1.0 2.18 1.57079632679 0.1 0.0 1.00366210938 2.18637466431 1.51065003872 0.096                                0.059 0.0948228274604 0.0587370476506 -0.003662109375 -0.00637466430664 0.0601462880757
* 320 32.1441230774 1.0 2.19 1.57079632679 0.1 0.0 1.00303506851 2.19464683533 1.51090085506 0.095                                0.055 0.0961624202111 0.0564633390233 -0.00303506851196 -0.00464683532715 0.0598954717305
* 321 32.2467250824 1.0 2.2 1.57079632679 0.1 0.0 1.0024023056 2.20409488678 1.51150608063 0.095                                0.056 0.0966139091963 0.0536198920743 -0.00240230560303 -0.00409488677979 0.0592902461675
* 322 32.3487150669 1.0 2.21 1.57079632679 0.1 0.0 1.00187969208 2.21152973175 1.51226687431 0.095                                0.055 0.0985863176731 0.0515686916831 -0.00187969207764 -0.00152973175049 0.0585294524815
* 323 32.4491159916 1.0 2.22 1.57079632679 0.1 0.0 1.00112438202 2.220079422 1.51410961151 0.096                                0.054 0.099730846122 0.0474944968328 -0.00112438201904 -7.94219970737e-05 0.0566867152837
* 324 32.5501708984 1.0 2.23 1.57079632679 0.1 0.0 0.999935150146 2.23128032684 1.51683855057 0.097                                0.053 0.0988868320437 0.0404158507047 6.48498535163e-05 -0.00128032684327 0.0539577762273
* 325 32.6513299942 1.0 2.24 1.57079632679 0.1 0.0 1.00049591064 2.24193763733 1.51867198944 0.098                                0.049 0.098376008219 0.041136729744 -0.000495910644531 -0.00193763732911 0.052124337354
* 326 32.751969099 1.0 2.25 1.57079632679 0.1 0.0 0.999288082123 2.25570678711 1.51851856709 0.098                                0.047 0.0955663863151 0.0356394402036 0.000711917877198 -0.00570678710938 0.0522777597096
* 327 32.8526148796 1.0 2.26 1.57079632679 0.1 0.0 0.999875545502 2.26428127289 1.52002811432 0.097                                0.043 0.0966308790954 0.0371641507448 0.000124454498292 -0.00428127288819 0.050768212476
* 328 32.953234911 1.0 2.27 1.57079632679 0.1 0.0 1.00176095963 2.27255344391 1.51910078526 0.097                                0.041 0.0978620105455 0.0457408144741 -0.00176095962524 -0.0025534439087 0.0516955415395
* 329 33.0544879436 1.0 2.28 1.57079632679 0.1 0.0 1.00102090836 2.28094959259 1.52025830746 0.097                                0.04 0.0991134117154 0.0422421990258 -0.00102090835571 -0.000949592590337 0.0505380193379
* 330 33.1578550339 1.0 2.29 1.57079632679 0.1 0.0 1.00134706497 2.28927326202 1.5200958252 0.097                                0.041 0.100370535609 0.0440076320413 -0.00134706497192 0.000726737976069 0.0507005015996
* 331 33.2589159012 1.0 2.3 1.57079632679 0.1 0.0 1.00034332275 2.29855251312 1.52214753628 0.097                                0.041 0.100966282555 0.0385750651262 -0.000343322753906 0.00144748687744 0.0486487905171
* 332 33.3597259521 1.0 2.31 1.57079632679 0.1 0.0 0.999701023102 2.30839443207 1.52369558811 0.098                                0.042 0.101116969068 0.0348547479106 0.000298976898194 0.00160556793212 0.047100738683
* 333 33.4605360031 1.0 2.32 1.57079632679 0.1 0.0 1.00053834915 2.32062625885 1.52479195595 0.099                                0.041 0.0994006146198 0.0369507789577 -0.000538349151611 -0.000626258850103 0.046004370847
* 334 33.5610430241 1.0 2.33 1.57079632679 0.1 0.0 1.00107812881 2.33278083801 1.52586114407 0.1                                0.04 0.0977539256791 0.0379119063522 -0.0010781288147 -0.0027808380127 0.044935182729
* 335 33.6614840031 1.0 2.34 1.57079632679 0.1 0.0 1.00158691406 2.34199619293 1.52712976933 0.099                                0.037 0.0983385424197 0.0391336357613 -0.0015869140625 -0.00199619293213 0.0436665574696
* 336 33.7620749474 1.0 2.35 1.57079632679 0.1 0.0 1.00212478638 2.34948730469 1.52500212193 0.098                                0.037 0.100210041415 0.0433394741683 -0.00212478637695 0.000512695312494 0.0457942048695
* 337 33.8626580238 1.0 2.36 1.57079632679 0.1 0.0 1.00214147568 2.35832023621 1.52667188644 0.098                                0.04 0.101104587048 0.0423420393328 -0.00214147567749 0.00167976379394 0.0441244403508
* 338 33.9635210037 1.0 2.37 1.57079632679 0.1 0.0 1.00143718719 2.3684053421 1.52655231953 0.099                                0.039 0.101062971903 0.0396040877611 -0.00143718719482 0.00159465789794 0.0442440072682
* 339 34.064013958 1.0 2.38 1.57079632679 0.1 0.0 1.00006484985 2.37754249573 1.52790212631 0.099                                0.04 0.101769307027 0.0332350915151 -6.4849853515e-05 0.00245750427245 0.0428942004826
* 340 34.1648950577 1.0 2.39 1.57079632679 0.1 0.0 1.00051641464 2.38762283325 1.5296369791 0.1                                0.04 0.101701795022 0.0336929177169 -0.000516414642333 0.00237716674804 0.0411593476918
* 341 34.2693750858 1.0 2.4 1.57079632679 0.1 0.0 1.00021648407 2.39960479736 1.52907061577 0.1                                0.037 0.100205783991 0.0325987120019 -0.000216484069824 0.000395202636712 0.0417257110265
* 342 34.3713579178 1.0 2.41 1.57079632679 0.1 0.0 0.998520374298 2.41098690033 1.53113460541 0.1                                0.035 0.0992174687794 0.0240307541421 0.0014796257019 -0.000986900329597 0.0396617213872
* 343 34.47239995 1.0 2.42 1.57079632679 0.1 0.0 0.997759342194 2.4193315506 1.53197741508 0.1                                0.032 0.100497595823 0.0206093712539 0.0022406578064 0.000668449401848 0.0388189117101
* 344 34.5737199783 1.0 2.43 1.57079632679 0.1 0.0 0.997572898865 2.42945957184 1.5331350565 0.1                                0.029 0.100408312289 0.0189627677994 0.00242710113525 0.000540428161613 0.0376612702992
* 345 34.6743650436 1.0 2.44 1.57079632679 0.1 0.0 0.999619007111 2.43877124786 1.53109276295 0.1                                0.027 0.100864491474 0.0288052078646 0.000380992889405 0.00122875213622 0.0397035638478
* 346 34.7749969959 1.0 2.45 1.57079632679 0.1 0.0 0.99809551239 2.4476518631 1.5324858427 0.099                                0.023 0.101762787888 0.0218229974324 0.00190448760986 0.00234813690185 0.0383104840901
* 347 34.8754520416 1.0 2.46 1.57079632679 0.1 0.0 0.997570037842 2.45707511902 1.53400504589 0.099                                0.024 0.102218489698 0.0186396913473 0.0024299621582 0.00292488098144 0.0367912809041
* 348 34.9759590626 1.0 2.47 1.57079632679 0.1 0.0 0.998125553131 2.46573638916 1.53444612026 0.1                                0.023 0.103219356525 0.0207148286117 0.0018744468689 0.00426361083984 0.0363502065328
* 349 35.0764570236 1.0 2.48 1.57079632679 0.1 0.0 0.997575283051 2.47906208038 1.5358505249 0.101                                0.023 0.100714637349 0.0169601313757 0.00242471694946 0.00093791961669 0.0349458018926
* 350 35.176954031 1.0 2.49 1.57079632679 0.1 0.0 0.995459079742 2.49134922028 1.53711402416 0.101                                0.021 0.0990359330108 0.0072279466659 0.00454092025757 -0.00134922027589 0.0336823026326
* 351 35.2774460316 1.0 2.5 1.57079632679 0.1 0.0 0.99542093277 2.49708652496 1.5368847847 0.1                                0.017 0.102270235766 0.00782643871915 0.00457906723023 0.00291347503661 0.0339115420964
* 352 35.378068924 1.0 2.51 1.57079632679 0.1 0.0 0.995544910431 2.50606632233 1.53771090508 0.1                                0.014 0.103040937528 0.00781995848112 0.00445508956909 0.00393367767333 0.0330854217198
* 353 35.4787518978 1.0 2.52 1.57079632679 0.1 0.0 0.995132446289 2.5161485672 1.53789412975 0.101                                0.012 0.102988852915 0.0060181257866 0.00486755371094 0.00385143280028 0.0329021970418
* 354 35.5791568756 1.0 2.53 1.57079632679 0.1 0.0 0.995747089386 2.52465248108 1.53751599789 0.101                                0.009 0.104108260427 0.00896750865827 0.00425291061401 0.00534751892089 0.0332803289082
* 355 35.679557085 1.0 2.54 1.57079632679 0.1 0.0 0.994740009308 2.53336429596 1.53863012791 0.101                                0.008 0.105110198387 0.004236983742 0.00525999069214 0.00663570404052 0.0321661988881
* 356 35.7800040245 1.0 2.55 1.57079632679 0.1 0.0 0.994789600372 2.54337978363 1.53888225555 0.103                                0.008 0.10509709148 0.00423506011812 0.00521039962769 0.00662021636962 0.0319140712407
* 357 35.8806629181 1.0 2.56 1.57079632679 0.1 0.0 0.994879245758 2.55469703674 1.53820121288 0.103                                0.008 0.104096065515 0.00495709554809 0.00512075424194 0.00530296325683 0.0325951139119
* 358 35.9811389446 1.0 2.57 1.57079632679 0.1 0.0 0.993957996368 2.56612110138 1.54018223286 0.103                                0.005 0.103036000952 -0.000447304646822 0.00604200363159 0.00387889862059 0.0306140939381
* 359 36.0817470551 1.0 2.58 1.57079632679 0.1 0.0 0.992496490479 2.57431697845 1.5408115387 0.103                                0.003 0.104436950989 -0.00656217768862 0.00750350952149 0.0056830215454 0.0299847880986
* 360 36.1827330589 1.0 2.59 1.57079632679 0.1 0.0 0.992764949799 2.58264446259 1.541654706 0.103                                0.003 0.105697625945 -0.00595369025654 0.00723505020142 0.00735553741454 0.0291416207936
* 361 36.2834489346 1.0 2.6 1.57079632679 0.1 0.0 0.994643211365 2.59358406067 1.53971707821 0.103                                0.0 0.104945044841 0.00296816621602 0.00535678863525 0.00641593933104 0.031079248586
* 362 36.3839929104 1.0 2.61 1.57079632679 0.1 0.0 0.993389606476 2.60385227203 1.54039895535 0.104                                -0.002 0.10476992377 -0.00261199217563 0.00661039352417 0.0061477279663 0.0303973714497
* 363 36.484498024 1.0 2.62 1.57079632679 0.1 0.0 0.993158817291 2.61065673828 1.53863418102 0.104                                -0.001 0.107202614222 -0.00173943638052 0.00684118270874 0.00934326171874 0.0321621457723
* 364 36.5850729942 1.0 2.63 1.57079632679 0.1 0.0 0.99350976944 2.62087917328 1.53999888897 0.105                                -0.001 0.107023194028 -0.00145158480208 0.0064902305603 0.00912082672118 0.0307974378255
* 365 36.6856970787 1.0 2.64 1.57079632679 0.1 0.0 0.993274688721 2.63378047943 1.54185652733 0.105                                -0.0 0.104824127571 -0.00420635110394 0.0067253112793 0.00621952056884 0.0289397994664
* 366 36.7863519192 1.0 2.65 1.57079632679 0.1 0.0 0.991849422455 2.64464569092 1.54153013229 0.105                                -0.002 0.104200082828 -0.00975015760495 0.00815057754517 0.00535430908202 0.0292661945012
* 367 36.8868460655 1.0 2.66 1.57079632679 0.1 0.0 0.991909503937 2.65226459503 1.54009449482 0.105                                -0.002 0.106009353952 -0.00809586585435 0.00809049606323 0.00773540496825 0.0307018319753
* 368 36.9873330593 1.0 2.67 1.57079632679 0.1 0.0 0.991487979889 2.66276550293 1.54152965546 0.105                                -0.004 0.105634462757 -0.0109748602219 0.00851202011108 0.0072344970703 0.0292666713384
* 369 37.0877809525 1.0 2.68 1.57079632679 0.1 0.0 0.990072727203 2.67117500305 1.54176878929 0.105                                -0.005 0.106871423895 -0.0166374831237 0.00992727279663 0.00882499694823 0.0290275375035
* 370 37.1882359982 1.0 2.69 1.57079632679 0.1 0.0 0.990984916687 2.68032264709 1.54015791416 0.105                                -0.009 0.107503809769 -0.0116046797777 0.00901508331299 0.00967735290526 0.0306384126332
* 371 37.288672924 1.0 2.7 1.57079632679 0.1 0.0 0.991241931915 2.69043064117 1.54091596603 0.106                                -0.011 0.107413334713 -0.0111954617237 0.00875806808472 0.00956935882567 0.029880360761
* 372 37.3891248703 1.0 2.71 1.57079632679 0.1 0.0 0.991055011749 2.69949054718 1.54065310955 0.106                                -0.011 0.108131667668 -0.011619642765 0.00894498825073 0.0105094528198 0.0301432172444
* 373 37.489554882 1.0 2.72 1.57079632679 0.1 0.0 0.992294311523 2.71043586731 1.53965544701 0.106                                -0.01 0.107388752134 -0.00598239434639 0.00770568847656 0.00956413269042 0.0311408797887
* 374 37.5900130272 1.0 2.73 1.57079632679 0.1 0.0 0.991588592529 2.72209262848 1.5404856205 0.106                                -0.012 0.10614605116 -0.00966740137033 0.0084114074707 0.00790737152098 0.0303107062962
* 375 37.6904659271 1.0 2.74 1.57079632679 0.1 0.0 0.991507530212 2.72813606262 1.53932321072 0.106                                -0.01 0.109152933636 -0.00857330659284 0.0084924697876 0.0118639373779 0.0314731160786
* 376 37.7909860611 1.0 2.75 1.57079632679 0.1 0.0 0.989775180817 2.73990917206 1.54034674168 0.107                                -0.009 0.107844749667 -0.0165418513093 0.0102248191834 0.0100908279419 0.0304495851186
* 377 37.8914129734 1.0 2.76 1.57079632679 0.1 0.0 0.989217281342 2.74786758423 1.53992366791 0.107                                -0.008 0.109408422667 -0.0181816193665 0.0107827186584 0.0121324157715 0.0308726588872
* 378 37.9918370247 1.0 2.77 1.57079632679 0.1 0.0 0.987485408783 2.75771427155 1.54003119469 0.107                                -0.012 0.109564637341 -0.0251739334389 0.012514591217 0.0122857284546 0.030765132108
* 379 38.0922529697 1.0 2.78 1.57079632679 0.1 0.0 0.986565113068 2.76810359955 1.54042077065 0.108                                -0.015 0.109288110537 -0.0292161145007 0.0134348869324 0.0118964004516 0.0303755561498
* 380 38.1927630901 1.0 2.79 1.57079632679 0.1 0.0 0.98784160614 2.77798938751 1.54004442692 0.108                                -0.018 0.109347544594 -0.023794366566 0.0121583938599 0.0120106124878 0.0307518998769
* 381 38.2931780815 1.0 2.8 1.57079632679 0.1 0.0 0.989192962646 2.79119586945 1.53971779346 0.108                                -0.021 0.106885212749 -0.0185260245164 0.0108070373535 0.00880413055418 0.0310785333302
* 382 38.3938190937 1.0 2.81 1.57079632679 0.1 0.0 0.987181663513 2.80193901062 1.53920125961 0.108                                -0.022 0.106372218583 -0.0262502057644 0.0128183364868 0.00806098937987 0.0315950671819
* 383 38.4944179058 1.0 2.82 1.57079632679 0.1 0.0 0.987312793732 2.80687046051 1.53732156754 0.107                                -0.02 0.110225279998 -0.0235571337937 0.0126872062683 0.0131295394897 0.0334747592595
* 384 38.595072031 1.0 2.83 1.57079632679 0.1 0.0 0.98669052124 2.81683921814 1.5378446579 0.107                                -0.022 0.110261413847 -0.026466091118 0.0133094787598 0.0131607818603 0.0329516688969
* 385 38.6967179775 1.0 2.84 1.57079632679 0.1 0.0 0.985373020172 2.82616901398 1.53717660904 0.108                                -0.023 0.110807685118 -0.0310996603043 0.0146269798279 0.0138309860229 0.0336197177556
* 386 38.7976129055 1.0 2.85 1.57079632679 0.1 0.0 0.984707355499 2.83539104462 1.53594982624 0.109                                -0.025 0.111424336 -0.032650936432 0.0152926445007 0.0146089553833 0.0348465005544
* 387 38.8980419636 1.0 2.86 1.57079632679 0.1 0.0 0.984473228455 2.84488010406 1.53628790379 0.109                                -0.028 0.111815392952 -0.0337934178186 0.0155267715454 0.015119895935 0.0345084230092
* 388 38.9987099171 1.0 2.87 1.57079632679 0.1 0.0 0.985504627228 2.85385990143 1.53469836712 0.11                                -0.028 0.112573382601 -0.0282173008695 0.0144953727722 0.0161400985718 0.0360979596761
* 389 39.099339962 1.0 2.88 1.57079632679 0.1 0.0 0.985697746277 2.86817264557 1.53604507446 0.111                                -0.03 0.109287671573 -0.029156397385 0.0143022537231 0.0118273544311 0.034751252332
* 390 39.1997680664 1.0 2.89 1.57079632679 0.1 0.0 0.98681640625 2.87776660919 1.53543949127 0.111                                -0.03 0.109569883569 -0.0241376896994 0.01318359375 0.0122333908081 0.0353568355229
* 391 39.300424099 1.0 2.9 1.57079632679 0.1 0.0 0.984622955322 2.88561248779 1.53419041634 0.11                                -0.028 0.11127215538 -0.0315788388898 0.0153770446777 0.014387512207 0.0366059104588
* 392 39.4014708996 1.0 2.91 1.57079632679 0.1 0.0 0.984503269196 2.89282417297 1.53302145004 0.11                                -0.027 0.113399070152 -0.0306789450706 0.0154967308044 0.0171758270263 0.0377748767522
* 393 39.5020868778 1.0 2.92 1.57079632679 0.1 0.0 0.982368469238 2.90410327911 1.53436434269 0.111                                -0.029 0.112477802702 -0.040513308166 0.0176315307617 0.0158967208862 0.0364319841054
* 394 39.6039600372 1.0 2.93 1.57079632679 0.1 0.0 0.984421253204 2.91456699371 1.53359377384 0.111                                -0.03 0.112075290812 -0.0317410575336 0.0155787467957 0.0154330062866 0.037202552953
* 395 39.7047250271 1.0 2.94 1.57079632679 0.1 0.0 0.984392642975 2.92210674286 1.53395557404 0.111                                -0.033 0.113939243915 -0.0317906937093 0.0156073570251 0.0178932571411 0.0368407527593
* 396 39.8055379391 1.0 2.95 1.57079632679 0.1 0.0 0.985094547272 2.93336105347 1.53272628784 0.111                                -0.032 0.112977026027 -0.0281523128981 0.0149054527283 0.0166389465332 0.0380700389531
* 397 39.9060189724 1.0 2.96 1.57079632679 0.1 0.0 0.985638141632 2.94785785675 1.5333315134 0.112                                -0.032 0.109546866446 -0.0271541401625 0.0143618583679 0.0121421432495 0.0374648133901
* 398 40.006467104 1.0 2.97 1.57079632679 0.1 0.0 0.983694553375 2.95850658417 1.53362751007 0.112                                -0.031 0.109107653347 -0.0352591973067 0.0163054466248 0.0114934158325 0.0371688167241
* 399 40.1069540977 1.0 2.98 1.57079632679 0.1 0.0 0.982962608337 2.96729373932 1.53417408466 0.111                                -0.03 0.110043292826 -0.0384486325047 0.0170373916626 0.0127062606811 0.0366222421315
* 400 40.2075688839 1.0 2.99 1.57079632679 0.1 0.0 0.980977535248 2.97627449036 1.53297066689 0.11                                -0.032 0.110883907814 -0.0452515634621 0.0190224647522 0.0137255096435 0.0378256599095
* 401 40.3081519604 1.0 3.0 1.57079632679 0.1 0.0 0.982286930084 2.98322486877 1.53211176395 0.11                                -0.035 0.113167006452 -0.038844645193 0.0177130699158 0.0167751312256 0.0386845628407
* 402 40.408780098 1.0 3.01 1.57079632679 0.1 0.0 0.981551170349 2.9931306839 1.53052425385 0.111                                -0.037 0.113275173142 -0.0404544153787 0.0184488296509 0.0168693161011 0.0402720729497
* 403 40.5092430115 1.0 3.02 1.57079632679 0.1 0.0 0.982440948486 3.00259399414 1.53078305721 0.111                                -0.037 0.113652703325 -0.0370269093794 0.0175590515137 0.0174060058594 0.0400132695821
* 404 40.6096990108 1.0 3.03 1.57079632679 0.1 0.0 0.982668876648 3.01608848572 1.53083193302 0.112                                -0.038 0.110995347317 -0.0367150285492 0.0173311233521 0.0139115142822 0.0399643937734
* 405 40.7103259563 1.0 3.04 1.57079632679 0.1 0.0 0.982555866241 3.02593994141 1.52879321575 0.112                                -0.038 0.11112914511 -0.0354753018692 0.0174441337585 0.0140600585937 0.0420031110432
* 406 40.8110508919 1.0 3.05 1.57079632679 0.1 0.0 0.981411457062 3.03607845306 1.52832794189 0.111                                -0.037 0.111064971753 -0.0396917009832 0.0185885429382 0.013921546936 0.0424683849004
* 407 40.9116508961 1.0 3.06 1.57079632679 0.1 0.0 0.980573177338 3.04585075378 1.52851295471 0.111                                -0.037 0.111262780787 -0.043154613768 0.0194268226624 0.0141492462158 0.042283372083
* 408 41.0120699406 1.0 3.07 1.57079632679 0.1 0.0 0.980402469635 3.05221843719 1.52685666084 0.111                                -0.037 0.114039038081 -0.0418423400264 0.019597530365 0.0177815628052 0.043939665952
* 409 41.1125929356 1.0 3.08 1.57079632679 0.1 0.0 0.981352806091 3.06374645233 1.52760314941 0.111                                -0.04 0.112841891707 -0.0389305950044 0.0186471939087 0.0162535476684 0.0431931773808
* 410 41.2134120464 1.0 3.09 1.57079632679 0.1 0.0 0.980969905853 3.06918811798 1.52577149868 0.112                                -0.04 0.116327821835 -0.0381248513699 0.0190300941467 0.020811882019 0.0450248281148
* 411 41.3156030178 1.0 3.1 1.57079632679 0.1 0.0 0.982035160065 3.08330154419 1.52634716034 0.112                                -0.04 0.113167785541 -0.0350858864454 0.0179648399353 0.0166984558105 0.0444491664555
* 412 41.4171850681 1.0 3.11 1.57079632679 0.1 0.0 0.982153892517 3.09255409241 1.52443993092 0.113                                -0.038 0.113746500023 -0.0328919541655 0.0178461074829 0.0174459075928 0.0463563958791
* 413 41.5177989006 1.0 3.12 1.57079632679 0.1 0.0 0.981186389923 3.10496234894 1.52324342728 0.113                                -0.037 0.111965560268 -0.0362199997286 0.0188136100769 0.015037651062 0.0475528995183
* 414 41.6181950569 1.0 3.13 1.57079632679 0.1 0.0 0.981216907501 3.11684513092 1.52401828766 0.113                                -0.036 0.110530127963 -0.0370876093264 0.0187830924988 0.0131548690796 0.0467780391362
* 415 41.7189509869 1.0 3.14 1.57079632679 0.1 0.0 0.979471683502 3.12182235718 1.52240669727 0.112                                -0.036 0.114416268455 -0.0417749370081 0.0205283164978 0.0181776428222 0.0483896295216
* 416 41.8193800449 1.0 3.15 1.57079632679 0.1 0.0 0.979942798615 3.13370800018 1.52354836464 0.112                                -0.037 0.112958319212 -0.0412026802696 0.0200572013855 0.0162919998169 0.0472479621556
* 417 41.9201638699 1.0 3.16 1.57079632679 0.1 0.0 0.97872543335 3.14373970032 1.5237711668 0.112                                -0.039 0.112975510178 -0.046257159517 0.0212745666504 0.0162602996826 0.0470251599934
* 418 42.0208480358 1.0 3.17 1.57079632679 0.1 0.0 0.980195522308 3.15146350861 1.52104103565 0.112                                -0.04 0.114674584416 -0.0376706323877 0.0198044776917 0.018536491394 0.0497552911427
* 419 42.1227660179 1.0 3.18 1.57079632679 0.1 0.0 0.979768276215 3.16252040863 1.52119922638 0.112                                -0.041 0.113888036933 -0.0397195013248 0.0202317237854 0.0174795913696 0.0495971004155
* 420 42.2232139111 1.0 3.19 1.57079632679 0.1 0.0 0.979580402374 3.17537975311 1.52036929131 0.113                                -0.04 0.111735920967 -0.0403553608669 0.0204195976257 0.0146202468872 0.0504270354894
* 421 42.323941946 1.0 3.2 1.57079632679 0.1 0.0 0.981920719147 3.18130683899 1.51526963711 0.113                                -0.04 0.114772627211 -0.0259141288043 0.0180792808533 0.0186931610107 0.055526689687
* 422 42.4244880676 1.0 3.21 1.57079632679 0.1 0.0 0.980915546417 3.1940984726 1.51893734932 0.112                                -0.039 0.112668541797 -0.0335799215091 0.0190844535828 0.0159015274048 0.0518589774754
* 423 42.5251638889 1.0 3.22 1.57079632679 0.1 0.0 0.981706142426 3.19960975647 1.51466083527 0.113                                -0.034 0.116072191718 -0.0258802618656 0.0182938575745 0.0203902435302 0.0561354915288
* 424 42.6260099411 1.0 3.23 1.57079632679 0.1 0.0 0.978964805603 3.21231460571 1.5173188448 0.113                                -0.033 0.114113463564 -0.0396526579287 0.021035194397 0.0176853942871 0.0534774819997
* 425 42.7264389992 1.0 3.24 1.57079632679 0.1 0.0 0.980753421783 3.22013759613 1.51722276211 0.114                                -0.032 0.115691586446 -0.0319620188796 0.0192465782166 0.0198624038696 0.053573564687
* 426 42.8269178867 1.0 3.25 1.57079632679 0.1 0.0 0.980077266693 3.23234558105 1.51580488682 0.114                                -0.034 0.114058410461 -0.0339534893357 0.0199227333069 0.0176544189453 0.054991439977
* 427 42.9275090694 1.0 3.26 1.57079632679 0.1 0.0 0.980023860931 3.24181270599 1.51613616943 0.114                                -0.033 0.11446150163 -0.0343265749786 0.0199761390686 0.0181872940063 0.0546601573613
* 428 43.0285010338 1.0 3.27 1.57079632679 0.1 0.0 0.980717182159 3.25286483765 1.51457083225 0.114                                -0.033 0.113648505553 -0.0304855338557 0.0192828178406 0.0171351623535 0.0562254945424
* 429 43.1290919781 1.0 3.28 1.57079632679 0.1 0.0 0.982604980469 3.26463794708 1.51425302029 0.114                                -0.033 0.112226611872 -0.0230828925813 0.0173950195313 0.0153620529175 0.0565433065083
* 430 43.2295498848 1.0 3.29 1.57079632679 0.1 0.0 0.981956958771 3.2727689743 1.51413416862 0.113                                -0.03 0.113671454165 -0.0251494844835 0.0180430412292 0.0172310256958 0.05666215817
* 431 43.330206871 1.0 3.3 1.57079632679 0.1 0.0 0.980949401855 3.28100585938 1.51218593121 0.113                                -0.028 0.11506600325 -0.027138915585 0.0190505981445 0.018994140625 0.0586103955891
* 432 43.4306409359 1.0 3.31 1.57079632679 0.1 0.0 0.980524539948 3.29001331329 1.51227998734 0.113                                -0.027 0.11583613342 -0.0286822032578 0.0194754600525 0.0199866867065 0.0585163394597
* 433 43.5310819149 1.0 3.32 1.57079632679 0.1 0.0 0.97985458374 3.30061435699 1.5120215416 0.113                                -0.027 0.115412697375 -0.0312806712827 0.0201454162598 0.0193856430053 0.0587747851994
* 434 43.6315588951 1.0 3.33 1.57079632679 0.1 0.0 0.980109214783 3.31032657623 1.51237905025 0.114                                -0.028 0.115616397271 -0.0304973689462 0.0198907852173 0.0196734237671 0.0584172765401
* 435 43.7324099541 1.0 3.34 1.57079632679 0.1 0.0 0.979121208191 3.32047748566 1.51094555855 0.114                                -0.028 0.115558787525 -0.033271131961 0.0208787918091 0.0195225143432 0.0598507682469
* 436 43.8328850269 1.0 3.35 1.57079632679 0.1 0.0 0.980989933014 3.33374786377 1.51191949844 0.115                                -0.029 0.112988819892 -0.0273988529844 0.0190100669861 0.0162521362304 0.0588768283513
* 437 43.9333560467 1.0 3.36 1.57079632679 0.1 0.0 0.982531547546 3.34452724457 1.51219081879 0.115                                -0.03 0.112327679142 -0.0216503175515 0.0174684524536 0.0154727554321 0.0586055080083
* 438 44.0340650082 1.0 3.37 1.57079632679 0.1 0.0 0.982386112213 3.35207748413 1.50920522213 0.113                                -0.029 0.114209657762 -0.0191649171614 0.0176138877869 0.0179225158691 0.0615911046651
* 439 44.1347649097 1.0 3.38 1.57079632679 0.1 0.0 0.982681274414 3.37025928497 1.50954437256 0.113                                -0.026 0.107995879522 -0.020272966055 0.0173187255859 0.00974071502683 0.0612519542363
* 440 44.2354209423 1.0 3.39 1.57079632679 0.1 0.0 0.982681274414 3.37025928497 1.50954437256 0.113                                -0.024 0.11557111327 -0.0178244196329 0.0173187255859 0.0197407150268 0.0612519542363
* 441 44.3367869854 1.0 3.4 1.57079632679 0.1 0.0 0.98219203949 3.38842868805 1.50986528397 0.112                                -0.021 0.10940313053 -0.0220377817375 0.0178079605103 0.0115713119507 0.0609310428288
* 442 44.4372289181 1.0 3.41 1.57079632679 0.1 0.0 0.98219203949 3.38842868805 1.50986528397 0.113                                -0.021 0.116978512977 -0.0196020478251 0.0178079605103 0.0215713119507 0.0609310428288
* 443 44.5376529694 1.0 3.42 1.57079632679 0.1 0.0 0.981709003448 3.40070533752 1.50937175751 0.112                                -0.02 0.115279566347 -0.021670351354 0.0182909965515 0.0192946624756 0.0614245692876
* 444 44.6381158829 1.0 3.43 1.57079632679 0.1 0.0 0.980929374695 3.41216659546 1.50897288322 0.113                                -0.02 0.114211936142 -0.024808790718 0.0190706253052 0.017833404541 0.0618234435704
* 445 44.7385630608 1.0 3.44 1.57079632679 0.1 0.0 0.98036813736 3.42288780212 1.50815868378 0.114                                -0.021 0.113698327906 -0.0265501542095 0.0196318626404 0.0171121978759 0.062637643018
* 446 44.8390190601 1.0 3.45 1.57079632679 0.1 0.0 0.982483386993 3.43474197388 1.5107666254 0.113                                -0.023 0.112176611171 -0.0207193663629 0.0175166130066 0.015258026123 0.0600297013905
* 447 44.9394550323 1.0 3.46 1.57079632679 0.1 0.0 0.983471393585 3.45047092438 1.50659406185 0.113                                -0.023 0.107815955494 -0.0148066476218 0.0165286064148 0.00952907562253 0.0642022649434
* 448 45.0399520397 1.0 3.47 1.57079632679 0.1 0.0 0.983539581299 3.46243476868 1.50655555725 0.112                                -0.022 0.106325471672 -0.0150078968899 0.0164604187012 0.00756523132321 0.0642407695439
* 449 45.1403739452 1.0 3.48 1.57079632679 0.1 0.0 0.983348846436 3.47122859955 1.50799787045 0.11                                -0.019 0.107239868956 -0.0166107738205 0.0166511535645 0.00877140045163 0.0627984563496
* 450 45.241093874 1.0 3.49 1.57079632679 0.1 0.0 0.982452869415 3.4809551239 1.50730311871 0.108                                -0.017 0.10749423676 -0.0195635247941 0.0175471305847 0.0090448760986 0.0634932080891
* 451 45.3415360451 1.0 3.5 1.57079632679 0.1 0.0 0.982452869415 3.4809551239 1.50730311871 0.108                                -0.017 0.115068410244 -0.0170255025648 0.0175471305847 0.0190448760986 0.0634932080891
