### Ensaio do Controlador Klancar com Laser (Meio Retângulo) ###

# Parâmetros #

# Número do Ensaio: 2
# Frequência: 10.0 Hz
# Lado Menor: 1.00 m
# Lado Maior: 3.00 m
# Velocidade Linear da Base: 0.20 m/s
# Parâmetro ksi: 0.80
# Parâmetro w_n: 1.10
# Parâmetro g: 30.00

* 1 0.0 0.0 0.0 0.0 0.2 0.0 0.0 0.0 0.0 0.0                                0.0 0.2 0.0 0.0 0.0 0.0
* 2 0.101239919662 0.02 0.0 0.0 0.2 0.0 -0.00303983688354 0.000833988189697 0.000628213747405 0.0                                0.0 0.240381237104 -0.00619184968792 0.0230398368835 -0.000833988189697 -0.000628213747405
* 3 0.201612949371 0.04 0.0 0.0 0.2 0.0 -0.00207901000977 -0.000572681427002 0.000788484525401 0.021                                0.005 0.273753099876 0.00185502919052 0.0420790100098 0.000572681427002 -0.000788484525401
* 4 0.301991939545 0.06 0.0 0.0 0.2 0.0 -0.00253486633301 -0.00118541717529 0.00062617630465 0.064                                0.0 0.309606862453 0.00578004772514 0.062534866333 0.00118541717529 -0.00062617630465
* 5 0.402415037155 0.08 0.0 0.0 0.2 0.0 0.0062255859375 0.00228214263916 -0.00173312821425 0.119                                0.004 0.329311752227 -0.00988799760558 0.0737744140625 -0.00228214263916 0.00173312821425
* 6 0.5030169487 0.1 0.0 0.0 0.2 0.0 0.0319871902466 0.00436639785767 -0.000474278116599 0.166                                0.007 0.319210474092 -0.0251735692493 0.0680128097534 -0.00436639785767 0.000474278116599
* 7 0.603714942932 0.12 0.0 0.0 0.2 0.0 0.06214427948 0.00576877593994 0.000215679116081 0.2                                0.01 0.301402238528 -0.0350655478726 0.05785572052 -0.00576877593994 -0.000215679116081
* 8 0.704710006714 0.14 0.0 0.0 0.2 0.0 0.0887422561646 0.00668096542358 0.00235218205489 0.219                                0.009 0.28981172676 -0.0449317843999 0.0512577438354 -0.00668096542358 -0.00235218205489
* 9 0.805227041245 0.16 0.0 0.0 0.2 0.0 0.117164611816 0.00969982147217 0.00577100459486 0.239                                0.009 0.274975413843 -0.0697960808594 0.0428353881836 -0.00969982147217 -0.00577100459486
* 10 0.906084060669 0.18 0.0 0.0 0.2 0.0 0.149348258972 0.0104079246521 0.00605865987018 0.25                                0.001 0.253608501231 -0.0741797327701 0.0306517410278 -0.0104079246521 -0.00605865987018
* 11 1.00658512115 0.2 0.0 0.0 0.2 0.0 0.175760746002 0.0116286277771 0.00607885839418 0.255                                -0.019 0.242356059296 -0.0813090432286 0.0242392539978 -0.0116286277771 -0.00607885839418
* 12 1.10716509819 0.22 0.0 0.0 0.2 0.0 0.200119018555 0.0151014328003 0.00695434212685 0.253                                -0.039 0.234655890248 -0.103624914136 0.0198809814453 -0.0151014328003 -0.00695434212685
* 13 1.20771312714 0.24 0.0 0.0 0.2 0.0 0.225764274597 0.0176458358765 0.00509317126125 0.246                                -0.059 0.224790690424 -0.115235533411 0.0142357254028 -0.0176458358765 -0.00509317126125
* 14 1.30824899673 0.26 0.0 0.0 0.2 0.0 0.248888969421 0.0167360305786 0.00196419865824 0.242                                -0.074 0.219416398622 -0.103989610229 0.0111110305786 -0.0167360305786 -0.00196419865824
* 15 1.40879392624 0.28 0.0 0.0 0.2 0.0 0.26894235611 0.0172271728516 0.000575995596591 0.234                                -0.087 0.219363439012 -0.104410789386 0.0110576438904 -0.0172271728516 -0.000575995596591
* 16 1.50938296318 0.3 0.0 0.0 0.2 0.0 0.29022359848 0.0198125839233 -0.00240642228164 0.228                                -0.094 0.217218154114 -0.114516236925 0.00977640151978 -0.0198125839233 0.00240642228164
* 17 1.61028695107 0.32 0.0 0.0 0.2 0.0 0.308188438416 0.0209999084473 -0.00717336358503 0.224                                -0.098 0.220960615833 -0.112914999761 0.0118115615845 -0.0209999084473 0.00717336358503
* 18 1.71161293983 0.34 0.0 0.0 0.2 0.0 0.330702781677 0.0215439796448 -0.00831538811326 0.221                                -0.104 0.216601858657 -0.114221072287 0.00929721832275 -0.0215439796448 0.00831538811326
* 19 1.81269407272 0.36 0.0 0.0 0.2 0.0 0.351393222809 0.0224752426147 -0.00887900963426 0.221                                -0.108 0.215426487947 -0.118825279805 0.00860677719116 -0.0224752426147 0.00887900963426
* 20 1.91376399994 0.38 0.0 0.0 0.2 0.0 0.373560905457 0.0222311019897 -0.0127752460539 0.219                                -0.111 0.211766408425 -0.110490845188 0.00643909454346 -0.0222311019897 0.0127752460539
* 21 2.0148100853 0.4 0.0 0.0 0.2 0.0 0.393918037415 0.0248746871948 -0.0184662975371 0.217                                -0.112 0.211429063966 -0.116182742405 0.00608196258545 -0.0248746871948 0.0184662975371
* 22 2.1153459549 0.42 0.0 0.0 0.2 0.0 0.412466526031 0.0255560874939 -0.020928684622 0.214                                -0.111 0.214094699548 -0.115675059056 0.00753347396851 -0.0255560874939 0.020928684622
* 23 2.21590304375 0.44 0.0 0.0 0.2 0.0 0.43205499649 0.0252923965454 -0.0218699611723 0.213                                -0.116 0.214843571242 -0.112343883208 0.00794500350952 -0.0252923965454 0.0218699611723
* 24 2.31715106964 0.46 0.0 0.0 0.2 0.0 0.454100131989 0.0236978530884 -0.0277364887297 0.213                                -0.112 0.211411768469 -0.0925366232636 0.00589986801147 -0.0236978530884 0.0277364887297
* 25 2.41879701614 0.48 0.0 0.0 0.2 0.0 0.471838951111 0.0240602493286 -0.0329187549651 0.213                                -0.106 0.215575821631 -0.0849745635547 0.00816104888916 -0.0240602493286 0.0329187549651
* 26 2.51935195923 0.5 0.0 0.0 0.2 0.0 0.49889755249 0.0219445228577 -0.0313528217375 0.213                                -0.102 0.203038739892 -0.076442600358 0.00110244750977 -0.0219445228577 0.0313528217375
* 27 2.62023091316 0.52 0.0 0.0 0.2 0.0 0.518549919128 0.023325920105 -0.0329564251006 0.212                                -0.094 0.20377872575 -0.0818297100445 0.00145008087158 -0.023325920105 0.0329564251006
* 28 2.72184109688 0.54 0.0 0.0 0.2 0.0 0.537553310394 0.0227899551392 -0.0354369319975 0.208                                -0.087 0.205575290685 -0.0740230299307 0.00244668960571 -0.0227899551392 0.0354369319975
* 29 2.82237005234 0.56 0.0 0.0 0.2 0.0 0.559013366699 0.0250573158264 -0.0381682552397 0.206                                -0.084 0.203258237336 -0.0831105370045 0.000986633300782 -0.0250573158264 0.0381682552397
* 30 2.92279195786 0.58 0.0 0.0 0.2 0.0 0.578686714172 0.0260071754456 -0.0405519641936 0.205                                -0.081 0.203983473445 -0.084519394759 0.00131328582764 -0.0260071754456 0.0405519641936
* 31 3.02336096764 0.6 0.0 0.0 0.2 0.0 0.59898519516 0.0257744789124 -0.0404256023467 0.204                                -0.083 0.203439546002 -0.0834200031309 0.00101480484009 -0.0257744789124 0.0404256023467
* 32 3.12378907204 0.62 0.0 0.0 0.2 0.0 0.618936061859 0.0259919166565 -0.0413106121123 0.204                                -0.082 0.203573979413 -0.0831491982532 0.00106393814087 -0.0259919166565 0.0413106121123
* 33 3.22463297844 0.64 0.0 0.0 0.2 0.0 0.639853000641 0.0296339988708 -0.0440753139555 0.203                                -0.081 0.202351690455 -0.100341115746 0.000146999359131 -0.0296339988708 0.0440753139555
* 34 3.32532000542 0.66 0.0 0.0 0.2 0.0 0.658226013184 0.0337448120117 -0.047328773886 0.203                                -0.084 0.205680059758 -0.118784853643 0.00177398681641 -0.0337448120117 0.047328773886
* 35 3.42671895027 0.68 0.0 0.0 0.2 0.0 0.676282405853 0.0343260765076 -0.0499098934233 0.203                                -0.093 0.209260229675 -0.117109509244 0.00371759414673 -0.0343260765076 0.0499098934233
* 36 3.52723002434 0.7 0.0 0.0 0.2 0.0 0.69691991806 0.0356307029724 -0.0527399219573 0.204                                -0.102 0.208405006291 -0.120074854699 0.0030800819397 -0.0356307029724 0.0527399219573
* 37 3.62774610519 0.72 0.0 0.0 0.2 0.0 0.722601890564 0.0331258773804 -0.0585973896086 0.206                                -0.108 0.198504420004 -0.0966240353317 -0.00260189056396 -0.0331258773804 0.0585973896086
* 38 3.72853398323 0.74 0.0 0.0 0.2 0.0 0.741526603699 0.0328302383423 -0.0632889941335 0.205                                -0.109 0.200568586052 -0.0862389826974 -0.00152660369873 -0.0328302383423 0.0632889941335
* 39 3.82904911041 0.76 0.0 0.0 0.2 0.0 0.764635562897 0.0315732955933 -0.064520187676 0.203                                -0.103 0.195043956184 -0.0777535656844 -0.00463556289673 -0.0315732955933 0.064520187676
* 40 3.93044996262 0.78 0.0 0.0 0.2 0.0 0.781967163086 0.0279769897461 -0.0654371455312 0.2                                -0.094 0.199337920259 -0.0535819924882 -0.00196716308594 -0.0279769897461 0.0654371455312
* 41 4.03098893166 0.8 0.0 0.0 0.2 0.0 0.801352024078 0.031533241272 -0.0710266306996 0.199                                -0.084 0.20105424908 -0.0648088661634 -0.00135202407837 -0.031533241272 0.0710266306996
* 42 4.13151311874 0.82 0.0 0.0 0.2 0.0 0.817863464355 0.0322594642639 -0.0745199397206 0.199                                -0.075 0.207388848707 -0.0614531929633 0.00213653564453 -0.0322594642639 0.0745199397206
* 43 4.23225498199 0.84 0.0 0.0 0.2 0.0 0.835876941681 0.0318984985352 -0.0742457583547 0.2                                -0.071 0.210802820806 -0.0588972426867 0.00412305831909 -0.0318984985352 0.0742457583547
* 44 4.33266210556 0.86 0.0 0.0 0.2 0.0 0.852870941162 0.0338997840881 -0.0770762637258 0.203                                -0.067 0.216439384029 -0.0644087026171 0.00712905883789 -0.0338997840881 0.0770762637258
* 45 4.43307209015 0.88 0.0 0.0 0.2 0.0 0.880751609802 0.0372934341431 -0.0785401538014 0.205                                -0.064 0.20319864062 -0.0857663604328 -0.000751609802245 -0.0372934341431 0.0785401538014
* 46 4.53357005119 0.9 0.0 0.0 0.2 0.0 0.899346828461 0.0338349342346 -0.0797012522817 0.209                                -0.066 0.205227807819 -0.0623597818476 0.000653171539307 -0.0338349342346 0.0797012522817
* 47 4.6339969635 0.92 0.0 0.0 0.2 0.0 0.91639995575 0.0317282676697 -0.0813821032643 0.206                                -0.07 0.210147725737 -0.0453442012632 0.00360004425049 -0.0317282676697 0.0813821032643
* 48 4.73451089859 0.94 0.0 0.0 0.2 0.0 0.938544273376 0.035083770752 -0.0870598033071 0.207                                -0.063 0.20713104401 -0.0563551560514 0.00145572662354 -0.035083770752 0.0870598033071
* 49 4.83505797386 0.96 0.0 0.0 0.2 0.0 0.958484649658 0.0355911254883 -0.0889189913869 0.207                                -0.059 0.207394891171 -0.056046300828 0.0015153503418 -0.0355911254883 0.0889189913869
* 50 4.93569493294 0.98 0.0 0.0 0.2 0.0 0.98033285141 0.0356254577637 -0.0899799540639 0.207                                -0.057 0.204220749768 -0.0553585127566 -0.000332851409911 -0.0356254577637 0.0899799540639
* 51 5.03630709648 1.0 0.0 0.0 0.2 0.0 1.00045251846 0.0328545570374 -0.0899065211415 0.206                                -0.057 0.203572552371 -0.0389946930063 -0.000452518463134 -0.0328545570374 0.0899065211415
* 52 5.13689398766 1.0 0.02 1.57079632679 0.2 0.0 1.02162027359 0.0329308509827 -0.0911238864064 0.206                                -0.054 -0.0538740833945 2.0 -0.0216202735901 -0.0129308509827 1.6619202132
* 53 5.23840904236 1.0 0.04 1.57079632679 0.2 0.0 1.04168081284 0.0316009521484 -0.0924089625478 0.18                                0.063 -0.092556696461 2.0 -0.0416808128357 0.00839904785156 1.66320528934
* 54 5.33885812759 1.0 0.06 1.57079632679 0.2 0.0 1.06099176407 0.0305237770081 -0.0928381159902 0.141                                0.289 -0.12977105578 2.0 -0.0609917640686 0.0294762229919 1.66363444279
* 55 5.43954801559 1.0 0.08 1.57079632679 0.2 0.0 1.07283067703 0.0249586105347 -0.0761769488454 0.104                                0.575 -0.149843493104 2.0 -0.0728306770325 0.0550413894653 1.64697327564
* 56 5.54001498222 1.0 0.1 1.57079632679 0.2 0.0 1.07863473892 0.0278730392456 -0.0247462429106 0.081                                0.744 -0.14585865688 2.0 -0.0786347389221 0.0721269607544 1.59554256971
* 57 5.64055490494 1.0 0.12 1.57079632679 0.2 0.0 1.084877491 0.0284867286682 0.0496618933976 0.055                                0.923 -0.130691786678 2.0 -0.0848774909973 0.0915132713318 1.5211344334
* 58 5.74121594429 1.0 0.14 1.57079632679 0.2 0.0 1.08577871323 0.0301537513733 0.129228368402 0.042                                1.018 -0.0985069649962 2.0 -0.0857787132263 0.109846248627 1.44156795839
* 59 5.84186601639 1.0 0.16 1.57079632679 0.2 0.0 1.08386516571 0.0319786071777 0.203253895044 0.028                                1.125 -0.0583005254843 2.0 -0.0838651657104 0.128021392822 1.36754243175
* 60 5.94281506538 1.0 0.18 1.57079632679 0.2 0.0 1.08682775497 0.034734249115 0.279233276844 0.023                                1.166 -0.0209907678332 2.0 -0.0868277549744 0.145265750885 1.29156304995
* 61 6.04323410988 1.0 0.2 1.57079632679 0.2 0.0 1.08513402939 0.0347189903259 0.352131307125 0.015                                1.229 0.0288341085118 2.0 -0.0851340293884 0.165281009674 1.21866501967
* 62 6.14366292953 1.0 0.22 1.57079632679 0.2 0.0 1.08643245697 0.0396003723145 0.41859215498 0.011                                1.261 0.0714057588649 2.0 -0.0864324569702 0.180399627686 1.15220417182
* 63 6.24411392212 1.0 0.24 1.57079632679 0.2 0.0 1.08883666992 0.0413675308228 0.493909746408 0.007                                1.29 0.122764258657 2.0 -0.0888366699219 0.198632469177 1.07688658039
* 64 6.34462308884 1.0 0.26 1.57079632679 0.2 0.0 1.08623409271 0.0404915809631 0.568068861961 0.005                                1.303 0.187185355792 2.0 -0.0862340927124 0.219508419037 1.00272746483
* 65 6.44518208504 1.0 0.28 1.57079632679 0.2 0.0 1.08608293533 0.0402030944824 0.637107431889 0.008                                1.309 0.247717398792 2.0 -0.0860829353333 0.239796905518 0.933688894906
* 66 6.5458650589 1.0 0.3 1.57079632679 0.2 0.0 1.08692979813 0.0389757156372 0.70891970396 0.017                                1.27 0.312388633294 2.0 -0.0869297981262 0.261024284363 0.861876622834
* 67 6.64637899399 1.0 0.32 1.57079632679 0.2 0.0 1.08537817001 0.0445022583008 0.777582287788 0.04                                1.161 0.372434458341 2.0 -0.0853781700134 0.275497741699 0.793214039007
* 68 6.74688100815 1.0 0.34 1.57079632679 0.2 0.0 1.09082460403 0.0456380844116 0.83792924881 0.054                                1.094 0.425624722207 2.0 -0.0908246040344 0.294361915588 0.732867077985
* 69 6.84737706184 1.0 0.36 1.57079632679 0.2 0.0 1.09625768661 0.0538167953491 0.872658252716 0.084                                0.945 0.455857592943 2.0 -0.096257686615 0.306183204651 0.698138074079
* 70 6.94782400131 1.0 0.38 1.57079632679 0.2 0.0 1.10498714447 0.0620980262756 0.90549325943 0.105                                0.847 0.482114094681 2.0 -0.10498714447 0.317901973724 0.665303067365
* 71 7.0482749939 1.0 0.4 1.57079632679 0.2 0.0 1.1138176918 0.0845017433167 0.92939388752 0.134                                0.716 0.483970334809 2.0 -0.113817691803 0.315498256683 0.641402439275
* 72 7.14870691299 1.0 0.42 1.57079632679 0.2 0.0 1.12400436401 0.0962142944336 0.954706609249 0.148                                0.645 0.5 2.0 -0.124004364014 0.323785705566 0.616089717546
* 73 7.24990391731 1.0 0.44 1.57079632679 0.2 0.0 1.13282632828 0.114916801453 0.980083882809 0.16                                0.586 0.5 2.0 -0.132826328278 0.325083198547 0.590712443986
* 74 7.35036993027 1.0 0.46 1.57079632679 0.2 0.0 1.14703273773 0.136291503906 1.00167989731 0.168                                0.544 0.5 2.0 -0.147032737732 0.323708496094 0.569116429487
* 75 7.4517519474 1.0 0.48 1.57079632679 0.2 0.0 1.15757608414 0.156237602234 1.01792168617 0.176                                0.509 0.5 2.0 -0.157576084137 0.323762397766 0.552874640622
* 76 7.55239009857 1.0 0.5 1.57079632679 0.2 0.0 1.16601705551 0.171764373779 1.03708457947 0.179                                0.495 0.5 2.0 -0.166017055511 0.328235626221 0.533711747327
* 77 7.65282201767 1.0 0.52 1.57079632679 0.2 0.0 1.17358398438 0.191010951996 1.05831611156 0.183                                0.482 0.5 2.0 -0.173583984375 0.328989048004 0.51248021523
* 78 7.75323796272 1.0 0.54 1.57079632679 0.2 0.0 1.179459095 0.202635288239 1.0835801363 0.184                                0.478 0.5 2.0 -0.179459095001 0.337364711761 0.487216190496
* 79 7.85371208191 1.0 0.56 1.57079632679 0.2 0.0 1.18789196014 0.221288204193 1.11745262146 0.185                                0.475 0.5 2.0 -0.187891960144 0.338711795807 0.453343705335
* 80 7.95418906212 1.0 0.58 1.57079632679 0.2 0.0 1.19689941406 0.242754459381 1.14200246334 0.186                                0.471 0.5 2.0 -0.196899414062 0.337245540619 0.428793863454
* 81 8.05462789536 1.0 0.6 1.57079632679 0.2 0.0 1.20136165619 0.26185131073 1.16091215611 0.187                                0.472 0.5 2.0 -0.201361656189 0.33814868927 0.40988417069
* 82 8.15512990952 1.0 0.62 1.57079632679 0.2 0.0 1.207467556 0.281984806061 1.18160510063 0.187                                0.47 0.5 2.0 -0.207467556 0.338015193939 0.389191226163
* 83 8.25641894341 1.0 0.64 1.57079632679 0.2 0.0 1.21297693253 0.299449920654 1.20177316666 0.186                                0.468 0.5 2.0 -0.212976932526 0.340550079346 0.369023160138
* 84 8.35691308975 1.0 0.66 1.57079632679 0.2 0.0 1.21742773056 0.31526184082 1.22549510002 0.188                                0.474 0.5 2.0 -0.21742773056 0.34473815918 0.345301226774
* 85 8.45798611641 1.0 0.68 1.57079632679 0.2 0.0 1.22273921967 0.335877418518 1.25292766094 0.188                                0.473 0.5 2.0 -0.222739219666 0.344122581482 0.317868665853
* 86 8.55849909782 1.0 0.7 1.57079632679 0.2 0.0 1.22968578339 0.353178977966 1.27964258194 0.187                                0.47 0.5 2.0 -0.229685783386 0.346821022034 0.291153744855
* 87 8.65991091728 1.0 0.72 1.57079632679 0.2 0.0 1.23139810562 0.37214422226 1.30986273289 0.187                                0.47 0.5 2.0 -0.231398105621 0.34785577774 0.260933593908
* 88 8.76083612442 1.0 0.74 1.57079632679 0.2 0.0 1.2365860939 0.394339084625 1.33308959007 0.187                                0.467 0.5 2.0 -0.236586093903 0.345660915375 0.237706736722
* 89 8.86126494408 1.0 0.76 1.57079632679 0.2 0.0 1.2406463623 0.410981655121 1.35430514812 0.186                                0.466 0.5 2.0 -0.240646362305 0.349018344879 0.21649117867
* 90 8.96195292473 1.0 0.78 1.57079632679 0.2 0.0 1.24292421341 0.432085990906 1.37832784653 0.187                                0.466 0.5 2.0 -0.242924213409 0.347914009094 0.192468480268
* 91 9.06255507469 1.0 0.8 1.57079632679 0.2 0.0 1.24484777451 0.451772212982 1.39705061913 0.186                                0.463 0.5 2.0 -0.244847774506 0.348227787018 0.17374570767
* 92 9.16314506531 1.0 0.82 1.57079632679 0.2 0.0 1.24442577362 0.470245361328 1.4226526022 0.186                                0.464 0.5 2.0 -0.244425773621 0.349754638672 0.148143724599
* 93 9.26362705231 1.0 0.84 1.57079632679 0.2 0.0 1.24603509903 0.492908477783 1.44833445549 0.186                                0.464 0.5 1.93419142725 -0.24603509903 0.347091522217 0.122461871305
* 94 9.36419010162 1.0 0.86 1.57079632679 0.2 0.0 1.24904298782 0.508049964905 1.47372233868 0.186                                0.462 0.5 1.86203511302 -0.249042987823 0.351950035095 0.0970739881184
* 95 9.46462893486 1.0 0.88 1.57079632679 0.2 0.0 1.24965572357 0.527300834656 1.49969661236 0.189                                0.445 0.5 1.76910124013 -0.249655723572 0.352699165344 0.0710997144368
* 96 9.56509113312 1.0 0.9 1.57079632679 0.2 0.0 1.24798965454 0.550920009613 1.51975035667 0.193                                0.425 0.5 1.68233702411 -0.247989654541 0.349079990387 0.0510459701207
* 97 9.66554999352 1.0 0.92 1.57079632679 0.2 0.0 1.24522829056 0.570433139801 1.53398883343 0.201                                0.384 0.5 1.61206874714 -0.245228290558 0.349566860199 0.0368074933675
* 98 9.76613306999 1.0 0.94 1.57079632679 0.2 0.0 1.2480931282 0.591954708099 1.55242061615 0.206                                0.365 0.5 1.55888610775 -0.248093128204 0.348045291901 0.018375710645
* 99 9.86663007736 1.0 0.96 1.57079632679 0.2 0.0 1.24754190445 0.614115715027 1.56844317913 0.215                                0.322 0.5 1.49425520141 -0.247541904449 0.345884284973 0.00235314766434
* 100 9.96727609634 1.0 0.98 1.57079632679 0.2 0.0 1.24576854706 0.638842582703 1.58267974854 0.224                                0.286 0.5 1.42935481404 -0.245768547058 0.341157417297 -0.0118834217403
* 101 10.0677509308 1.0 1.0 1.57079632679 0.2 0.0 1.24497127533 0.666188716888 1.59137237072 0.229                                0.26 0.5 1.39224445111 -0.24497127533 0.333811283112 -0.020576043925
* 102 10.1681339741 1.0 1.02 1.57079632679 0.2 0.0 1.24291086197 0.687672615051 1.59818100929 0.236                                0.227 0.5 1.35432399255 -0.242910861969 0.332327384949 -0.0273846824977
* 103 10.2685949802 1.0 1.04 1.57079632679 0.2 0.0 1.24066925049 0.711605072021 1.60951089859 0.24                                0.209 0.5 1.29881501809 -0.240669250488 0.328394927979 -0.0387145717952
* 104 10.368956089 1.0 1.06 1.57079632679 0.2 0.0 1.23874902725 0.742897987366 1.61441230774 0.248                                0.179 0.5 1.2717275793 -0.238749027252 0.317102012634 -0.0436159809444
* 105 10.4693670273 1.0 1.08 1.57079632679 0.2 0.0 1.2370223999 0.767287254333 1.61770319939 0.251                                0.157 0.5 1.25037791931 -0.237022399902 0.312712745667 -0.0469068725917
* 106 10.5697889328 1.0 1.1 1.57079632679 0.2 0.0 1.23476696014 0.795756340027 1.62236440182 0.256                                0.14 0.5 1.22225141592 -0.234766960144 0.304243659973 -0.0515680750224
* 107 10.6702570915 1.0 1.12 1.57079632679 0.2 0.0 1.2319149971 0.821336269379 1.6259418726 0.26                                0.128 0.5 1.19395069794 -0.231914997101 0.298663730621 -0.0551455458018
* 108 10.770909071 1.0 1.14 1.57079632679 0.2 0.0 1.23094940186 0.847017765045 1.62869513035 0.264                                0.109 0.5 1.18017143714 -0.230949401855 0.292982234955 -0.0578988035533
* 109 10.8720040321 1.0 1.16 1.57079632679 0.2 0.0 1.22578477859 0.876851558685 1.6327559948 0.267                                0.102 0.5 1.13831631188 -0.225784778595 0.283148441315 -0.0619596680019
* 110 10.9739899635 1.0 1.18 1.57079632679 0.2 0.0 1.22382974625 0.903937339783 1.63649237156 0.27                                0.088 0.5 1.11619604319 -0.223829746246 0.276062660217 -0.0656960447642
* 111 11.0753259659 1.0 1.2 1.57079632679 0.2 0.0 1.22079515457 0.929638385773 1.63745605946 0.273                                0.077 0.5 1.09694003532 -0.220795154572 0.270361614227 -0.066659732661
* 112 11.1757860184 1.0 1.22 1.57079632679 0.2 0.0 1.21786880493 0.959967136383 1.63908803463 0.277                                0.066 0.5 1.07800431399 -0.217868804932 0.260032863617 -0.0682917078349
* 113 11.2762711048 1.0 1.24 1.57079632679 0.2 0.0 1.21365261078 0.986018180847 1.64165985584 0.278                                0.053 0.5 1.04659705018 -0.213652610779 0.253981819153 -0.0708635290477
* 114 11.3768100739 1.0 1.26 1.57079632679 0.2 0.0 1.2125120163 1.01217317581 1.64226710796 0.281                                0.04 0.5 1.04036538711 -0.212512016296 0.247826824188 -0.0714707811687
* 115 11.4772770405 1.0 1.28 1.57079632679 0.2 0.0 1.20738506317 1.04059267044 1.64499139786 0.282                                0.03 0.5 1.00436513035 -0.207385063171 0.239407329559 -0.0741950710628
* 116 11.5786700249 1.0 1.3 1.57079632679 0.2 0.0 1.20430278778 1.06513118744 1.64695954323 0.284                                0.019 0.5 0.981544419141 -0.204302787781 0.234868812561 -0.0761632164333
* 117 11.6793880463 1.0 1.32 1.57079632679 0.2 0.0 1.19930934906 1.09631967545 1.64970469475 0.285                                0.018 0.5 0.948039720059 -0.19930934906 0.223680324554 -0.078908367953
* 118 11.7798860073 1.0 1.34 1.57079632679 0.2 0.0 1.19659948349 1.12407684326 1.65190827847 0.286                                0.014 0.5 0.928584247313 -0.19659948349 0.215923156738 -0.0811119516704
* 119 11.8803141117 1.0 1.36 1.57079632679 0.2 0.0 1.19051885605 1.15023708344 1.65301406384 0.286                                0.008 0.5 0.891786846693 -0.190518856049 0.209762916565 -0.0822177370402
* 120 11.9807560444 1.0 1.38 1.57079632679 0.2 0.0 1.18738985062 1.18148183823 1.65418815613 0.287                                0.005 0.5 0.875056384787 -0.187389850616 0.198518161774 -0.083391829333
* 121 12.0815501213 1.0 1.4 1.57079632679 0.2 0.0 1.18145990372 1.20938014984 1.65679001808 0.286                                0.002 0.5 0.835782616458 -0.181459903717 0.190619850159 -0.0859936912868
* 122 12.1821889877 1.0 1.42 1.57079632679 0.2 0.0 1.17802667618 1.23358440399 1.65950298309 0.287                                0.0 0.5 0.809395213716 -0.178026676178 0.186415596008 -0.0887066562984
* 123 12.2828330994 1.0 1.44 1.57079632679 0.2 0.0 1.17355108261 1.26325130463 1.66037118435 0.287                                0.0 0.5 0.785266348083 -0.173551082611 0.176748695374 -0.0895748575542
* 124 12.3835809231 1.0 1.46 1.57079632679 0.2 0.0 1.17328500748 1.29058456421 1.6622672081 0.288                                -0.002 0.5 0.782191491231 -0.173285007477 0.169415435791 -0.0914708813045
* 125 12.4841809273 1.0 1.48 1.57079632679 0.2 0.0 1.16809988022 1.32063913345 1.66305017471 0.288                                -0.0 0.5 0.754531052005 -0.168099880219 0.159360866547 -0.0922538479182
* 126 12.5847260952 1.0 1.5 1.57079632679 0.2 0.0 1.16277456284 1.3500790596 1.66435933113 0.289                                -0.001 0.487398503246 0.724347091885 -0.162774562836 0.149920940399 -0.0935630043361
* 127 12.6853349209 1.0 1.52 1.57079632679 0.2 0.0 1.16105937958 1.37687301636 1.66479611397 0.289                                -0.0 0.475366191111 0.71673089487 -0.161059379578 0.143126983643 -0.093999787173
* 128 12.7860779762 1.0 1.54 1.57079632679 0.2 0.0 1.15781068802 1.40710067749 1.66787862778 0.289                                0.002 0.45770615137 0.694956728478 -0.157810688019 0.13289932251 -0.0970823009822
* 129 12.8866801262 1.0 1.56 1.57079632679 0.2 0.0 1.15505218506 1.43464899063 1.67014944553 0.289                                0.001 0.444590474985 0.676986675489 -0.155052185059 0.125351009369 -0.0993531187389
* 130 12.9874169827 1.0 1.58 1.57079632679 0.2 0.0 1.14829111099 1.46027898788 1.6690018177 0.288                                -0.0 0.433345509248 0.642903424048 -0.148291110992 0.119721012115 -0.0982054909084
* 131 13.0883710384 1.0 1.6 1.57079632679 0.2 0.0 1.14142847061 1.49354600906 1.66990327835 0.289                                0.001 0.409212985317 0.607502454427 -0.141428470612 0.106453990936 -0.0991069515559
* 132 13.1888821125 1.0 1.62 1.57079632679 0.2 0.0 1.1389632225 1.52050924301 1.67097306252 0.289                                0.0 0.396860227274 0.594318215155 -0.138963222504 0.0994907569885 -0.10017673572
* 133 13.2893481255 1.0 1.64 1.57079632679 0.2 0.0 1.13221359253 1.55123567581 1.67024612427 0.288                                0.007 0.376829148326 0.562176733955 -0.132213592529 0.0887643241882 -0.0994497974727
* 134 13.3898360729 1.0 1.66 1.57079632679 0.2 0.0 1.13019227982 1.57864522934 1.67318665981 0.285                                0.02 0.364120844614 0.547709380165 -0.130192279816 0.0813547706604 -0.102390333018
* 135 13.4903190136 1.0 1.68 1.57079632679 0.2 0.0 1.12784099579 1.60605144501 1.67304813862 0.28                                0.031 0.35076042691 0.538532345695 -0.127840995789 0.0739485549927 -0.102251811824
* 136 13.5909841061 1.0 1.7 1.57079632679 0.2 0.0 1.121986866 1.63095474243 1.67562007904 0.275                                0.061 0.341625532198 0.500831812133 -0.121986865997 0.0690452575684 -0.104823752246
* 137 13.6919651031 1.0 1.72 1.57079632679 0.2 0.0 1.11794900894 1.66088581085 1.67848658562 0.272                                0.079 0.32407122032 0.476722008617 -0.117949008942 0.059114189148 -0.107690258822
* 138 13.7925870419 1.0 1.74 1.57079632679 0.2 0.0 1.11442327499 1.68902778625 1.67852401733 0.267                                0.097 0.309225452322 0.460861107097 -0.114423274994 0.0509722137451 -0.107727690539
* 139 13.8932180405 1.0 1.76 1.57079632679 0.2 0.0 1.10898447037 1.71704101562 1.68300890923 0.263                                0.114 0.294953058136 0.424255321399 -0.108984470367 0.042958984375 -0.112212582431
* 140 13.9937701225 1.0 1.78 1.57079632679 0.2 0.0 1.1044883728 1.7421503067 1.68843507767 0.256                                0.141 0.285993296541 0.389756392872 -0.104488372803 0.0378496932983 -0.117638750872
* 141 14.0944170952 1.0 1.8 1.57079632679 0.2 0.0 1.09791183472 1.76543426514 1.69632053375 0.254                                0.153 0.280018400943 0.336876374158 -0.0979118347168 0.0345657348633 -0.125524206958
* 142 14.1959049702 1.0 1.82 1.57079632679 0.2 0.0 1.09507417679 1.78926181793 1.70623230934 0.248                                0.165 0.274050142453 0.302938903606 -0.0950741767883 0.0307381820679 -0.135435982547
* 143 14.2966749668 1.0 1.84 1.57079632679 0.2 0.0 1.08867645264 1.8137140274 1.71537876129 0.248                                0.168 0.26589768379 0.250372326215 -0.0886764526367 0.0262859725952 -0.144582434497
* 144 14.3972170353 1.0 1.86 1.57079632679 0.2 0.0 1.08468151093 1.83940887451 1.72088801861 0.247                                0.168 0.255629450728 0.22083547502 -0.0846815109253 0.0205911254883 -0.150091691813
* 145 14.4983530045 1.0 1.88 1.57079632679 0.2 0.0 1.08191919327 1.86377048492 1.72908651829 0.246                                0.163 0.248222333954 0.192583658431 -0.0819191932678 0.0162295150757 -0.158290191493
* 146 14.5988500118 1.0 1.9 1.57079632679 0.2 0.0 1.07484054565 1.89196968079 1.73725652695 0.246                                0.165 0.23285032138 0.143096152355 -0.0748405456543 0.00803031921387 -0.166460200152
* 147 14.6993029118 1.0 1.92 1.57079632679 0.2 0.0 1.06684017181 1.91725635529 1.74007248878 0.245                                0.166 0.221617879315 0.0958432346819 -0.066840171814 0.00274364471436 -0.16927616199
* 148 14.8002030849 1.0 1.94 1.57079632679 0.2 0.0 1.06069231033 1.9355173111 1.74811530113 0.239                                0.154 0.223361516287 0.0429106114917 -0.0606923103333 0.00448268890381 -0.177318974337
* 149 14.9008901119 1.0 1.96 1.57079632679 0.2 0.0 1.05592775345 1.95792961121 1.76464951038 0.233                                0.137 0.218698388469 -0.0128807870483 -0.0559277534485 0.00207038879395 -0.193853183589
* 150 15.0014300346 1.0 1.98 1.57079632679 0.2 0.0 1.05149507523 1.98626232147 1.77061247826 0.228                                0.089 0.203177804818 -0.0399392933106 -0.0514950752258 -0.00626232147217 -0.199816151461
* 151 15.1022291183 1.0 2.0 1.57079632679 0.2 0.0 1.04540491104 2.00618076324 1.77110564709 0.224                                0.053 0.201219099612 -0.0767235152029 -0.0454049110413 -0.00618076324463 -0.200309320292
* 152 15.2028269768 1.0 2.02 1.57079632679 0.2 0.0 1.0415892601 2.02115249634 1.77352511883 0.215                                0.016 0.208602230131 -0.109507668998 -0.0415892601013 -0.00115249633789 -0.202728792033
* 153 15.3034329414 1.0 2.04 1.57079632679 0.2 0.0 1.04084062576 2.03995227814 1.77573537827 0.211                                -0.012 0.210464015238 -0.119341623583 -0.0408406257629 4.77218627943e-05 -0.20493905147
* 154 15.4039239883 1.0 2.06 1.57079632679 0.2 0.0 1.03171062469 2.05996513367 1.77388703823 0.21                                -0.054 0.207159693247 -0.169648336562 -0.0317106246948 3.48663330092e-05 -0.203090711436
* 155 15.5044400692 1.0 2.08 1.57079632679 0.2 0.0 1.02680826187 2.07769870758 1.76952695847 0.209                                -0.077 0.209294156739 -0.193359871277 -0.0268082618713 0.00230129241943 -0.198730631671
* 156 15.6050560474 1.0 2.1 1.57079632679 0.2 0.0 1.02300930023 2.09611988068 1.76168489456 0.208                                -0.116 0.210696027831 -0.203441640842 -0.0230093002319 0.00388011932373 -0.190888567767
* 157 15.7055840492 1.0 2.12 1.57079632679 0.2 0.0 1.01756429672 2.11668682098 1.75053477287 0.209                                -0.14 0.207995128913 -0.214895524438 -0.0175642967224 0.00331317901611 -0.179738446078
* 158 15.8061881065 1.0 2.14 1.57079632679 0.2 0.0 1.01189851761 2.1391582489 1.74035823345 0.209                                -0.165 0.202105185413 -0.227678224719 -0.0118985176086 0.000841751098634 -0.169561906657
* 159 15.9068179131 1.0 2.16 1.57079632679 0.2 0.0 1.00888299942 2.15830516815 1.73102796078 0.207                                -0.19 0.202854611174 -0.229847099904 -0.00888299942017 0.00169483184815 -0.160231633982
* 160 16.0072879791 1.0 2.18 1.57079632679 0.2 0.0 1.00531625748 2.17461490631 1.71665227413 0.205                                -0.199 0.208568925935 -0.228780639397 -0.00531625747681 0.00538509368897 -0.145855947337
* 161 16.1085951328 1.0 2.2 1.57079632679 0.2 0.0 0.99810552597 2.19616413116 1.70864999294 0.205                                -0.212 0.204305746789 -0.256039501841 0.00189447402954 0.00383586883545 -0.137853666148
* 162 16.2092399597 1.0 2.22 1.57079632679 0.2 0.0 0.997594356537 2.2156419754 1.69822621346 0.205                                -0.219 0.205418945468 -0.240987787944 0.00240564346314 0.00435802459717 -0.12742988666
* 163 16.3097651005 1.0 2.24 1.57079632679 0.2 0.0 0.996925354004 2.23489570618 1.68454480171 0.205                                -0.233 0.206984400053 -0.221173122989 0.00307464599609 0.00510429382324 -0.113748474917
* 164 16.4102120399 1.0 2.26 1.57079632679 0.2 0.0 0.993376255035 2.25264072418 1.67320084572 0.205                                -0.234 0.210596576393 -0.223533756186 0.0066237449646 0.00735927581787 -0.102404518923
* 165 16.510625124 1.0 2.28 1.57079632679 0.2 0.0 0.989800930023 2.27279567719 1.66350889206 0.206                                -0.229 0.210058968188 -0.227431897643 0.0101990699768 0.00720432281494 -0.0927125652644
* 166 16.6112220287 1.0 2.3 1.57079632679 0.2 0.0 0.987837791443 2.29312992096 1.65017950535 0.207                                -0.228 0.209683090267 -0.215148085555 0.0121622085571 0.00687007904053 -0.0793831785533
* 167 16.7117209435 1.0 2.32 1.57079632679 0.2 0.0 0.982497215271 2.31402301788 1.63680136204 0.208                                -0.226 0.207994220065 -0.222841206714 0.017502784729 0.0059769821167 -0.0660050352428
* 168 16.8121979237 1.0 2.34 1.57079632679 0.2 0.0 0.977623462677 2.33546352386 1.62905025482 0.208                                -0.222 0.205314988076 -0.237718560763 0.022376537323 0.00453647613526 -0.0582539280269
* 169 16.9128220081 1.0 2.36 1.57079632679 0.2 0.0 0.979722499847 2.35633850098 1.61988079548 0.207                                -0.224 0.204425152391 -0.208627317266 0.0202775001526 0.00366149902344 -0.0490844686839
* 170 17.0134139061 1.0 2.38 1.57079632679 0.2 0.0 0.977485656738 2.3754119873 1.60853624344 0.206                                -0.226 0.20640441894 -0.202175741786 0.0225143432617 0.00458801269531 -0.0377399166438
* 171 17.1141409874 1.0 2.4 1.57079632679 0.2 0.0 0.971830844879 2.39647579193 1.59677112103 0.205                                -0.217 0.204825079301 -0.215033437636 0.0281691551209 0.00352420806885 -0.0259747942302
* 172 17.214621067 1.0 2.42 1.57079632679 0.2 0.0 0.970591545105 2.41532611847 1.58925306797 0.205                                -0.213 0.207205219141 -0.209287589618 0.029408454895 0.00467388153076 -0.0184567411754
* 173 17.315320015 1.0 2.44 1.57079632679 0.2 0.0 0.968080997467 2.43336677551 1.58184444904 0.205                                -0.213 0.210995145172 -0.2113062047 0.031919002533 0.00663322448731 -0.0110481222484
* 174 17.415997982 1.0 2.46 1.57079632679 0.2 0.0 0.970351219177 2.45239162445 1.57728803158 0.206                                -0.212 0.2129934532 -0.189563372507 0.0296487808228 0.00760837554932 -0.00649170478317
* 175 17.5167729855 1.0 2.48 1.57079632679 0.2 0.0 0.965530395508 2.47590351105 1.56777071953 0.208                                -0.209 0.207361810485 -0.201439295511 0.0344696044922 0.00409648895264 0.0030256072667
* 176 17.6175479889 1.0 2.5 1.57079632679 0.2 0.0 0.967196464539 2.49427700043 1.55727696419 0.209                                -0.202 0.210788851566 -0.172643460965 0.0328035354614 0.00572299957276 0.0135193626073
* 177 17.718364954 1.0 2.52 1.57079632679 0.2 0.0 0.965229034424 2.51507663727 1.55448174477 0.208                                -0.197 0.209595697043 -0.179521348619 0.0347709655762 0.00492336273194 0.0163145820287
* 178 17.8189580441 1.0 2.54 1.57079632679 0.2 0.0 0.965414524078 2.53412246704 1.54759502411 0.208                                -0.189 0.211651322762 -0.165973674878 0.0345854759216 0.00587753295899 0.023201302686
* 179 17.9194409847 1.0 2.56 1.57079632679 0.2 0.0 0.963735103607 2.55482959747 1.54331588745 0.209                                -0.183 0.210729783045 -0.168489521384 0.0362648963928 0.00517040252686 0.0274804393437
* 180 18.0200901031 1.0 2.58 1.57079632679 0.2 0.0 0.963074207306 2.57614421844 1.53574693203 0.209                                -0.176 0.208899033758 -0.15917649241 0.0369257926941 0.00385578155518 0.0350493947652
* 181 18.1207139492 1.0 2.6 1.57079632679 0.2 0.0 0.967656612396 2.60048484802 1.52791404724 0.21                                -0.173 0.201397314922 -0.118846341426 0.0323433876038 -0.000484848022459 0.0428822795537
* 182 18.2213470936 1.0 2.62 1.57079632679 0.2 0.0 0.959606170654 2.61543750763 1.52236306667 0.209                                -0.165 0.211180500435 -0.15586386134 0.0403938293457 0.00456249237061 0.0484332601216
* 183 18.3221170902 1.0 2.64 1.57079632679 0.2 0.0 0.96169424057 2.63316059113 1.52166640759 0.206                                -0.149 0.215028929824 -0.141431316246 0.0383057594299 0.00683940887451 0.0491299192098
* 184 18.4233620167 1.0 2.66 1.57079632679 0.2 0.0 0.962078094482 2.65433216095 1.51875650883 0.208                                -0.151 0.213107216205 -0.134243664627 0.0379219055176 0.00566783905029 0.0520398179677
* 185 18.5239219666 1.0 2.68 1.57079632679 0.2 0.0 0.964084625244 2.67675495148 1.51271629333 0.21                                -0.148 0.208994854693 -0.112201109952 0.0359153747559 0.00324504852295 0.0580800334599
* 186 18.6245479584 1.0 2.7 1.57079632679 0.2 0.0 0.963509082794 2.69513225555 1.5073004961 0.211                                -0.141 0.212169868151 -0.105361128889 0.0364909172058 0.0048677444458 0.0634958306935
* 187 18.7250649929 1.0 2.72 1.57079632679 0.2 0.0 0.964344501495 2.71479129791 1.50526332855 0.21                                -0.131 0.21277293269 -0.0965667098304 0.0356554985046 0.0052087020874 0.0655329982427
* 188 18.8255019188 1.0 2.74 1.57079632679 0.2 0.0 0.961479663849 2.73464679718 1.50565266609 0.21                                -0.119 0.21333357097 -0.114362812843 0.0385203361511 0.00535320281983 0.065143660703
* 189 18.9260931015 1.0 2.76 1.57079632679 0.2 0.0 0.962553501129 2.75503253937 1.50241851807 0.211                                -0.113 0.212703152494 -0.102270936573 0.0374464988709 0.00496746063233 0.0683778087285
* 190 19.0266270638 1.0 2.78 1.57079632679 0.2 0.0 0.961559772491 2.77506351471 1.49922633171 0.211                                -0.112 0.212935968231 -0.102491295642 0.0384402275085 0.00493648529053 0.0715699950841
* 191 19.1270840168 1.0 2.8 1.57079632679 0.2 0.0 0.962279319763 2.79454421997 1.50011634827 0.212                                -0.107 0.213708189531 -0.099565577611 0.0377206802368 0.0054557800293 0.0706799785283
* 192 19.2276420593 1.0 2.82 1.57079632679 0.2 0.0 0.961557865143 2.81614208221 1.49803590775 0.211                                -0.108 0.211112881126 -0.100831721808 0.0384421348572 0.00385791778565 0.0727604190495
* 193 19.3298239708 1.0 2.84 1.57079632679 0.2 0.0 0.962196826935 2.83457660675 1.49327349663 0.212                                -0.102 0.214007790952 -0.0877425086003 0.0378031730652 0.00542339324951 0.0775228301671
* 194 19.430437088 1.0 2.86 1.57079632679 0.2 0.0 0.965625762939 2.85495853424 1.49313688278 0.212                                -0.101 0.212880946132 -0.0671624051434 0.0343742370605 0.00504146575928 0.0776594440129
* 195 19.5317850113 1.0 2.88 1.57079632679 0.2 0.0 0.965907096863 2.87550830841 1.49492657185 0.212                                -0.093 0.211803901807 -0.0689483783766 0.0340929031372 0.00449169158936 0.0758697549489
* 196 19.6324119568 1.0 2.9 1.57079632679 0.2 0.0 0.964598178864 2.89589595795 1.49427616596 0.212                                -0.085 0.211330290455 -0.0757891299489 0.0354018211365 0.00410404205322 0.0765201608327
* 197 19.732929945 1.0 2.92 1.57079632679 0.2 0.0 0.968040466309 2.9173707962 1.49151194096 0.212                                -0.078 0.208402021176 -0.0509426956079 0.0319595336914 0.00262920379639 0.0792843858388
* 198 19.8334541321 1.0 2.94 1.57079632679 0.2 0.0 0.970468997955 2.93616485596 1.49129474163 0.211                                -0.076 0.210179571359 -0.0354554842229 0.0295310020447 0.00383514404297 0.0795015851643
* 199 19.9341790676 1.0 2.96 1.57079632679 0.2 0.0 0.968698978424 2.95625686646 1.49214875698 0.209                                -0.062 0.210232421998 -0.047614533352 0.0313010215759 0.00374313354492 0.078647569814
* 200 20.0347759724 1.0 2.98 1.57079632679 0.2 0.0 0.968100547791 2.9760723114 1.49137151241 0.209                                -0.057 0.210667925344 -0.0497147282786 0.0318994522095 0.00392768859864 0.0794248143819
* 201 20.1353459358 1.0 3.0 1.57079632679 0.2 0.0 0.969559192657 2.99538135529 1.49062240124 0.209                                -0.052 0.211699726321 -0.0393169448375 0.0304408073425 0.00461864471436 0.0801739255574
