### Ensaio do Controlador Klancar com Laser (Meio Retângulo) ###

# Parâmetros #

# Número do Ensaio: 4
# Frequência: 10.0 Hz
# Lado Menor: 1.00 m
# Lado Maior: 3.50 m
# Velocidade Linear da Base: 0.10 m/s
# Parâmetro ksi: 0.80
# Parâmetro w_n: 0.63
# Parâmetro g: 40.00

* 1 0.0 0.0 0.0 0.0 0.1 0.0 0.0 0.0 0.0 0.0                                0.0 0.1 0.0 0.0 0.0 0.0
* 2 0.100439071655 0.01 0.0 0.0 0.1 0.0 0.0 0.0 0.0 0.0                                -0.0 0.110119288513 0.0 0.01 0.0 0.0
* 3 0.201694965363 0.02 0.0 0.0 0.1 0.0 -0.00119781494141 0.00257349014282 -9.56694202614e-05 0.016                                0.001 0.121450929108 -0.010189037947 0.0211978149414 -0.00257349014282 9.56694202614e-05
* 4 0.302414894104 0.03 0.0 0.0 0.1 0.0 -0.00275039672852 0.00165271759033 0.00103966635652 0.053                                -0.008 0.133139260611 -0.00779913308833 0.0327503967285 -0.00165271759033 -0.00103966635652
* 5 0.403301954269 0.04 0.0 0.0 0.1 0.0 -0.000483512878418 0.0031623840332 0.000535749655683 0.081                                -0.007 0.140964699995 -0.0132784309593 0.0404835128784 -0.0031623840332 -0.000535749655683
* 6 0.504597902298 0.05 0.0 0.0 0.1 0.0 0.0188760757446 0.00514698028564 0.000891158881132 0.102                                -0.01 0.131490503212 -0.0216006477817 0.0311239242554 -0.00514698028564 -0.000891158881132
* 7 0.605001926422 0.06 0.0 0.0 0.1 0.0 0.0349130630493 0.0048246383667 0.000871512689628 0.116                                -0.014 0.125381892782 -0.0202679092972 0.0250869369507 -0.0048246383667 -0.000871512689628
* 8 0.705414056778 0.07 0.0 0.0 0.1 0.0 0.0508737564087 0.0033655166626 0.00119888572954 0.119                                -0.016 0.11935022893 -0.0147669647348 0.0191262435913 -0.0033655166626 -0.00119888572954
* 9 0.80585193634 0.08 0.0 0.0 0.1 0.0 0.0649352073669 0.00397348403931 0.00180905836169 0.12                                -0.016 0.115237035715 -0.0178335607959 0.0150647926331 -0.00397348403931 -0.00180905836169
* 10 0.906276941299 0.09 0.0 0.0 0.1 0.0 0.0757355690002 0.00447750091553 0.0030113181565 0.119                                -0.017 0.114420426429 -0.0211289808813 0.0142644309998 -0.00447750091553 -0.0030113181565
* 11 1.00746393204 0.1 0.0 0.0 0.1 0.0 0.0875549316406 0.00620651245117 0.00219899858348 0.117                                -0.018 0.112579440593 -0.0271606865534 0.0124450683594 -0.00620651245117 -0.00219899858348
* 12 1.10818099976 0.11 0.0 0.0 0.1 0.0 0.101623535156 0.0055456161499 0.00170018372592 0.116                                -0.019 0.108466688631 -0.0239598635931 0.00837646484375 -0.0055456161499 -0.00170018372592
* 13 1.20865607262 0.12 0.0 0.0 0.1 0.0 0.113129615784 0.00538873672485 0.00166028970852 0.114                                -0.02 0.106943139012 -0.02328063954 0.00687038421631 -0.00538873672485 -0.00166028970852
* 14 1.30927205086 0.13 0.0 0.0 0.1 0.0 0.125873565674 0.00561141967773 0.00265266140923 0.111                                -0.023 0.104160228684 -0.0251736884338 0.00412643432617 -0.00561141967773 -0.00265266140923
* 15 1.41005396843 0.14 0.0 0.0 0.1 0.0 0.134832859039 0.0058708190918 0.00250176736154 0.108                                -0.022 0.1052135871 -0.0260665213349 0.00516714096069 -0.0058708190918 -0.00250176736154
* 16 1.51091599464 0.15 0.0 0.0 0.1 0.0 0.145832061768 0.0072717666626 0.00246221711859 0.107                                -0.023 0.104199222805 -0.0316196164544 0.00416793823242 -0.0072717666626 -0.00246221711859
* 17 1.61195898056 0.16 0.0 0.0 0.1 0.0 0.155502319336 0.00740146636963 0.00290870922618 0.106                                -0.024 0.104529105049 -0.0326014767301 0.00449768066406 -0.00740146636963 -0.00290870922618
* 18 1.71286201477 0.17 0.0 0.0 0.1 0.0 0.163126468658 0.00712060928345 0.0019010482356 0.105                                -0.027 0.106941633317 -0.0304583788505 0.00687353134155 -0.00712060928345 -0.0019010482356
* 19 1.81341791153 0.18 0.0 0.0 0.1 0.0 0.174290657043 0.00821781158447 0.00229031266645 0.105                                -0.03 0.105758125572 -0.0352410982661 0.00570934295654 -0.00821781158447 -0.00229031266645
* 20 1.91489195824 0.19 0.0 0.0 0.1 0.0 0.184063911438 0.00821781158447 0.00245764665306 0.105                                -0.029 0.10598614176 -0.0354164657947 0.00593608856201 -0.00821781158447 -0.00245764665306
* 21 2.01899409294 0.2 0.0 0.0 0.1 0.0 0.196424007416 0.00995397567749 0.00319574214518 0.106                                -0.031 0.103585931206 -0.0430952747958 0.00357599258423 -0.00995397567749 -0.00319574214518
* 22 2.11947202682 0.21 0.0 0.0 0.1 0.0 0.207870483398 0.00981760025024 0.00351437949575 0.105                                -0.034 0.102119374159 -0.0428563961519 0.00212951660156 -0.00981760025024 -0.00351437949575
* 23 2.21987700462 0.22 0.0 0.0 0.1 0.0 0.215356349945 0.0112257003784 0.00359096028842 0.104                                -0.037 0.104657576599 -0.0486030088312 0.00464365005493 -0.0112257003784 -0.00359096028842
* 24 2.32035303116 0.23 0.0 0.0 0.1 0.0 0.22567653656 0.0104875564575 0.0041547906585 0.104                                -0.039 0.10433004326 -0.0462260684258 0.00432346343994 -0.0104875564575 -0.0041547906585
* 25 2.42085003853 0.24 0.0 0.0 0.1 0.0 0.235988616943 0.0117349624634 0.00404242100194 0.104                                -0.042 0.10401038062 -0.0510949713886 0.00401138305664 -0.0117349624634 -0.00404242100194
* 26 2.52143502235 0.25 0.0 0.0 0.1 0.0 0.245398521423 0.0102348327637 0.00437935907394 0.104                                -0.045 0.104610008803 -0.0454511441191 0.00460147857666 -0.0102348327637 -0.00437935907394
* 27 2.62209701538 0.26 0.0 0.0 0.1 0.0 0.256045341492 0.0123748779297 0.00221187667921 0.104                                -0.046 0.103973880438 -0.0517726412994 0.0039546585083 -0.0123748779297 -0.00221187667921
* 28 2.72286200523 0.27 0.0 0.0 0.1 0.0 0.264105319977 0.0134024620056 0.00234193727374 0.104                                -0.046 0.105932944077 -0.0560347947345 0.00589468002319 -0.0134024620056 -0.00234193727374
* 29 2.82363295555 0.28 0.0 0.0 0.1 0.0 0.275685310364 0.0142188072205 0.00247122719884 0.104                                -0.048 0.104330283225 -0.0594184115851 0.00431468963623 -0.0142188072205 -0.00247122719884
* 30 2.92439699173 0.29 0.0 0.0 0.1 0.0 0.28956079483 0.0142769813538 0.00242235488258 0.104                                -0.052 0.100409153261 -0.0595632642987 0.000439205169678 -0.0142769813538 -0.00242235488258
* 31 3.02881407738 0.3 0.0 0.0 0.1 0.0 0.294961452484 0.0139207839966 0.00271961139515 0.103                                -0.055 0.105059952239 -0.0584897947946 0.00503854751587 -0.0139207839966 -0.00271961139515
* 32 3.12940001488 0.31 0.0 0.0 0.1 0.0 0.304651737213 0.0155091285706 0.00227203872055 0.102                                -0.055 0.10537613169 -0.0643841014923 0.00534826278687 -0.0155091285706 -0.00227203872055
* 33 3.23006892204 0.32 0.0 0.0 0.1 0.0 0.315293312073 0.0138006210327 0.00330718629993 0.103                                -0.057 0.104716074799 -0.0586110829383 0.00470668792725 -0.0138006210327 -0.00330718629993
* 34 3.33069300652 0.33 0.0 0.0 0.1 0.0 0.335800170898 0.0153932571411 7.7054664871e-06 0.103                                -0.059 0.0941305196957 -0.0615806471744 -0.00580017089844 -0.0153932571411 -7.7054664871e-06
* 35 3.43135499954 0.34 0.0 0.0 0.1 0.0 0.335800170898 0.0153932571411 7.7054664871e-06 0.102                                -0.059 0.104249808208 -0.061580955393 0.00419982910156 -0.0153932571411 -7.7054664871e-06
* 36 3.53221011162 0.35 0.0 0.0 0.1 0.0 0.349717140198 0.0153832435608 -0.000145737329149 0.1                                -0.06 0.100288501586 -0.0613853328887 0.000282859802246 -0.0153832435608 0.000145737329149
* 37 3.63270902634 0.36 0.0 0.0 0.1 0.0 0.358705997467 0.0162630081177 -0.00100785889663 0.101                                -0.06 0.101325973381 -0.064026901249 0.00129400253296 -0.0162630081177 0.00100785889663
* 38 3.73333907127 0.37 0.0 0.0 0.1 0.0 0.367714881897 0.0167374610901 -0.00244838395156 0.101                                -0.061 0.102353538808 -0.0644496739691 0.00228511810303 -0.0167374610901 0.00244838395156
* 39 3.83485603333 0.38 0.0 0.0 0.1 0.0 0.374549865723 0.0177116394043 -0.0030263105873 0.101                                -0.062 0.105568905172 -0.0677178470997 0.00545013427734 -0.0177116394043 0.0030263105873
* 40 3.93651103973 0.39 0.0 0.0 0.1 0.0 0.39103603363 0.0183172225952 -0.00460464181378 0.101                                -0.063 0.099035908736 -0.0686276259187 -0.00103603363037 -0.0183172225952 0.00460464181378
* 41 4.03707098961 0.4 0.0 0.0 0.1 0.0 0.39103603363 0.0183172225952 -0.00460464181378 0.102                                -0.065 0.10915508997 -0.068443440897 0.00896396636963 -0.0183172225952 0.00460464181378
* 42 4.13778495789 0.41 0.0 0.0 0.1 0.0 0.414954185486 0.018931388855 -0.00535327615216 0.102                                -0.066 0.0950879091232 -0.0704134197657 -0.00495418548584 -0.018931388855 0.00535327615216
* 43 4.23925590515 0.42 0.0 0.0 0.1 0.0 0.421969413757 0.0192618370056 -0.00725156487897 0.102                                -0.068 0.0981458599748 -0.0697643793646 -0.00196941375732 -0.0192618370056 0.00725156487897
* 44 4.34011292458 0.43 0.0 0.0 0.1 0.0 0.432647705078 0.0195250511169 -0.00889093056321 0.1                                -0.068 0.0974925286907 -0.0691942894864 -0.00264770507812 -0.0195250511169 0.00889093056321
* 45 4.44070696831 0.44 0.0 0.0 0.1 0.0 0.432647705078 0.0195250511169 -0.00889093056321 0.099                                -0.07 0.107611417248 -0.0688386569493 0.00735229492188 -0.0195250511169 0.00889093056321
* 46 4.5413839817 0.45 0.0 0.0 0.1 0.0 0.444919586182 0.0201225280762 -0.00901395455003 0.099                                -0.068 0.105320290687 -0.0711821856911 0.00508041381836 -0.0201225280762 0.00901395455003
* 47 4.64234995842 0.46 0.0 0.0 0.1 0.0 0.461240291595 0.0166234970093 -0.00927526131272 0.101                                -0.068 0.0988966899639 -0.0571512387326 -0.00124029159546 -0.0166234970093 0.00927526131272
* 48 4.74311709404 0.47 0.0 0.0 0.1 0.0 0.473772525787 0.0178694725037 -0.0089514888823 0.103                                -0.067 0.0963404831719 -0.0625518335273 -0.00377252578735 -0.0178694725037 0.0089514888823
* 49 4.84364295006 0.48 0.0 0.0 0.1 0.0 0.482345581055 0.0164489746094 -0.0079978145659 0.101                                -0.064 0.0977564402747 -0.0577756121133 -0.00234558105469 -0.0164489746094 0.0079978145659
* 50 4.94495391846 0.49 0.0 0.0 0.1 0.0 0.491108894348 0.0191011428833 -0.00870067253709 0.099                                -0.063 0.0990423083844 -0.0676358100273 -0.00110889434814 -0.0191011428833 0.00870067253709
* 51 5.04541611671 0.5 0.0 0.0 0.1 0.0 0.504620552063 0.0163736343384 -0.00888711586595 0.098                                -0.062 0.0954678139529 -0.056663073379 -0.00462055206299 -0.0163736343384 0.00888711586595
* 52 5.14594507217 0.51 0.0 0.0 0.1 0.0 0.511155128479 0.0158376693726 -0.0107653774321 0.098                                -0.063 0.0989978942943 -0.0525029511618 -0.001155128479 -0.0158376693726 0.0107653774321
* 53 5.24654603004 0.52 0.0 0.0 0.1 0.0 0.52020740509 0.0188894271851 -0.0114405788481 0.097                                -0.06 0.100002269376 -0.0639852033578 -0.000207405090332 -0.0188894271851 0.0114405788481
* 54 5.34722208977 0.53 0.0 0.0 0.1 0.0 0.52020740509 0.0188894271851 -0.0114405788481 0.098                                -0.058 0.110120895655 -0.0635275901866 0.00979259490967 -0.0188894271851 0.0114405788481
* 55 5.44779205322 0.54 0.0 0.0 0.1 0.0 0.539196014404 0.0166983604431 -0.0119636692107 0.098                                -0.06 0.101008513523 -0.0546438061833 0.000803985595703 -0.0166983604431 0.0119636692107
* 56 5.55098390579 0.55 0.0 0.0 0.1 0.0 0.545245170593 0.0188856124878 -0.0125616230071 0.102                                -0.061 0.105043337391 -0.0625861139886 0.00475482940674 -0.0188856124878 0.0125616230071
* 57 5.6516149044 0.56 0.0 0.0 0.1 0.0 0.55770111084 0.0194883346558 -0.0131562389433 0.101                                -0.058 0.102576900916 -0.0645124391691 0.00229888916016 -0.0194883346558 0.0131562389433
* 58 5.7532749176 0.57 0.0 0.0 0.1 0.0 0.567817687988 0.0187997817993 -0.0131428875029 0.102                                -0.061 0.10244954075 -0.0617782412365 0.00218231201172 -0.0187997817993 0.0131428875029
* 59 5.85455298424 0.58 0.0 0.0 0.1 0.0 0.579071998596 0.0196371078491 -0.0141547359526 0.102                                -0.062 0.101210224066 -0.0641644362844 0.000928001403809 -0.0196371078491 0.0141547359526
* 60 5.95515799522 0.59 0.0 0.0 0.1 0.0 0.585510253906 0.0210862159729 -0.015560451895 0.102                                -0.062 0.104862659088 -0.0683091441386 0.00448974609375 -0.0210862159729 0.015560451895
* 61 6.05556702614 0.6 0.0 0.0 0.1 0.0 0.598860740662 0.0229330062866 -0.0154159702361 0.102                                -0.063 0.10149856767 -0.0760510117848 0.00113925933838 -0.0229330062866 0.0154159702361
* 62 6.15615105629 0.61 0.0 0.0 0.1 0.0 0.598860740662 0.0229330062866 -0.0154159702361 0.102                                -0.065 0.111616653771 -0.0754343973993 0.0111392593384 -0.0229330062866 0.0154159702361
* 63 6.25669193268 0.62 0.0 0.0 0.1 0.0 0.620118141174 0.0225081443787 -0.0185516513884 0.103                                -0.069 0.100285782475 -0.0712529000577 -0.000118141174316 -0.0225081443787 0.0185516513884
* 64 6.357391119 0.63 0.0 0.0 0.1 0.0 0.628027915955 0.0208311080933 -0.0189893878996 0.105                                -0.071 0.102377484278 -0.0639437144039 0.00197208404541 -0.0208311080933 0.0189893878996
* 65 6.45809102058 0.64 0.0 0.0 0.1 0.0 0.6382188797 0.0228033065796 -0.0202124752104 0.103                                -0.069 0.10224795 -0.0705970142222 0.00178112030029 -0.0228033065796 0.0202124752104
* 66 6.55867910385 0.65 0.0 0.0 0.1 0.0 0.644685268402 0.0238876342773 -0.0208438076079 0.102                                -0.068 0.105859051806 -0.0739942460372 0.0053147315979 -0.0238876342773 0.0208438076079
* 67 6.65927910805 0.66 0.0 0.0 0.1 0.0 0.653565883636 0.0238542556763 -0.0220578350127 0.102                                -0.069 0.107017364404 -0.0725052068407 0.00643411636353 -0.0238542556763 0.0220578350127
* 68 6.7598760128 0.67 0.0 0.0 0.1 0.0 0.666249275208 0.027708530426 -0.0231669582427 0.103                                -0.071 0.10441713561 -0.0870135263668 0.00375072479248 -0.027708530426 0.0231669582427
* 69 6.86032295227 0.68 0.0 0.0 0.1 0.0 0.675873756409 0.0260705947876 -0.0243390239775 0.104                                -0.072 0.104786648994 -0.0792204569752 0.00412624359131 -0.0260705947876 0.0243390239775
* 70 6.96091890335 0.69 0.0 0.0 0.1 0.0 0.684965610504 0.0263352394104 -0.0247181095183 0.104                                -0.076 0.105720995482 -0.0797980985632 0.00503438949585 -0.0263352394104 0.0247181095183
* 71 7.06140494347 0.7 0.0 0.0 0.1 0.0 0.698154449463 0.0261015892029 -0.0272687114775 0.104                                -0.077 0.102549852593 -0.0765722677659 0.00184555053711 -0.0261015892029 0.0272687114775
* 72 7.16293692589 0.71 0.0 0.0 0.1 0.0 0.706860542297 0.0276007652283 -0.0284403003752 0.104                                -0.078 0.103929414096 -0.0812217533032 0.00313945770264 -0.0276007652283 0.0284403003752
* 73 7.2633728981 0.72 0.0 0.0 0.1 0.0 0.717366218567 0.0266199111938 -0.0292084850371 0.104                                -0.077 0.10340809928 -0.0765696471959 0.00263378143311 -0.0266199111938 0.0292084850371
* 74 7.36399412155 0.73 0.0 0.0 0.1 0.0 0.724149227142 0.0268454551697 -0.0302961505949 0.103                                -0.079 0.10669484958 -0.0759660798914 0.00585077285767 -0.0268454551697 0.0302961505949
* 75 7.46458911896 0.74 0.0 0.0 0.1 0.0 0.737891197205 0.0282707214355 -0.0313485302031 0.103                                -0.077 0.102980448005 -0.08104045498 0.00210880279541 -0.0282707214355 0.0313485302031
* 76 7.56507611275 0.75 0.0 0.0 0.1 0.0 0.74291229248 0.0286688804626 -0.03174001351 0.104                                -0.077 0.108038926789 -0.0815994229506 0.00708770751953 -0.0286688804626 0.03174001351
* 77 7.66552400589 0.76 0.0 0.0 0.1 0.0 0.755026340485 0.0268964767456 -0.0299351848662 0.104                                -0.078 0.10580056609 -0.0766499679347 0.00497365951538 -0.0268964767456 0.0299351848662
* 78 7.76617002487 0.77 0.0 0.0 0.1 0.0 0.76645898819 0.0266075134277 -0.0341780818999 0.105                                -0.079 0.104442820611 -0.0712981042146 0.0035410118103 -0.0266075134277 0.0341780818999
* 79 7.86796998978 0.78 0.0 0.0 0.1 0.0 0.774757385254 0.0268578529358 -0.034516159445 0.105                                -0.078 0.106180332974 -0.0717158495012 0.00524261474609 -0.0268578529358 0.034516159445
* 80 7.96843290329 0.79 0.0 0.0 0.1 0.0 0.785326957703 0.0252981185913 -0.0354331173003 0.104                                -0.075 0.105569943727 -0.0646109802151 0.00467304229736 -0.0252981185913 0.0354331173003
* 81 8.07024312019 0.8 0.0 0.0 0.1 0.0 0.794875144958 0.025562286377 -0.0367673076689 0.105                                -0.073 0.106065753227 -0.0642206032128 0.0051248550415 -0.025562286377 0.0367673076689
* 82 8.17092490196 0.81 0.0 0.0 0.1 0.0 0.802994251251 0.0256752967834 -0.0362532772124 0.105                                -0.07 0.107960664115 -0.0649322643889 0.00700574874878 -0.0256752967834 0.0362532772124
* 83 8.27135491371 0.82 0.0 0.0 0.1 0.0 0.813137531281 0.0258293151855 -0.037720028311 0.105                                -0.067 0.10785392968 -0.0640386200668 0.00686246871948 -0.0258293151855 0.037720028311
* 84 8.37246489525 0.83 0.0 0.0 0.1 0.0 0.823456287384 0.0264272689819 -0.0383475460112 0.106                                -0.067 0.107568644249 -0.0658228775636 0.00654371261597 -0.0264272689819 0.0383475460112
* 85 8.47296094894 0.84 0.0 0.0 0.1 0.0 0.837577819824 0.0283713340759 -0.0406006015837 0.107                                -0.066 0.103531958753 -0.0719136340884 0.00242218017578 -0.0283713340759 0.0406006015837
* 86 8.57487010956 0.85 0.0 0.0 0.1 0.0 0.843985557556 0.0289487838745 -0.0425370372832 0.106                                -0.066 0.107235935043 -0.0716228985161 0.00601444244385 -0.0289487838745 0.0425370372832
* 87 8.67579293251 0.86 0.0 0.0 0.1 0.0 0.856815338135 0.0286841392517 -0.0459316410124 0.106                                -0.068 0.104446542368 -0.0675510935341 0.00318466186524 -0.0286841392517 0.0459316410124
* 88 8.77630805969 0.87 0.0 0.0 0.1 0.0 0.860660552979 0.0316605567932 -0.0493505634367 0.105                                -0.069 0.110898063394 -0.0747059026869 0.00933944702149 -0.0316605567932 0.0493505634367
* 89 8.87730193138 0.88 0.0 0.0 0.1 0.0 0.878071308136 0.0268974304199 -0.0485423244536 0.105                                -0.069 0.103152325254 -0.057967262347 0.00192869186401 -0.0268974304199 0.0485423244536
* 90 8.9781639576 0.89 0.0 0.0 0.1 0.0 0.892623901367 0.0283079147339 -0.0521381534636 0.106                                -0.069 0.0987053699426 -0.0608646619139 -0.00262390136719 -0.0283079147339 0.0521381534636
* 91 9.07861804962 0.9 0.0 0.0 0.1 0.0 0.903915405273 0.0286688804626 -0.0544746555388 0.105                                -0.065 0.0974750035309 -0.060233678717 -0.00391540527344 -0.0286688804626 0.0544746555388
* 92 9.17981410027 0.91 0.0 0.0 0.1 0.0 0.911112308502 0.0279593467712 -0.0557521022856 0.102                                -0.063 0.100297367128 -0.0554943850439 -0.0011123085022 -0.0279593467712 0.0557521022856
* 93 9.28082609177 0.92 0.0 0.0 0.1 0.0 0.917996883392 0.026291847229 -0.0582626499236 0.1                                -0.062 0.103403122129 -0.0455647222705 0.00200311660767 -0.026291847229 0.0582626499236
* 94 9.38172793388 0.93 0.0 0.0 0.1 0.0 0.924246788025 0.0288019180298 -0.0608027614653 0.1                                -0.057 0.107397325719 -0.0520683264708 0.0057532119751 -0.0288019180298 0.0608027614653
* 95 9.48225498199 0.94 0.0 0.0 0.1 0.0 0.932957172394 0.0291123390198 -0.0635603144765 0.101                                -0.054 0.108781723635 -0.0501063246139 0.0070428276062 -0.0291123390198 0.0635603144765
* 96 9.58287405968 0.95 0.0 0.0 0.1 0.0 0.93914270401 0.0280504226685 -0.0653536990285 0.103                                -0.053 0.11260362378 -0.0429926318747 0.01085729599 -0.0280504226685 0.0653536990285
* 97 9.68346905708 0.96 0.0 0.0 0.1 0.0 0.955219268799 0.0283231735229 -0.0686824992299 0.105                                -0.052 0.106557546497 -0.0422114016805 0.00478073120117 -0.0283231735229 0.0686824992299
* 98 9.78401207924 0.97 0.0 0.0 0.1 0.0 0.970132350922 0.0249147415161 -0.0671499446034 0.107                                -0.048 0.101332709815 -0.0315189200215 -0.00013235092163 -0.0249147415161 0.0671499446034
* 99 9.88525295258 0.98 0.0 0.0 0.1 0.0 0.97970867157 0.0302176475525 -0.0693767741323 0.106                                -0.045 0.102173243358 -0.0502946833006 0.000291328430177 -0.0302176475525 0.0693767741323
* 100 9.9858019352 0.99 0.0 0.0 0.1 0.0 0.985471248627 0.0280799865723 -0.0681503489614 0.104                                -0.042 0.106274992391 -0.0418623210411 0.00452875137329 -0.0280799865723 0.0681503489614
* 101 10.0862441063 1.0 0.0 0.0 0.1 0.0 0.997318744659 0.0272765159607 -0.0690634921193 0.103                                -0.044 0.104373146024 -0.0382185030799 0.00268125534058 -0.0272765159607 0.0690634921193
* 102 10.1869180202 1.0 0.01 1.57079632679 0.1 0.0 1.00433731079 0.0284261703491 -0.0704744532704 0.104                                -0.043 -0.0101067907795 1.58610586398 -0.00433731079101 -0.0184261703491 1.64127078007
* 103 10.2875890732 1.0 0.02 1.57079632679 0.1 0.0 1.01692247391 0.0271234512329 -0.0700729563832 0.097                                0.017 -0.0235791746993 1.62727974031 -0.0169224739075 -0.00712345123291 1.64086928318
* 104 10.3881030083 1.0 0.03 1.57079632679 0.1 0.0 1.02239465714 0.0300230979919 -0.060575786978 0.067                                0.332 -0.0286726942172 1.64531730859 -0.022394657135 -2.30979919434e-05 1.63137211377
* 105 10.4887421131 1.0 0.04 1.57079632679 0.1 0.0 1.03079128265 0.0299735069275 -0.0116174854338 0.056                                0.495 -0.0324360765344 1.63996262014 -0.0307912826538 0.0100264930725 1.58241381223
* 106 10.5892260075 1.0 0.05 1.57079632679 0.1 0.0 1.03452825546 0.0283255577087 0.057889405638 0.038                                0.758 -0.0278269221093 1.62549751834 -0.0345282554626 0.0216744422913 1.51290692116
* 107 10.689909935 1.0 0.06 1.57079632679 0.1 0.0 1.03790283203 0.032322883606 0.146023750305 0.03                                0.893 -0.0193210307216 1.57335898428 -0.0379028320312 0.027677116394 1.42477257649
* 108 10.7905220985 1.0 0.07 1.57079632679 0.1 0.0 1.04154109955 0.0306611061096 0.227413028479 0.02                                1.034 -0.0094334591533 1.55017552385 -0.0415410995483 0.0393388938904 1.34338329832
* 109 10.8910419941 1.0 0.08 1.57079632679 0.1 0.0 1.04411315918 0.0324640274048 0.30281496048 0.015                                1.105 0.00155722181835 1.51721906309 -0.0441131591797 0.0475359725952 1.26798136632
* 110 10.9916579723 1.0 0.09 1.57079632679 0.1 0.0 1.04010438919 0.0363907814026 0.391650557518 0.01                                1.186 0.0213691019949 1.45264510693 -0.0401043891907 0.0536092185974 1.17914576928
* 111 11.0921089649 1.0 0.1 1.57079632679 0.1 0.0 1.04474878311 0.0390257835388 0.464871287346 0.007                                1.228 0.032014902733 1.41737671395 -0.0447487831116 0.0609742164612 1.10592503945
* 112 11.192538023 1.0 0.11 1.57079632679 0.1 0.0 1.04191875458 0.0382032394409 0.539538323879 0.006                                1.263 0.0523058183877 1.37609204331 -0.0419187545776 0.0717967605591 1.03125800292
* 113 11.2938981056 1.0 0.12 1.57079632679 0.1 0.0 1.04060792923 0.0383234024048 0.623275637627 0.007                                1.274 0.0732471923886 1.31891065233 -0.0406079292297 0.0816765975952 0.947520689168
* 114 11.3943090439 1.0 0.13 1.57079632679 0.1 0.0 1.04480218887 0.0342407226562 0.693433821201 0.015                                1.249 0.0909895000654 1.29695227649 -0.0448021888733 0.0957592773438 0.877362505594
* 115 11.4952070713 1.0 0.14 1.57079632679 0.1 0.0 1.05349397659 0.0469756126404 0.74582439661 0.025                                1.202 0.0919734407053 1.25332849349 -0.053493976593 0.0930243873596 0.824971930185
* 116 11.5957570076 1.0 0.15 1.57079632679 0.1 0.0 1.06022691727 0.0518369674683 0.798275887966 0.034                                1.167 0.100217457845 1.22831126859 -0.0602269172668 0.0981630325317 0.772520438829
* 117 11.6962718964 1.0 0.16 1.57079632679 0.1 0.0 1.06118154526 0.052197933197 0.853740215302 0.045                                1.124 0.116912555066 1.19344709274 -0.0611815452576 0.107802066803 0.717056111493
* 118 11.7966969013 1.0 0.17 1.57079632679 0.1 0.0 1.06330394745 0.0576667785645 0.916177690029 0.053                                1.1 0.130499926375 1.13687791761 -0.0633039474487 0.112333221436 0.654618636766
* 119 11.8973360062 1.0 0.18 1.57079632679 0.1 0.0 1.06925964355 0.0678825378418 0.970852851868 0.065                                1.046 0.136608571652 1.08896295722 -0.0692596435547 0.112117462158 0.599943474927
* 120 11.9977240562 1.0 0.19 1.57079632679 0.1 0.0 1.07692956924 0.0776052474976 1.01953089237 0.074                                1.011 0.141299518874 1.05544906254 -0.0769295692444 0.112394752502 0.551265434423
* 121 12.0982570648 1.0 0.2 1.57079632679 0.1 0.0 1.0821557045 0.0927438735962 1.06375777721 0.086                                0.959 0.141929035042 1.00869476527 -0.0821557044983 0.107256126404 0.507038549581
* 122 12.1988089085 1.0 0.21 1.57079632679 0.1 0.0 1.08836126328 0.104865074158 1.10106909275 0.092                                0.93 0.143562211971 0.98084897755 -0.0883612632751 0.105134925842 0.469727234044
* 123 12.2992620468 1.0 0.22 1.57079632679 0.1 0.0 1.09189748764 0.119016170502 1.14134001732 0.099                                0.896 0.145107771697 0.936978361314 -0.0918974876404 0.100983829498 0.429456309476
* 124 12.3999660015 1.0 0.23 1.57079632679 0.1 0.0 1.09685945511 0.133087158203 1.17927622795 0.104                                0.872 0.145679158308 0.902236318689 -0.0968594551086 0.0969128417969 0.391520098844
* 125 12.5007309914 1.0 0.24 1.57079632679 0.1 0.0 1.10181856155 0.148981571198 1.21365904808 0.11                                0.838 0.143962954873 0.870251182256 -0.101818561554 0.0910184288025 0.357137278714
* 126 12.6012399197 1.0 0.25 1.57079632679 0.1 0.0 1.10410451889 0.162929534912 1.2499461174 0.114                                0.82 0.145286009497 0.829683724854 -0.10410451889 0.0870704650879 0.320850209394
* 127 12.7018640041 1.0 0.26 1.57079632679 0.1 0.0 1.10631322861 0.182104587555 1.28543651104 0.118                                0.801 0.141308559075 0.784530784556 -0.106313228607 0.0778954124451 0.285359815755
* 128 12.802850008 1.0 0.27 1.57079632679 0.1 0.0 1.11131906509 0.193949222565 1.31968522072 0.121                                0.78 0.143417468968 0.761006105196 -0.111319065094 0.0760507774353 0.251111106077
* 129 12.9033908844 1.0 0.28 1.57079632679 0.1 0.0 1.11394357681 0.211111545563 1.3544267416 0.125                                0.755 0.140999316722 0.723255119952 -0.113943576813 0.0688884544373 0.216369585195
* 130 13.0038859844 1.0 0.29 1.57079632679 0.1 0.0 1.11264324188 0.225771903992 1.38771235943 0.127                                0.737 0.141483907396 0.675084645585 -0.112643241882 0.0642280960083 0.183083967366
* 131 13.1045451164 1.0 0.3 1.57079632679 0.1 0.0 1.11378479004 0.239625453949 1.42042064667 0.13                                0.711 0.142027377613 0.638351085958 -0.113784790039 0.060374546051 0.150375680127
* 132 13.2049870491 1.0 0.31 1.57079632679 0.1 0.0 1.11794567108 0.256224632263 1.45264208317 0.133                                0.692 0.139271006428 0.613413116729 -0.117945671082 0.0537753677368 0.118154243627
* 133 13.3056149483 1.0 0.32 1.57079632679 0.1 0.0 1.1159696579 0.272250175476 1.47991251945 0.136                                0.662 0.137056482476 0.571266965358 -0.115969657898 0.0477498245239 0.0908838073399
* 134 13.4060490131 1.0 0.33 1.57079632679 0.1 0.0 1.1138381958 0.285233974457 1.50970315933 0.136                                0.648 0.137995639119 0.527258001889 -0.113838195801 0.0447660255432 0.0610931674626
* 135 13.5067191124 1.0 0.34 1.57079632679 0.1 0.0 1.1113653183 0.301068305969 1.53954684734 0.137                                0.614 0.135806998934 0.481731626297 -0.111365318298 0.0389316940308 0.0312494794515
* 136 13.6071839333 1.0 0.35 1.57079632679 0.1 0.0 1.11167573929 0.315536499023 1.56783938408 0.137                                0.582 0.134539863908 0.450100845723 -0.111675739288 0.0344635009766 0.00295694271592
* 137 13.7080590725 1.0 0.36 1.57079632679 0.1 0.0 1.10988664627 0.329902648926 1.59406924248 0.136                                0.534 0.133008705724 0.413075460584 -0.109886646271 0.0300973510742 -0.0232729156825
* 138 13.8084928989 1.0 0.37 1.57079632679 0.1 0.0 1.10966110229 0.346218109131 1.61995995045 0.136                                0.506 0.129369126725 0.383689379468 -0.109661102295 0.0237818908691 -0.0491636236522
* 139 13.9092450142 1.0 0.38 1.57079632679 0.1 0.0 1.10732793808 0.363989830017 1.64270842075 0.134                                0.466 0.123704339911 0.350830916326 -0.10732793808 0.0160101699829 -0.0719120939586
* 140 14.0097839832 1.0 0.39 1.57079632679 0.1 0.0 1.10822057724 0.375555515289 1.6594414711 0.131                                0.425 0.123861714595 0.336365028436 -0.10822057724 0.0144444847107 -0.088645144305
* 141 14.1103279591 1.0 0.4 1.57079632679 0.1 0.0 1.10204362869 0.388895988464 1.67401635647 0.128                                0.394 0.121284093715 0.296974207664 -0.102043628693 0.0111040115356 -0.103220029673
* 142 14.2107729912 1.0 0.41 1.57079632679 0.1 0.0 1.09930849075 0.404006958008 1.68978440762 0.127                                0.379 0.117243866348 0.2711720794 -0.0993084907532 0.00599304199219 -0.118988080821
* 143 14.3113861084 1.0 0.42 1.57079632679 0.1 0.0 1.10002279282 0.416769504547 1.7010821104 0.123                                0.337 0.115543530587 0.263181585897 -0.100022792816 0.00323049545288 -0.13028578361
* 144 14.411935091 1.0 0.43 1.57079632679 0.1 0.0 1.09768438339 0.428724765778 1.70931637287 0.121                                0.315 0.113969139403 0.246118070745 -0.0976843833923 0.00127523422241 -0.138520046077
* 145 14.5123980045 1.0 0.44 1.57079632679 0.1 0.0 1.09284448624 0.439249992371 1.72003304958 0.118                                0.29 0.113608107019 0.215787024213 -0.0928444862366 0.000750007629395 -0.149236722789
* 146 14.6128380299 1.0 0.45 1.57079632679 0.1 0.0 1.08894348145 0.450026512146 1.7317289114 0.116                                0.273 0.113103555887 0.188341381074 -0.0889434814453 -2.65121459957e-05 -0.160932584605
* 147 14.7135629654 1.0 0.46 1.57079632679 0.1 0.0 1.08637475967 0.464341163635 1.74250912666 0.115                                0.249 0.109135940242 0.169623938768 -0.0863747596741 -0.00434116363525 -0.171712799868
* 148 14.8143200874 1.0 0.47 1.57079632679 0.1 0.0 1.08456659317 0.47774887085 1.75111293793 0.115                                0.23 0.106011700072 0.155873228386 -0.0845665931702 -0.00774887084961 -0.180316611132
* 149 14.9151880741 1.0 0.48 1.57079632679 0.1 0.0 1.08098220825 0.48412322998 1.75791084766 0.112                                0.202 0.109399307184 0.131996191914 -0.080982208252 -0.00412322998047 -0.187114520869
* 150 15.0159299374 1.0 0.49 1.57079632679 0.1 0.0 1.07909059525 0.495820045471 1.76369547844 0.11                                0.186 0.107707955104 0.11975738664 -0.0790905952454 -0.00582004547119 -0.192899151644
* 151 15.1167190075 1.0 0.5 1.57079632679 0.1 0.0 1.0746254921 0.507339477539 1.76760280132 0.109                                0.16 0.105552166595 0.099326147457 -0.0746254920959 -0.00733947753906 -0.196806474528
* 152 15.2173480988 1.0 0.51 1.57079632679 0.1 0.0 1.07279443741 0.518982887268 1.77006912231 0.109                                0.146 0.103692954637 0.0908785676918 -0.0727944374084 -0.00898288726807 -0.19927279552
* 153 15.3179619312 1.0 0.52 1.57079632679 0.1 0.0 1.06944513321 0.52821969986 1.77101314068 0.107                                0.126 0.103826884526 0.0761652695527 -0.0694451332092 -0.00821969985962 -0.200216813884
* 154 15.418669939 1.0 0.53 1.57079632679 0.1 0.0 1.06752443314 0.536237239838 1.77361750603 0.106                                0.114 0.105531885519 0.0643462751162 -0.067524433136 -0.00623723983765 -0.202821179232
* 155 15.519135952 1.0 0.54 1.57079632679 0.1 0.0 1.0628361702 0.545689582825 1.77652263641 0.105                                0.096 0.105244422149 0.0425131866685 -0.0628361701965 -0.00568958282471 -0.205726309619
* 156 15.6196498871 1.0 0.55 1.57079632679 0.1 0.0 1.06214189529 0.557492733002 1.77848696709 0.105                                0.084 0.103398356948 0.0392376698016 -0.0621418952942 -0.00749273300171 -0.207690640292
* 157 15.7202219963 1.0 0.56 1.57079632679 0.1 0.0 1.05826568604 0.567732810974 1.78041350842 0.105                                0.067 0.102426166728 0.0222798198964 -0.0582656860352 -0.00773281097412 -0.20961718162
* 158 15.8206429482 1.0 0.57 1.57079632679 0.1 0.0 1.05502843857 0.580020904541 1.782299757 0.104                                0.059 0.0995470908025 0.00959716182823 -0.0550284385681 -0.010020904541 -0.211503430209
* 159 15.9210660458 1.0 0.58 1.57079632679 0.1 0.0 1.05416727066 0.590497493744 1.78232061863 0.103                                0.042 0.0988933482203 0.00660824850728 -0.0541672706604 -0.0104974937439 -0.211524291835
* 160 16.0215499401 1.0 0.59 1.57079632679 0.1 0.0 1.050822258 0.597470760345 1.78243005276 0.102                                0.031 0.101180636275 -0.00912765837126 -0.0508222579956 -0.00747076034546 -0.211633725962
* 161 16.1242909431 1.0 0.6 1.57079632679 0.1 0.0 1.0467748642 0.606905937195 1.78201472759 0.1                                0.018 0.100868003994 -0.025005240581 -0.0467748641968 -0.00690593719482 -0.211218400798
* 162 16.2247519493 1.0 0.61 1.57079632679 0.1 0.0 1.04530191422 0.617094516754 1.78300368786 0.101                                0.005 0.100393960561 -0.0316189354079 -0.0453019142151 -0.00709451675415 -0.212207361064
* 163 16.3251531124 1.0 0.62 1.57079632679 0.1 0.0 1.0434012413 0.625867366791 1.78311038017 0.101                                -0.004 0.101205268378 -0.0401943464832 -0.0434012413025 -0.00586736679077 -0.212314053378
* 164 16.4257049561 1.0 0.63 1.57079632679 0.1 0.0 1.04168462753 0.632163047791 1.78494095802 0.1                                -0.018 0.104541140253 -0.0519304820033 -0.041684627533 -0.00216304779053 -0.214144631228
* 165 16.5261499882 1.0 0.64 1.57079632679 0.1 0.0 1.03778076172 0.642468452454 1.78650176525 0.1                                -0.025 0.103425480639 -0.0685443320043 -0.0377807617187 -0.00246845245361 -0.215705438456
* 166 16.6266260147 1.0 0.65 1.57079632679 0.1 0.0 1.03431844711 0.654313564301 1.78740954399 0.102                                -0.038 0.100863897482 -0.0814229933777 -0.034318447113 -0.00431356430054 -0.216613217196
* 167 16.7270901203 1.0 0.66 1.57079632679 0.1 0.0 1.03157281876 0.665464878082 1.78747880459 0.102                                -0.046 0.0991296920369 -0.0912295680035 -0.0315728187561 -0.00546487808227 -0.216682477793
* 168 16.8277230263 1.0 0.67 1.57079632679 0.1 0.0 1.02842998505 0.675089836121 1.78648769855 0.101                                -0.063 0.0988089079791 -0.102822060907 -0.0284299850464 -0.0050898361206 -0.21569137176
* 169 16.9281899929 1.0 0.68 1.57079632679 0.1 0.0 1.02657747269 0.682000637054 1.78645265102 0.1                                -0.072 0.10146112749 -0.112669057078 -0.0265774726868 -0.00200063705444 -0.215656324229
* 170 17.0286650658 1.0 0.69 1.57079632679 0.1 0.0 1.02338647842 0.691885948181 1.78464090824 0.1                                -0.087 0.100879495535 -0.123379421468 -0.0233864784241 -0.00188594818115 -0.213844581446
* 171 17.1291570663 1.0 0.7 1.57079632679 0.1 0.0 1.02112054825 0.700856685638 1.78337109089 0.1                                -0.096 0.101410815066 -0.131806993479 -0.0211205482483 -0.000856685638427 -0.212574764094
* 172 17.2298829556 1.0 0.71 1.57079632679 0.1 0.0 1.02050256729 0.710206508636 1.78020703793 0.1                                -0.109 0.101923940423 -0.131518382348 -0.0205025672913 -0.000206508636474 -0.209410711131
* 173 17.3308870792 1.0 0.72 1.57079632679 0.1 0.0 1.016061306 0.71927022934 1.77534461021 0.1                                -0.114 0.10193973295 -0.144675354291 -0.0160613059998 0.000729770660401 -0.204548283419
* 174 17.4316689968 1.0 0.73 1.57079632679 0.1 0.0 1.00980138779 0.730406284332 1.77036488056 0.101                                -0.123 0.0995785187107 -0.163199592349 -0.00980138778686 -0.000406284332275 -0.199568553767
* 175 17.5326039791 1.0 0.74 1.57079632679 0.1 0.0 1.01007223129 0.738011360168 1.76599609852 0.101                                -0.13 0.102051979179 -0.159547371299 -0.0100722312927 0.00198863983154 -0.195199771723
* 176 17.6332900524 1.0 0.75 1.57079632679 0.1 0.0 1.00899505615 0.748227119446 1.75803673267 0.1                                -0.144 0.101709227032 -0.155442692911 -0.00899505615234 0.0017728805542 -0.187240405879
* 177 17.7339200974 1.0 0.76 1.57079632679 0.1 0.0 1.00594711304 0.756262779236 1.75052857399 0.101                                -0.148 0.103185866547 -0.161143342476 -0.00594711303711 0.00373722076416 -0.179732247195
* 178 17.8345069885 1.0 0.77 1.57079632679 0.1 0.0 1.0078368187 0.764992713928 1.74472570419 0.101                                -0.152 0.104854174667 -0.148595954982 -0.00783681869507 0.00500728607178 -0.173929377398
* 179 17.9351079464 1.0 0.78 1.57079632679 0.1 0.0 1.00254583359 0.774121761322 1.73822081089 0.101                                -0.153 0.104896214853 -0.163299001492 -0.00254583358765 0.00587823867798 -0.167424484095
* 180 18.0356988907 1.0 0.79 1.57079632679 0.1 0.0 1.00110149384 0.782578468323 1.73518812656 0.103                                -0.152 0.10624303141 -0.166864435518 -0.00110149383545 0.00742153167725 -0.164391799769
* 181 18.1362550259 1.0 0.8 1.57079632679 0.1 0.0 0.999955654144 0.79140329361 1.73205006123 0.103                                -0.156 0.107281869303 -0.168873392782 4.43458557136e-05 0.00859670639038 -0.161253734431
* 182 18.2368600368 1.0 0.81 1.57079632679 0.1 0.0 0.99881362915 0.800716400146 1.72766399384 0.104                                -0.161 0.107863589784 -0.169227459447 0.00118637084961 0.00928359985352 -0.156867667041
* 183 18.3374650478 1.0 0.82 1.57079632679 0.1 0.0 0.997282981873 0.809232234955 1.72086405754 0.105                                -0.163 0.109238790827 -0.169043135388 0.00271701812744 0.0107677650452 -0.150067730746
* 184 18.438065052 1.0 0.83 1.57079632679 0.1 0.0 0.995339870453 0.817228794098 1.71341133118 0.106                                -0.166 0.111106863617 -0.170028302601 0.00466012954712 0.0127712059021 -0.142615004382
* 185 18.5386490822 1.0 0.84 1.57079632679 0.1 0.0 0.99450302124 0.828064441681 1.70531642437 0.107                                -0.166 0.110319381907 -0.164316977925 0.00549697875977 0.0119355583191 -0.134520097575
* 186 18.6401240826 1.0 0.85 1.57079632679 0.1 0.0 0.988573551178 0.839750766754 1.69717943668 0.108                                -0.167 0.108033753048 -0.178399511471 0.011426448822 0.0102492332459 -0.126383109889
* 187 18.7407209873 1.0 0.86 1.57079632679 0.1 0.0 0.979895591736 0.849915027618 1.69843780994 0.109                                -0.166 0.106719019086 -0.214062598417 0.0201044082642 0.0100849723816 -0.127641483149
* 188 18.8413910866 1.0 0.87 1.57079632679 0.1 0.0 0.985951900482 0.860091209412 1.68649554253 0.108                                -0.173 0.107650308937 -0.177471620501 0.0140480995178 0.00990879058838 -0.115699215731
* 189 18.9427890778 1.0 0.88 1.57079632679 0.1 0.0 0.986213684082 0.869460105896 1.67998933792 0.107                                -0.186 0.108486237438 -0.169906785355 0.013786315918 0.010539894104 -0.109193011126
* 190 19.0433239937 1.0 0.89 1.57079632679 0.1 0.0 0.985263824463 0.877117156982 1.6732032299 0.107                                -0.181 0.110919901506 -0.167532339624 0.0147361755371 0.0128828430176 -0.102406903109
* 191 19.1439530849 1.0 0.9 1.57079632679 0.1 0.0 0.985993862152 0.886497497559 1.66746640205 0.108                                -0.176 0.111764893574 -0.158799239257 0.0140061378479 0.0135025024414 -0.0966700752589
* 192 19.2444911003 1.0 0.91 1.57079632679 0.1 0.0 0.985580444336 0.895524501801 1.6633425951 0.109                                -0.173 0.112809086557 -0.156432603697 0.0144195556641 0.0144754981995 -0.0925462683055
* 193 19.3456149101 1.0 0.92 1.57079632679 0.1 0.0 0.98424577713 0.905188083649 1.65757763386 0.11                                -0.166 0.113174142845 -0.155731397498 0.0157542228699 0.0148119163513 -0.0867813070628
* 194 19.4460690022 1.0 0.93 1.57079632679 0.1 0.0 0.978533267975 0.91609954834 1.65148353577 0.111                                -0.163 0.111944308201 -0.171718767436 0.0214667320251 0.0139004516602 -0.0806872089717
* 195 19.5464820862 1.0 0.94 1.57079632679 0.1 0.0 0.976373195648 0.927889823914 1.64391136169 0.112                                -0.163 0.110208199988 -0.171780523512 0.0236268043518 0.0121101760864 -0.0731150348994
* 196 19.6475400925 1.0 0.95 1.57079632679 0.1 0.0 0.977625846863 0.934479236603 1.63553285599 0.111                                -0.165 0.113998862192 -0.158834142456 0.0223741531372 0.0155207633972 -0.0647365291927
* 197 19.7480359077 1.0 0.96 1.57079632679 0.1 0.0 0.978356838226 0.942306995392 1.62740194798 0.111                                -0.166 0.116476141388 -0.147718802484 0.0216431617737 0.0176930046082 -0.0566056211803
* 198 19.8485050201 1.0 0.97 1.57079632679 0.1 0.0 0.978133201599 0.955410480499 1.61752152443 0.112                                -0.163 0.113604757699 -0.137380106051 0.0218667984009 0.0145895195007 -0.0467251976344
* 199 19.948941946 1.0 0.98 1.57079632679 0.1 0.0 0.977428436279 0.966067314148 1.61400401592 0.113                                -0.156 0.113005805646 -0.136332344771 0.0225715637207 0.0139326858521 -0.0432076891276
* 200 20.0497660637 1.0 0.99 1.57079632679 0.1 0.0 0.976495265961 0.976286888123 1.61057627201 0.113                                -0.149 0.112840682495 -0.136380482292 0.0235047340393 0.0137131118774 -0.0397799452159
* 201 20.1502900124 1.0 1.0 1.57079632679 0.1 0.0 0.973780155182 0.985729694366 1.60727465153 0.113                                -0.143 0.113396750443 -0.143804842036 0.0262198448181 0.0142703056335 -0.0364783247325
* 202 20.2509889603 1.0 1.01 1.57079632679 0.1 0.0 0.976305961609 0.994843006134 1.60335063934 0.113                                -0.141 0.114496281746 -0.129641938474 0.0236940383911 0.015156993866 -0.0325543125484
* 203 20.3516581059 1.0 1.02 1.57079632679 0.1 0.0 0.976799488068 1.00569963455 1.59761595726 0.112                                -0.14 0.11380020964 -0.121442169826 0.0232005119324 0.014300365448 -0.0268196304652
* 204 20.4521369934 1.0 1.03 1.57079632679 0.1 0.0 0.97581243515 1.01536941528 1.58901488781 0.113                                -0.136 0.114340163931 -0.116236224706 0.0241875648499 0.0146305847168 -0.0182185610149
* 205 20.5525360107 1.0 1.04 1.57079632679 0.1 0.0 0.973831176758 1.02558803558 1.58422267437 0.113                                -0.13 0.114218022659 -0.119026343768 0.0261688232422 0.0144119644165 -0.0134263475749
* 206 20.6533999443 1.0 1.05 1.57079632679 0.1 0.0 0.964348316193 1.03532266617 1.58424293995 0.113                                -0.125 0.114356936001 -0.156990276695 0.0356516838074 0.0146773338318 -0.0134466131541
* 207 20.7541759014 1.0 1.06 1.57079632679 0.1 0.0 0.966818809509 1.04737710953 1.57809376717 0.113                                -0.128 0.112525440317 -0.140474174351 0.0331811904907 0.0126228904724 -0.00729744037124
* 208 20.8546860218 1.0 1.07 1.57079632679 0.1 0.0 0.968058109283 1.05672311783 1.57131481171 0.113                                -0.136 0.113418485931 -0.128319750985 0.0319418907166 0.0132768821716 -0.000518484911646
* 209 20.9554440975 1.0 1.08 1.57079632679 0.1 0.0 0.966825008392 1.06506347656 1.56786894798 0.113                                -0.135 0.115212479871 -0.129562199564 0.0331749916077 0.0149365234375 0.00292737881211
* 210 21.0560450554 1.0 1.09 1.57079632679 0.1 0.0 0.968327045441 1.07552099228 1.56325805187 0.113                                -0.133 0.114890073367 -0.118623437875 0.0316729545593 0.0144790077209 0.00753827492264
* 211 21.1566901207 1.0 1.1 1.57079632679 0.1 0.0 0.96811914444 1.08636331558 1.55987918377 0.113                                -0.13 0.114144765608 -0.115872968231 0.0318808555603 0.0136366844177 0.0109171430257
* 212 21.2571599483 1.0 1.11 1.57079632679 0.1 0.0 0.96778345108 1.09496355057 1.5557564497 0.114                                -0.127 0.115693080832 -0.112727784466 0.0322165489197 0.0150364494324 0.0150398770955
* 213 21.3581240177 1.0 1.12 1.57079632679 0.1 0.0 0.964504718781 1.10661315918 1.5522210598 0.113                                -0.121 0.114194102997 -0.122165182996 0.0354952812195 0.0133868408203 0.0185752669957
* 214 21.4597890377 1.0 1.13 1.57079632679 0.1 0.0 0.962462425232 1.11779022217 1.54820799828 0.114                                -0.119 0.113184716687 -0.126151113504 0.0375375747681 0.012209777832 0.0225883285191
* 215 21.5602920055 1.0 1.14 1.57079632679 0.1 0.0 0.964336395264 1.12539196014 1.54323363304 0.114                                -0.12 0.11573328453 -0.113098406118 0.0356636047363 0.014608039856 0.0275626937535
* 216 21.6609430313 1.0 1.15 1.57079632679 0.1 0.0 0.965006351471 1.13590860367 1.54049694538 0.113                                -0.122 0.115279816145 -0.107541947724 0.0349936485291 0.0140913963318 0.0302993814137
* 217 21.7615330219 1.0 1.16 1.57079632679 0.1 0.0 0.963124752045 1.14547586441 1.53646695614 0.114                                -0.117 0.115910565955 -0.110681178345 0.0368752479553 0.0145241355896 0.0343293706563
* 218 21.8620920181 1.0 1.17 1.57079632679 0.1 0.0 0.964587211609 1.15829706192 1.53400969505 0.114                                -0.114 0.113084833233 -0.102608206891 0.0354127883911 0.0117029380798 0.0367866317418
* 219 21.9625918865 1.0 1.18 1.57079632679 0.1 0.0 0.967182636261 1.16735458374 1.53448390961 0.114                                -0.111 0.113927531771 -0.0926009975538 0.032817363739 0.0126454162598 0.036312417188
* 220 22.0633358955 1.0 1.19 1.57079632679 0.1 0.0 0.965881347656 1.17891836166 1.5313783884 0.114                                -0.106 0.112488017657 -0.0947336397389 0.0341186523438 0.0110816383362 0.0394179383901
* 221 22.164192915 1.0 1.2 1.57079632679 0.1 0.0 0.964910984039 1.18860673904 1.5266572237 0.113                                -0.102 0.112987307386 -0.0935428288969 0.0350890159607 0.0113932609558 0.0441391030934
* 222 22.2652289867 1.0 1.21 1.57079632679 0.1 0.0 0.968281269073 1.19625473022 1.51929593086 0.112                                -0.099 0.115410490921 -0.0717616739734 0.0317187309265 0.0137452697754 0.0515003959325
* 223 22.366038084 1.0 1.22 1.57079632679 0.1 0.0 0.965837001801 1.20330667496 1.51670765877 0.113                                -0.095 0.118590471524 -0.0781083463032 0.0341629981995 0.0166933250427 0.0540886680272
* 224 22.4665229321 1.0 1.23 1.57079632679 0.1 0.0 0.968662261963 1.21483469009 1.51646018028 0.114                                -0.085 0.116898217756 -0.0668871628858 0.0313377380371 0.015165309906 0.0543361465123
* 225 22.5671219826 1.0 1.24 1.57079632679 0.1 0.0 0.968092441559 1.22777318954 1.5156519413 0.116                                -0.083 0.113981457884 -0.0689384395324 0.0319075584412 0.0122268104553 0.0551443854955
* 226 22.6675670147 1.0 1.25 1.57079632679 0.1 0.0 0.968361377716 1.23775339127 1.51633584499 0.115                                -0.077 0.113968809569 -0.068590219687 0.0316386222839 0.0122466087341 0.0544604818013
* 227 22.7680199146 1.0 1.26 1.57079632679 0.1 0.0 0.965641498566 1.24909210205 1.51661098003 0.114                                -0.074 0.112758063665 -0.0800375465113 0.0343585014343 0.0109078979492 0.054185346761
* 228 22.8684430122 1.0 1.27 1.57079632679 0.1 0.0 0.96670293808 1.25923204422 1.51561677456 0.114                                -0.073 0.11258591091 -0.0747722755452 0.0332970619202 0.01076795578 0.0551795522359
* 229 22.9688639641 1.0 1.28 1.57079632679 0.1 0.0 0.968186855316 1.26947450638 1.51358413696 0.113                                -0.075 0.112310813389 -0.0667422739203 0.0318131446838 0.0105254936218 0.057212189832
* 230 23.0692970753 1.0 1.29 1.57079632679 0.1 0.0 0.965668201447 1.28074932098 1.50944280624 0.113                                -0.075 0.111285428538 -0.0727145875862 0.0343317985535 0.00925067901611 0.061353520551
* 231 23.1697928905 1.0 1.3 1.57079632679 0.1 0.0 0.968222141266 1.28966808319 1.50862133503 0.112                                -0.071 0.112239807649 -0.0613812647007 0.0317778587341 0.0103319168091 0.0621749917653
* 232 23.2702310085 1.0 1.31 1.57079632679 0.1 0.0 0.970207214355 1.30066728592 1.50768053532 0.112                                -0.072 0.111127687282 -0.0527105632136 0.0297927856445 0.00933271408081 0.0631157914784
* 233 23.3707649708 1.0 1.32 1.57079632679 0.1 0.0 0.970342159271 1.31009817123 1.50721943378 0.111                                -0.066 0.111704430328 -0.0515399821032 0.0296578407288 0.00990182876587 0.0635768930104
* 234 23.4712340832 1.0 1.33 1.57079632679 0.1 0.0 0.968266963959 1.31917476654 1.50690937042 0.111                                -0.062 0.112778126048 -0.0592596549577 0.0317330360413 0.0108252334595 0.0638869563725
* 235 23.5717890263 1.0 1.34 1.57079632679 0.1 0.0 0.970943450928 1.32951974869 1.50675499439 0.111                                -0.058 0.112260264607 -0.0484998247052 0.0290565490723 0.0104802513123 0.0640413324025
* 236 23.672796011 1.0 1.35 1.57079632679 0.1 0.0 0.970757007599 1.34030771255 1.50666117668 0.112                                -0.058 0.111478720798 -0.0493465108646 0.0292429924011 0.00969228744507 0.0641351501134
* 237 23.7733490467 1.0 1.36 1.57079632679 0.1 0.0 0.970066070557 1.35064744949 1.5047441721 0.111                                -0.054 0.111224744424 -0.0501653069419 0.0299339294434 0.00935255050659 0.0660521546986
* 238 23.8747260571 1.0 1.37 1.57079632679 0.1 0.0 0.968236446381 1.36135911942 1.50378441811 0.111                                -0.052 0.110652200778 -0.0566433283718 0.0317635536194 0.00864088058472 0.0670119086888
* 239 23.9751570225 1.0 1.38 1.57079632679 0.1 0.0 0.970179080963 1.37349557877 1.50325167179 0.111                                -0.051 0.108375697211 -0.0489052720464 0.0298209190369 0.00650442123413 0.0675446550038
* 240 24.0758190155 1.0 1.39 1.57079632679 0.1 0.0 0.972521781921 1.38312530518 1.50435256958 0.11                                -0.053 0.108566870224 -0.0406082083421 0.0274782180786 0.00687469482422 0.0664437572148
* 241 24.1762769222 1.0 1.4 1.57079632679 0.1 0.0 0.964525699615 1.39152002335 1.50373852253 0.109                                -0.051 0.110742495138 -0.0714476660493 0.0354743003845 0.00847997665405 0.0670578042653
* 242 24.2766649723 1.0 1.41 1.57079632679 0.1 0.0 0.967132568359 1.40328645706 1.50397121906 0.109                                -0.05 0.108776183982 -0.0617608383944 0.0328674316406 0.00671354293823 0.0668251077321
* 243 24.3771660328 1.0 1.42 1.57079632679 0.1 0.0 0.967293262482 1.41401576996 1.50350594521 0.109                                -0.056 0.108041018057 -0.0608282821514 0.0327067375183 0.0059842300415 0.0672903815892
* 244 24.4776339531 1.0 1.43 1.57079632679 0.1 0.0 0.968647480011 1.42350244522 1.5036406517 0.109                                -0.058 0.108463847552 -0.0554265494811 0.031352519989 0.00649755477905 0.067155675092
* 245 24.5781910419 1.0 1.44 1.57079632679 0.1 0.0 0.968859672546 1.43259429932 1.50260162354 0.108                                -0.059 0.109391459911 -0.0532450441936 0.0311403274536 0.00740570068359 0.0681947032597
* 246 24.6786439419 1.0 1.45 1.57079632679 0.1 0.0 0.97043466568 1.44257879257 1.50071108341 0.108                                -0.056 0.109340896417 -0.0449709642034 0.0295653343201 0.00742120742798 0.0700852433827
* 247 24.7791631222 1.0 1.46 1.57079632679 0.1 0.0 0.969728946686 1.45463418961 1.50089752674 0.108                                -0.055 0.10731177402 -0.0485568885861 0.0302710533142 0.00536581039429 0.0698988000539
* 248 24.879668951 1.0 1.47 1.57079632679 0.1 0.0 0.968573570251 1.46188354492 1.50144183636 0.108                                -0.052 0.110156919985 -0.0529718594473 0.0314264297485 0.00811645507813 0.0693544904378
* 249 24.9805369377 1.0 1.48 1.57079632679 0.1 0.0 0.969524383545 1.47160196304 1.50190472603 0.107                                -0.05 0.110363727228 -0.0495875173218 0.0304756164551 0.00839803695679 0.0688916007665
* 250 25.0809919834 1.0 1.49 1.57079632679 0.1 0.0 0.970989227295 1.48039293289 1.50200486183 0.108                                -0.05 0.111480062167 -0.0435151052117 0.0290107727051 0.00960706710816 0.0687914649632
* 251 25.1818881035 1.0 1.5 1.57079632679 0.1 0.0 0.9725522995 1.49200725555 1.50148236752 0.108                                -0.05 0.109752204416 -0.0371721105389 0.0274477005005 0.0079927444458 0.0693139592793
* 252 25.2828390598 1.0 1.51 1.57079632679 0.1 0.0 0.971945762634 1.50159215927 1.50096988678 0.109                                -0.046 0.110224400605 -0.0389376510145 0.0280542373657 0.00840784072876 0.0698264400151
* 253 25.3834750652 1.0 1.52 1.57079632679 0.1 0.0 0.97296667099 1.51039171219 1.5013628006 0.109                                -0.044 0.111356406261 -0.034944570649 0.02703332901 0.00960828781128 0.0694335261968
* 254 25.484085083 1.0 1.53 1.57079632679 0.1 0.0 0.972127437592 1.52125835419 1.50050163269 0.109                                -0.041 0.110558144678 -0.0376257366501 0.0278725624084 0.00874164581299 0.0702946941045
* 255 25.584676981 1.0 1.54 1.57079632679 0.1 0.0 0.972618579865 1.53303194046 1.50068557262 0.11                                -0.039 0.108729223346 -0.0363569650498 0.0273814201355 0.0069680595398 0.0701107541707
* 256 25.6854109764 1.0 1.55 1.57079632679 0.1 0.0 0.975368976593 1.54431581497 1.50157654285 0.109                                -0.039 0.107222657898 -0.0266700825633 0.024631023407 0.00568418502808 0.0692197839406
* 257 25.7860300541 1.0 1.56 1.57079632679 0.1 0.0 0.97453546524 1.55352401733 1.50204014778 0.109                                -0.037 0.108071806429 -0.0302614575955 0.0254645347595 0.00647598266602 0.0687561790135
* 258 25.8866539001 1.0 1.57 1.57079632679 0.1 0.0 0.975144863129 1.56273698807 1.50239062309 0.108                                -0.033 0.108817759929 -0.0279805454871 0.0248551368713 0.00726301193237 0.0684057037022
* 259 25.9873209 1.0 1.58 1.57079632679 0.1 0.0 0.973541259766 1.57265758514 1.50254511833 0.108                                -0.031 0.109005846062 -0.0345202291113 0.0264587402344 0.00734241485596 0.068251208463
* 260 26.0879189968 1.0 1.59 1.57079632679 0.1 0.0 0.973611354828 1.5817360878 1.50253331661 0.108                                -0.031 0.109931554585 -0.0339767070162 0.0263886451721 0.00826391220093 0.0682630101827
* 261 26.1887419224 1.0 1.6 1.57079632679 0.1 0.0 0.969655513763 1.59224748611 1.50074243546 0.108                                -0.032 0.109729821531 -0.0480200802551 0.0303444862366 0.0077525138855 0.0700538913396
* 262 26.2894310951 1.0 1.61 1.57079632679 0.1 0.0 0.974711418152 1.60353183746 1.50241041183 0.109                                -0.034 0.108044929313 -0.0299482622455 0.0252885818481 0.00646816253662 0.0683859149602
* 263 26.3899331093 1.0 1.62 1.57079632679 0.1 0.0 0.976599693298 1.61739444733 1.50223243237 0.109                                -0.037 0.10401776386 -0.0232854924093 0.0234003067017 0.00260555267334 0.0685638944295
* 264 26.4912340641 1.0 1.63 1.57079632679 0.1 0.0 0.979900836945 1.62606143951 1.50281023979 0.108                                -0.034 0.105127018151 -0.0103435954943 0.0200991630554 0.00393856048584 0.067986087003
* 265 26.5923109055 1.0 1.64 1.57079632679 0.1 0.0 0.976637363434 1.63449382782 1.50270926952 0.106                                -0.03 0.106935666416 -0.0228363231879 0.0233626365662 0.00550617218018 0.0680870572713
* 266 26.6929149628 1.0 1.65 1.57079632679 0.1 0.0 0.975930690765 1.64180469513 1.50315177441 0.105                                -0.022 0.109691720479 -0.0253897945423 0.0240693092346 0.00819530487061 0.0676445523885
* 267 26.794303894 1.0 1.66 1.57079632679 0.1 0.0 0.97350358963 1.65358066559 1.50203514099 0.106                                -0.023 0.10808645276 -0.0343895438443 0.0264964103699 0.00641933441162 0.0687611858037
* 268 26.8949449062 1.0 1.67 1.57079632679 0.1 0.0 0.974461078644 1.66346359253 1.50268268585 0.107                                -0.024 0.108126096815 -0.031213147261 0.0255389213562 0.0065364074707 0.0681136409428
* 269 26.9957120419 1.0 1.68 1.57079632679 0.1 0.0 0.975301265717 1.67411231995 1.50311410427 0.107                                -0.027 0.107405630592 -0.0284863973736 0.0246987342834 0.00588768005371 0.067682222524
* 270 27.0961949825 1.0 1.69 1.57079632679 0.1 0.0 0.978210449219 1.68479633331 1.50395703316 0.107                                -0.028 0.106503365338 -0.0179367747506 0.0217895507813 0.00520366668701 0.0668392936375
* 271 27.1968460083 1.0 1.7 1.57079632679 0.1 0.0 0.982663631439 1.6976442337 1.50399851799 0.107                                -0.027 0.103326511251 -0.000967221782014 0.0173363685608 0.00235576629639 0.0667978088048
* 272 27.2974328995 1.0 1.71 1.57079632679 0.1 0.0 0.978280544281 1.70652484894 1.50306773186 0.106                                -0.022 0.104766710717 -0.0172013696322 0.021719455719 0.00347515106201 0.0677285949376
* 273 27.3980419636 1.0 1.72 1.57079632679 0.1 0.0 0.97745513916 1.71452617645 1.50378406048 0.105                                -0.016 0.106829899493 -0.0206992361865 0.0225448608398 0.00547382354736 0.0670122663167
* 274 27.4986789227 1.0 1.73 1.57079632679 0.1 0.0 0.976144313812 1.72592639923 1.5037676096 0.105                                -0.017 0.105505258164 -0.0262887969356 0.0238556861877 0.00407360076904 0.0670287171986
* 275 27.5996489525 1.0 1.74 1.57079632679 0.1 0.0 0.973709106445 1.73576068878 1.50405550003 0.105                                -0.02 0.10583198569 -0.0362615753993 0.0262908935547 0.00423931121826 0.0667408267644
* 276 27.7004470825 1.0 1.75 1.57079632679 0.1 0.0 0.976018428802 1.74632930756 1.50391185284 0.105                                -0.021 0.105104499665 -0.0270481538824 0.0239815711975 0.00367069244385 0.0668844739583
* 277 27.8015050888 1.0 1.76 1.57079632679 0.1 0.0 0.97336101532 1.7564496994 1.50424337387 0.105                                -0.026 0.105156042726 -0.0380287543418 0.0266389846802 0.00355030059815 0.066552952924
* 278 27.9023120403 1.0 1.77 1.57079632679 0.1 0.0 0.978415489197 1.76706314087 1.50486922264 0.105                                -0.026 0.10418713209 -0.0186630297188 0.0215845108032 0.00293685913086 0.0659271041539
* 279 28.0030710697 1.0 1.78 1.57079632679 0.1 0.0 0.979305267334 1.7789106369 1.50361645222 0.104                                -0.03 0.102280095299 -0.0143184383662 0.020694732666 0.00108936309815 0.0671798745778
* 280 28.1044659615 1.0 1.79 1.57079632679 0.1 0.0 0.979132652283 1.7863779068 1.503210783 0.104                                -0.026 0.10485469767 -0.0139086064985 0.0208673477173 0.00362209320068 0.0675855437901
* 281 28.2054820061 1.0 1.8 1.57079632679 0.1 0.0 0.976528167725 1.79796600342 1.50322258472 0.103                                -0.019 0.103429117185 -0.0247438760711 0.0234718322754 0.00203399658203 0.0675737420705
* 282 28.3064420223 1.0 1.81 1.57079632679 0.1 0.0 0.976253509521 1.80681228638 1.50363528728 0.104                                -0.018 0.104605672205 -0.0259539097726 0.0237464904785 0.00318771362305 0.06716103951
* 283 28.409471035 1.0 1.82 1.57079632679 0.1 0.0 0.976565361023 1.81703472137 1.50303912163 0.103                                -0.021 0.104369879294 -0.0241549275964 0.0234346389771 0.00296527862549 0.0677572051671
* 284 28.5103349686 1.0 1.83 1.57079632679 0.1 0.0 0.977610111237 1.82755947113 1.50340008736 0.104                                -0.022 0.103762847265 -0.0204985998925 0.0223898887634 0.00244052886963 0.0673962394383
* 285 28.6111309528 1.0 1.84 1.57079632679 0.1 0.0 0.97843170166 1.83737564087 1.50387084484 0.104                                -0.021 0.103885449644 -0.0176542080431 0.0215682983398 0.00262435913086 0.0669254819539
* 286 28.7127199173 1.0 1.85 1.57079632679 0.1 0.0 0.979992389679 1.85004234314 1.5038189888 0.103                                -0.021 0.101088061656 -0.0120860364941 0.020007610321 -4.2343139647e-05 0.0669773379948
* 287 28.813338995 1.0 1.86 1.57079632679 0.1 0.0 0.981546878815 1.86016654968 1.50363600254 0.103                                -0.02 0.100859561498 -0.00572932008115 0.0184531211853 -0.000166549682616 0.0671603242543
* 288 28.914632082 1.0 1.87 1.57079632679 0.1 0.0 0.980495929718 1.86931037903 1.50325751305 0.102                                -0.015 0.101800250717 -0.00930777612337 0.019504070282 0.000689620971681 0.0675388137486
* 289 29.0154399872 1.0 1.88 1.57079632679 0.1 0.0 0.977087974548 1.87921047211 1.50278568268 0.101                                -0.013 0.102141550325 -0.0223996741072 0.0229120254517 0.000789527893068 0.0680106441167
* 290 29.1161680222 1.0 1.89 1.57079632679 0.1 0.0 0.978083133698 1.88731765747 1.50296533108 0.101                                -0.012 0.103981357238 -0.0180984941269 0.0219168663025 0.0026823425293 0.0678309957173
* 291 29.2171299458 1.0 1.9 1.57079632679 0.1 0.0 0.979998588562 1.8973236084 1.50370490551 0.102                                -0.015 0.103834158433 -0.0112161924079 0.020001411438 0.00267639160156 0.0670914212849
* 292 29.3175680637 1.0 1.91 1.57079632679 0.1 0.0 0.977398395538 1.90750598907 1.50356554985 0.102                                -0.015 0.103828637833 -0.0214992224036 0.0226016044617 0.00249401092529 0.0672307769444
* 293 29.4183349609 1.0 1.92 1.57079632679 0.1 0.0 0.977039813995 1.91706943512 1.50466370583 0.102                                -0.014 0.104275854621 -0.0239438174147 0.0229601860046 0.00293056488037 0.0661326209691
* 294 29.5189049244 1.0 1.93 1.57079632679 0.1 0.0 0.981270313263 1.93028259277 1.5054012537 0.103                                -0.017 0.100739454692 -0.00865731526562 0.0187296867371 -0.000282592773436 0.0653950730946
* 295 29.619453907 1.0 1.94 1.57079632679 0.1 0.0 0.982766628265 1.94014453888 1.50452756882 0.103                                -0.018 0.10078937254 -0.00176119743223 0.0172333717346 -0.000144538879393 0.0662687579778
* 296 29.7202000618 1.0 1.95 1.57079632679 0.1 0.0 0.981065273285 1.94882297516 1.5037766695 0.102                                -0.013 0.102247069306 -0.0074344509129 0.0189347267151 0.00117702484131 0.0670196572926
* 297 29.8209199905 1.0 1.96 1.57079632679 0.1 0.0 0.980715751648 1.95788383484 1.50401604176 0.101                                -0.01 0.103215939245 -0.00882330748077 0.0192842483521 0.00211616516113 0.0667802850392
* 298 29.9215750694 1.0 1.97 1.57079632679 0.1 0.0 0.982025623322 1.96782016754 1.5039254427 0.101                                -0.009 0.10319279701 -0.00348560225608 0.0179743766785 0.0021798324585 0.0668708840993
* 299 30.0221800804 1.0 1.98 1.57079632679 0.1 0.0 0.981773853302 1.97667503357 1.50398945808 0.102                                -0.01 0.104365289309 -0.00425029545378 0.018226146698 0.00332496643067 0.0668068687108
* 300 30.1226580143 1.0 1.99 1.57079632679 0.1 0.0 0.98019695282 1.98728275299 1.50489377975 0.102                                -0.005 0.103846296518 -0.011635771596 0.0198030471802 0.00271724700928 0.0659025470403
* 301 30.2232789993 1.0 2.0 1.57079632679 0.1 0.0 0.98046541214 1.99908447266 1.50545227528 0.103                                -0.005 0.10200183194 -0.0116089336664 0.0195345878601 0.000915527343751 0.0653440515187
* 302 30.3239469528 1.0 2.01 1.57079632679 0.1 0.0 0.981628894806 2.01218891144 1.50604236126 0.103                                -0.008 0.0987829904724 -0.0083705724077 0.0183711051941 -0.00218891143799 0.0647539655354
* 303 30.4268169403 1.0 2.02 1.57079632679 0.1 0.0 0.982637882233 2.02097320557 1.50617027283 0.102                                -0.009 0.09994312705 -0.0041579289414 0.0173621177673 -0.000973205566405 0.0646260539677
* 304 30.5285129547 1.0 2.03 1.57079632679 0.1 0.0 0.98238992691 2.03028964996 1.50632953644 0.101                                -0.009 0.100647789033 -0.00513280365678 0.0176100730896 -0.000289649963378 0.0644667903569
* 305 30.6305348873 1.0 2.04 1.57079632679 0.1 0.0 0.982532978058 2.04060840607 1.50618970394 0.1                                -0.007 0.100318145174 -0.00450213647448 0.0174670219421 -0.000608406066894 0.0646066228536
* 306 30.7314660549 1.0 2.05 1.57079632679 0.1 0.0 0.982497215271 2.04905319214 1.50677394867 0.1                                -0.006 0.101884428575 -0.00483931131083 0.017502784729 0.000946807861328 0.0640223781255
* 307 30.8320291042 1.0 2.06 1.57079632679 0.1 0.0 0.982393741608 2.0576877594 1.5082654953 0.1                                -0.005 0.103253149416 -0.00643267282599 0.0176062583923 0.00231224060059 0.0625308314946
* 308 30.9326601028 1.0 2.07 1.57079632679 0.1 0.0 0.981541156769 2.06940555573 1.50900697708 0.101                                -0.004 0.101562983121 -0.011021215347 0.0184588432312 0.000594444274902 0.0617893497136
* 309 31.0357909203 1.0 2.08 1.57079632679 0.1 0.0 0.98028421402 2.0819978714 1.50944185257 0.101                                -0.005 0.0990172543791 -0.0171183986053 0.0197157859802 -0.00199787139893 0.0613544742253
* 310 31.1365180016 1.0 2.09 1.57079632679 0.1 0.0 0.984302520752 2.09211063385 1.50999557972 0.102                                -0.007 0.0986485642868 -0.00166086014115 0.015697479248 -0.0021106338501 0.0608007470754
* 311 31.2370789051 1.0 2.1 1.57079632679 0.1 0.0 0.984498500824 2.10043048859 1.5092035532 0.1                                -0.009 0.100341137685 0.000333092987323 0.015501499176 -0.000430488586427 0.0615927735951
* 312 31.3375110626 1.0 2.11 1.57079632679 0.1 0.0 0.984742641449 2.10861682892 1.50995612144 0.099                                -0.007 0.102150816137 0.000985843255113 0.015257358551 0.00138317108154 0.0608402053502
* 313 31.4380629063 1.0 2.12 1.57079632679 0.1 0.0 0.985641479492 2.11614608765 1.50955665112 0.1                                -0.004 0.104594362468 0.0055872358377 0.0143585205078 0.00385391235351 0.0612396756795
* 314 31.538779974 1.0 2.13 1.57079632679 0.1 0.0 0.984457969666 2.12425708771 1.51076292992 0.1                                -0.002 0.106564407209 7.1636506814e-05 0.0155420303345 0.00574291229248 0.0600333968785
* 315 31.6392610073 1.0 2.14 1.57079632679 0.1 0.0 0.983207702637 2.13603591919 1.51199686527 0.102                                0.0 0.104830196985 -0.00662043063887 0.0167922973633 0.00396408081055 0.0587994615224
* 316 31.7401580811 1.0 2.15 1.57079632679 0.1 0.0 0.982944965363 2.15032100677 1.51196789742 0.104                                0.0 0.10051744046 -0.00864743377721 0.0170550346375 -0.000321006774904 0.0588284293797
* 317 31.8412270546 1.0 2.16 1.57079632679 0.1 0.0 0.98322057724 2.16494369507 1.51112353802 0.103                                -0.002 0.0958408650775 -0.00779292826165 0.01677942276 -0.00494369506836 0.0596727887776
* 318 31.9417629242 1.0 2.17 1.57079632679 0.1 0.0 0.984395503998 2.17271614075 1.51206934452 0.102                                -0.005 0.0980106074179 -0.00352052814195 0.0156044960022 -0.00271614074707 0.0587269822743
* 319 32.042320013 1.0 2.18 1.57079632679 0.1 0.0 0.983113765717 2.18000888824 1.51214051247 0.1                                -0.005 0.100820761714 -0.00807534949253 0.0168862342834 -8.88824463141e-06 0.0586558143285
* 320 32.1442029476 1.0 2.19 1.57079632679 0.1 0.0 0.983476161957 2.18634128571 1.51264595985 0.099                                -0.005 0.104498856395 -0.00628905729586 0.0165238380432 0.00365871429443 0.0581503669408
* 321 32.2463600636 1.0 2.2 1.57079632679 0.1 0.0 0.982704639435 2.19866466522 1.51363563538 0.099                                -0.007 0.102185597227 -0.0109207520159 0.0172953605652 0.00133533477783 0.0571606914189
* 322 32.3467710018 1.0 2.21 1.57079632679 0.1 0.0 0.982783317566 2.20733261108 1.5139220953 0.101                                -0.006 0.103523485164 -0.0105962074721 0.0172166824341 0.00266738891601 0.0568742314961
* 323 32.4476120472 1.0 2.22 1.57079632679 0.1 0.0 0.984255313873 2.21909999847 1.51267802715 0.101                                -0.007 0.101665809264 -0.00385171897069 0.0157446861267 0.000900001525876 0.0581182996419
* 324 32.5483629704 1.0 2.23 1.57079632679 0.1 0.0 0.98277425766 2.23247909546 1.51283824444 0.102                                -0.008 0.098337349024 -0.0107122314758 0.0172257423401 -0.00247909545899 0.0579580823567
* 325 32.6489090919 1.0 2.24 1.57079632679 0.1 0.0 0.98432302475 2.24247837067 1.5135679245 0.101                                -0.007 0.0982398360946 -0.00526119376638 0.0156769752502 -0.00247837066651 0.0572284022954
* 326 32.7494730949 1.0 2.25 1.57079632679 0.1 0.0 0.983459472656 2.24942588806 1.51395654678 0.1                                -0.009 0.10136939044 -0.00840698857455 0.0165405273438 0.000574111938473 0.0568397800114
* 327 32.8500609398 1.0 2.26 1.57079632679 0.1 0.0 0.983728885651 2.26007843018 1.51336586475 0.099                                -0.007 0.100700982413 -0.00687961997202 0.0162711143494 -7.84301757855e-05 0.0574304620412
* 328 32.9505259991 1.0 2.27 1.57079632679 0.1 0.0 0.983616352081 2.26834392548 1.51466345787 0.1                                -0.008 0.102445829531 -0.00825725715947 0.0163836479187 0.00165607452392 0.0561328689244
* 329 33.0514640808 1.0 2.28 1.57079632679 0.1 0.0 0.983682155609 2.27785015106 1.51379179955 0.1                                -0.008 0.102950306068 -0.00699089126034 0.0163178443909 0.00214984893798 0.0570045272496
* 330 33.1520140171 1.0 2.29 1.57079632679 0.1 0.0 0.983833789825 2.28900623322 1.51644158363 0.1                                -0.007 0.10174520501 -0.00935024989408 0.0161662101746 0.000993766784663 0.0543547431615
* 331 33.2525138855 1.0 2.3 1.57079632679 0.1 0.0 0.984077453613 2.29996585846 1.51632559299 0.101                                -0.006 0.100763406088 -0.00846778031664 0.0159225463867 3.41415405223e-05 0.0544707338002
* 332 33.353126049 1.0 2.31 1.57079632679 0.1 0.0 0.984146118164 2.31349372864 1.51701581478 0.101                                -0.007 0.0971875093616 -0.00965300376977 0.0158538818359 -0.0034937286377 0.0537805120137
* 333 33.4541640282 1.0 2.32 1.57079632679 0.1 0.0 0.983345031738 2.32102394104 1.51628565788 0.101                                -0.008 0.0997350981364 -0.0115831536932 0.0166549682617 -0.00102394104004 0.0545106689122
* 334 33.5554270744 1.0 2.33 1.57079632679 0.1 0.0 0.982201099396 2.32999801636 1.51791059971 0.099                                -0.009 0.100814284641 -0.0175790496376 0.0177989006042 1.98364257242e-06 0.0528857270863
* 335 33.6559350491 1.0 2.34 1.57079632679 0.1 0.0 0.983263492584 2.33831214905 1.51680040359 0.099                                -0.01 0.102473792246 -0.0118440570986 0.0167365074158 0.00168785095214 0.0539959231999
* 336 33.7571220398 1.0 2.35 1.57079632679 0.1 0.0 0.984052181244 2.3486738205 1.51975333691 0.099                                -0.013 0.102033387491 -0.0117856673621 0.0159478187561 0.00132617950439 0.0510429898885
* 337 33.8576979637 1.0 2.36 1.57079632679 0.1 0.0 0.984705924988 2.35804462433 1.51748633385 0.1                                -0.013 0.102658488123 -0.00672670377179 0.0152940750122 0.00195537567138 0.0533099929479
* 338 33.9583220482 1.0 2.37 1.57079632679 0.1 0.0 0.985424518585 2.36627674103 1.51908063889 0.101                                -0.01 0.104391372964 -0.00512152144315 0.0145754814148 0.00372325897216 0.0517156879094
* 339 34.0589029789 1.0 2.38 1.57079632679 0.1 0.0 0.984373569489 2.38056182861 1.51861155033 0.102                                -0.008 0.100120926543 -0.00973057345814 0.0156264305115 -0.000561828613288 0.0521847764638
* 340 34.1598238945 1.0 2.39 1.57079632679 0.1 0.0 0.983573913574 2.3938293457 1.51960062981 0.102                                -0.009 0.096849635128 -0.0145956977171 0.0164260864258 -0.00382934570313 0.0511956969884
* 341 34.2602140903 1.0 2.4 1.57079632679 0.1 0.0 0.984306812286 2.40018367767 1.52074468136 0.101                                -0.008 0.100483639612 -0.0120821932064 0.0156931877136 -0.000183677673347 0.0500516454366
* 342 34.3608090878 1.0 2.41 1.57079632679 0.1 0.0 0.982973575592 2.4101266861 1.52105939388 0.099                                -0.01 0.100604889301 -0.0177164324703 0.017026424408 -0.000126686096199 0.0497369329121
* 343 34.461564064 1.0 2.42 1.57079632679 0.1 0.0 0.982633113861 2.42003917694 1.52190136909 0.1                                -0.011 0.100699831314 -0.0199139632711 0.0173668861389 -3.91769409256e-05 0.0488949577
* 344 34.5622620583 1.0 2.43 1.57079632679 0.1 0.0 0.983341693878 2.42822265625 1.52076637745 0.1                                -0.014 0.102514175433 -0.015567568057 0.0166583061218 0.00177734374999 0.0500299493459
* 345 34.6629459858 1.0 2.44 1.57079632679 0.1 0.0 0.984478473663 2.43777275085 1.52232778072 0.1                                -0.017 0.102894715775 -0.0125348360715 0.0155215263367 0.0022272491455 0.0484685460713
* 346 34.763479948 1.0 2.45 1.57079632679 0.1 0.0 0.984739780426 2.44725704193 1.52213954926 0.101                                -0.015 0.10340511662 -0.0111977955798 0.015260219574 0.00274295806884 0.0486567775395
* 347 34.8641650677 1.0 2.46 1.57079632679 0.1 0.0 0.984008789062 2.46030235291 1.52449691296 0.102                                -0.014 0.10033615358 -0.0171005597205 0.0159912109375 -0.000302352905282 0.0462994138387
* 348 34.9650769234 1.0 2.47 1.57079632679 0.1 0.0 0.983596801758 2.47256374359 1.52480447292 0.102                                -0.014 0.098065817021 -0.0194744066194 0.0164031982422 -0.00256374359132 0.0459918538716
* 349 35.0659639835 1.0 2.48 1.57079632679 0.1 0.0 0.984024047852 2.47986412048 1.52323877811 0.101                                -0.015 0.100792830835 -0.0156808616891 0.0159759521484 0.000135879516593 0.0475575486806
* 350 35.167167902 1.0 2.49 1.57079632679 0.1 0.0 0.981778621674 2.49040603638 1.52472519875 0.1                                -0.016 0.100332640379 -0.026262271521 0.0182213783264 -0.000406036376962 0.0460711280492
* 351 35.2676579952 1.0 2.5 1.57079632679 0.1 0.0 0.984430789948 2.49740791321 1.52402055264 0.1                                -0.016 0.103247440164 -0.0143901565671 0.0155692100525 0.00259208679198 0.0467757741597
* 352 35.368211031 1.0 2.51 1.57079632679 0.1 0.0 0.98227596283 2.50801849365 1.52485728264 0.1                                -0.019 0.102721175082 -0.0239703222168 0.0177240371704 0.00198150634765 0.0459390441563
* 353 35.4690589905 1.0 2.52 1.57079632679 0.1 0.0 0.981686115265 2.51574134827 1.52455461025 0.101                                -0.018 0.10505461239 -0.0255964759998 0.0183138847351 0.00425865173339 0.0462417165425
* 354 35.5698740482 1.0 2.53 1.57079632679 0.1 0.0 0.982156276703 2.52512836456 1.52428507805 0.102                                -0.019 0.105655803086 -0.023325613427 0.0178437232971 0.004871635437 0.0465112487462
* 355 35.672055006 1.0 2.54 1.57079632679 0.1 0.0 0.982460021973 2.53918552399 1.52401006222 0.103                                -0.021 0.101543978419 -0.0225863971595 0.0175399780273 0.000814476013173 0.0467862645772
* 356 35.773485899 1.0 2.55 1.57079632679 0.1 0.0 0.981646060944 2.54940128326 1.52602744102 0.103                                -0.023 0.101336265213 -0.0279320897701 0.0183539390564 0.000598716735829 0.0447688857701
* 357 35.8750469685 1.0 2.56 1.57079632679 0.1 0.0 0.981516838074 2.55939483643 1.52421987057 0.102                                -0.022 0.101374104208 -0.0266077041204 0.0184831619263 0.000605163574208 0.0465764562276
* 358 35.9756309986 1.0 2.57 1.57079632679 0.1 0.0 0.980056762695 2.5685968399 1.52573120594 0.102                                -0.024 0.10222608813 -0.0338364141856 0.0199432373047 0.0014031600952 0.0450651208546
* 359 36.0761320591 1.0 2.58 1.57079632679 0.1 0.0 0.978983402252 2.57664585114 1.52591741085 0.101                                -0.026 0.104244186587 -0.037965555409 0.0210165977478 0.00335414886474 0.0448789159444
* 360 36.1766738892 1.0 2.59 1.57079632679 0.1 0.0 0.980934143066 2.5843038559 1.52433407307 0.101                                -0.029 0.106546041736 -0.0281063890753 0.0190658569336 0.00569614410399 0.0464622537282
* 361 36.2772259712 1.0 2.6 1.57079632679 0.1 0.0 0.980758666992 2.59312057495 1.52529716492 0.103                                -0.031 0.107736395533 -0.0295921650044 0.0192413330078 0.00687942504882 0.0454991618779
* 362 36.3778040409 1.0 2.61 1.57079632679 0.1 0.0 0.981963157654 2.60512542725 1.52536118031 0.104                                -0.03 0.105653427428 -0.0252101748629 0.0180368423462 0.00487457275389 0.0454351464894
* 363 36.4783909321 1.0 2.62 1.57079632679 0.1 0.0 0.983568668365 2.61539077759 1.52583956718 0.105                                -0.03 0.105305713493 -0.01933729291 0.0164313316345 0.0046092224121 0.0449567596104
* 364 36.5789170265 1.0 2.63 1.57079632679 0.1 0.0 0.98286819458 2.6266374588 1.5254226923 0.105                                -0.028 0.104082564824 -0.0219317296892 0.0171318054199 0.00336254119872 0.045373634496
* 365 36.6794099808 1.0 2.64 1.57079632679 0.1 0.0 0.981012821198 2.6365814209 1.52493929863 0.105                                -0.024 0.104231370471 -0.0288379805811 0.0189871788025 0.00341857910155 0.0458570281651
* 366 36.7799539566 1.0 2.65 1.57079632679 0.1 0.0 0.980689048767 2.64521503448 1.52607274055 0.104                                -0.024 0.105610875734 -0.0310537611251 0.0193109512329 0.00478496551512 0.0447235862401
* 367 36.8809349537 1.0 2.66 1.57079632679 0.1 0.0 0.981645107269 2.65338993073 1.52629876137 0.104                                -0.026 0.107409531613 -0.0271423863128 0.0183548927307 0.00661006927489 0.0444975654271
* 368 36.9813439846 1.0 2.67 1.57079632679 0.1 0.0 0.981276512146 2.6630487442 1.52705490589 0.104                                -0.028 0.10776029508 -0.029343265866 0.018723487854 0.00695125579833 0.0437414209035
* 369 37.0818560123 1.0 2.68 1.57079632679 0.1 0.0 0.983030796051 2.67482471466 1.52624237537 0.105                                -0.027 0.105897397958 -0.021802015932 0.016969203949 0.00517528533934 0.0445539514211
* 370 37.1824519634 1.0 2.69 1.57079632679 0.1 0.0 0.983829498291 2.68813705444 1.52650511265 0.106                                -0.027 0.102509767826 -0.0194690754483 0.016170501709 0.00186294555663 0.0442912141469
* 371 37.2830090523 1.0 2.7 1.57079632679 0.1 0.0 0.983904361725 2.69826221466 1.52703952789 0.105                                -0.025 0.10237358193 -0.0197380977759 0.0160956382751 0.00173778533934 0.0437567989018
* 372 37.3836400509 1.0 2.71 1.57079632679 0.1 0.0 0.982205867767 2.70935440063 1.52812862396 0.104                                -0.023 0.101329751651 -0.0278249181034 0.0177941322327 0.000645599365221 0.0426677028325
* 373 37.4848339558 1.0 2.72 1.57079632679 0.1 0.0 0.981126308441 2.71670532227 1.52759826183 0.103                                -0.022 0.10406235614 -0.0311418517997 0.0188736915588 0.00329467773436 0.0431980649617
* 374 37.5858740807 1.0 2.73 1.57079632679 0.1 0.0 0.980545520782 2.72382736206 1.52791130543 0.102                                -0.024 0.10699258461 -0.0332912486794 0.0194544792175 0.00617263793944 0.0428850213673
* 375 37.6868801117 1.0 2.74 1.57079632679 0.1 0.0 0.980163574219 2.73344898224 1.52721393108 0.103                                -0.027 0.1074024676 -0.0340264011179 0.0198364257813 0.00655101776122 0.0435823957112
* 376 37.7876110077 1.0 2.75 1.57079632679 0.1 0.0 0.981379032135 2.74274539948 1.52827835083 0.104                                -0.029 0.108045058577 -0.0301579578475 0.018620967865 0.00725460052489 0.0425179759648
* 377 37.8882379532 1.0 2.76 1.57079632679 0.1 0.0 0.983442783356 2.752202034 1.52809643745 0.105                                -0.03 0.108507851484 -0.0216277644349 0.0165572166443 0.0077979660034 0.0426998893407
* 378 37.9896850586 1.0 2.77 1.57079632679 0.1 0.0 0.983966827393 2.76605892181 1.52780354023 0.106                                -0.029 0.104589319375 -0.0198902446942 0.0160331726074 0.00394107818602 0.0429927865651
* 379 38.0905110836 1.0 2.78 1.57079632679 0.1 0.0 0.984983921051 2.77782154083 1.52728557587 0.106                                -0.027 0.102768661081 -0.015598658161 0.015016078949 0.00217845916747 0.0435107509282
* 380 38.1912660599 1.0 2.79 1.57079632679 0.1 0.0 0.982062339783 2.78558063507 1.52542066574 0.106                                -0.024 0.105187909766 -0.0249579962715 0.0179376602173 0.00441936492918 0.0453756610539
* 381 38.2925848961 1.0 2.8 1.57079632679 0.1 0.0 0.980380058289 2.79671764374 1.52649998665 0.104                                -0.021 0.104099331908 -0.0329966443783 0.0196199417114 0.00328235626219 0.0442963401463
* 382 38.3934290409 1.0 2.81 1.57079632679 0.1 0.0 0.979768276215 2.80639648438 1.52558588982 0.104                                -0.023 0.104465874523 -0.0344430129602 0.0202317237854 0.00360351562498 0.0452104369786
* 383 38.4940309525 1.0 2.82 1.57079632679 0.1 0.0 0.980866909027 2.81346225739 1.52646803856 0.104                                -0.027 0.107368971146 -0.0304412613261 0.0191330909729 0.00653774261473 0.0443282882359
* 384 38.5946340561 1.0 2.83 1.57079632679 0.1 0.0 0.982619285583 2.8230381012 1.52626252174 0.104                                -0.029 0.107721818584 -0.0231491364371 0.0173807144165 0.00696189880369 0.0445338050511
* 385 38.6955049038 1.0 2.84 1.57079632679 0.1 0.0 0.983009338379 2.83502483368 1.52633047104 0.105                                -0.027 0.105694958376 -0.0220145783927 0.0169906616211 0.00497516632078 0.0444658557561
* 386 38.7960948944 1.0 2.85 1.57079632679 0.1 0.0 0.984166622162 2.84755134583 1.52677738667 0.106                                -0.026 0.103083650644 -0.0182971166883 0.0158333778381 0.00244865417479 0.0440189401296
* 387 38.8966670036 1.0 2.86 1.57079632679 0.1 0.0 0.982559204102 2.85758876801 1.5256716013 0.105                                -0.024 0.103131845684 -0.0235940796466 0.0174407958984 0.00241123199461 0.0451247254994
* 388 38.9980471134 1.0 2.87 1.57079632679 0.1 0.0 0.982268333435 2.86582279205 1.52631473541 0.104                                -0.021 0.104921820054 -0.0251013136272 0.0177316665649 0.00417720794676 0.0444815913823
* 389 39.098526001 1.0 2.88 1.57079632679 0.1 0.0 0.980988025665 2.87362861633 1.52612841129 0.104                                -0.023 0.107200281296 -0.0296332840946 0.0190119743347 0.00637138366697 0.0446679155019
* 390 39.1989850998 1.0 2.89 1.57079632679 0.1 0.0 0.982212543488 2.88341140747 1.52679264545 0.104                                -0.024 0.107355727273 -0.0253930428125 0.0177874565125 0.00658859252928 0.0440036813405
* 391 39.2994530201 1.0 2.9 1.57079632679 0.1 0.0 0.98314332962 2.89398956299 1.52726089954 0.105                                -0.025 0.10672400191 -0.0222617015279 0.0168566703796 0.0060104370117 0.0435354272511
* 392 39.3998639584 1.0 2.91 1.57079632679 0.1 0.0 0.982793331146 2.90388679504 1.52831041813 0.106                                -0.025 0.106829846028 -0.0247332623755 0.0172066688538 0.00611320495604 0.0424859086659
* 393 39.5003139973 1.0 2.92 1.57079632679 0.1 0.0 0.984069824219 2.9162530899 1.52686226368 0.106                                -0.024 0.104399451428 -0.0185428139562 0.0159301757813 0.0037469100952 0.0439340631154
* 394 39.6009321213 1.0 2.93 1.57079632679 0.1 0.0 0.983805656433 2.92848396301 1.52663433552 0.106                                -0.025 0.102158598053 -0.0197577065664 0.0161943435669 0.00151603698729 0.044161991277
* 395 39.70144701 1.0 2.94 1.57079632679 0.1 0.0 0.983035087585 2.9376001358 1.52609550953 0.105                                -0.023 0.103093310547 -0.0221288562832 0.0169649124146 0.00239986419676 0.0447008172658
* 396 39.8019790649 1.0 2.95 1.57079632679 0.1 0.0 0.982523918152 2.9449968338 1.52687370777 0.104                                -0.02 0.105738023166 -0.0245116171805 0.0174760818481 0.00500316619871 0.0439226190236
* 397 39.9024410248 1.0 2.96 1.57079632679 0.1 0.0 0.982577323914 2.95499134064 1.52716124058 0.104                                -0.021 0.105737461228 -0.0245948301895 0.0174226760864 0.00500865936277 0.0436350862172
* 398 40.0028970242 1.0 2.97 1.57079632679 0.1 0.0 0.982676029205 2.96392154694 1.52690851688 0.104                                -0.022 0.106817881445 -0.0237510785955 0.0173239707947 0.00607845306395 0.043887809911
* 399 40.1033759117 1.0 2.98 1.57079632679 0.1 0.0 0.981914520264 2.97335720062 1.52568900585 0.105                                -0.024 0.107438725695 -0.0254247868463 0.0180854797363 0.00664279937742 0.0451073209432
* 400 40.2043991089 1.0 2.99 1.57079632679 0.1 0.0 0.982110500336 2.98477172852 1.52746605873 0.105                                -0.023 0.10597597011 -0.0267377991863 0.0178894996643 0.00522827148436 0.0433302680638
* 401 40.3048710823 1.0 3.0 1.57079632679 0.1 0.0 0.982666015625 2.99831199646 1.52684831619 0.106                                -0.023 0.102380567667 -0.024500087642 0.017333984375 0.00168800354002 0.0439480106023
* 402 40.4052889347 1.0 3.01 1.57079632679 0.1 0.0 0.984794616699 3.00887775421 1.5278236866 0.105                                -0.025 0.10170327279 -0.0170872853485 0.0152053833008 0.00112224578855 0.0429726401952
* 403 40.5057919025 1.0 3.02 1.57079632679 0.1 0.0 0.983721256256 3.01728820801 1.52753436565 0.104                                -0.024 0.103360436722 -0.0208068999412 0.0162787437439 0.00271179199217 0.0432619611409
* 404 40.6062250137 1.0 3.03 1.57079632679 0.1 0.0 0.982315063477 3.02725124359 1.52550506592 0.103                                -0.021 0.103486396813 -0.0243378624021 0.0176849365234 0.00274875640867 0.0452912608769
* 405 40.7067210674 1.0 3.04 1.57079632679 0.1 0.0 0.981369495392 3.03636074066 1.52627396584 0.103                                -0.021 0.10441901794 -0.0287468091924 0.0186305046082 0.00363925933836 0.0445223609593
* 406 40.8071990013 1.0 3.05 1.57079632679 0.1 0.0 0.983817100525 3.04541301727 1.52692246437 0.102                                -0.023 0.105259248471 -0.0194673428892 0.0161828994751 0.00458698272703 0.0438738624242
* 407 40.9076468945 1.0 3.06 1.57079632679 0.1 0.0 0.982304096222 3.05461406708 1.5245808363 0.103                                -0.024 0.106164872951 -0.0229459482666 0.0176959037781 0.00538593292234 0.0462154904988
* 408 41.0081040859 1.0 3.07 1.57079632679 0.1 0.0 0.982946872711 3.06638717651 1.52674055099 0.104                                -0.022 0.10431534797 -0.0229285550124 0.0170531272888 0.00361282348631 0.0440557758
* 409 41.1085629463 1.0 3.08 1.57079632679 0.1 0.0 0.982372283936 3.08031845093 1.52643215656 0.104                                -0.021 0.100370782805 -0.0256045955049 0.0176277160645 -0.000318450927756 0.0443641702321
* 410 41.2090320587 1.0 3.09 1.57079632679 0.1 0.0 0.983074188232 3.08819770813 1.52818477154 0.103                                -0.023 0.102460979951 -0.0242148274221 0.0169258117676 0.0018022918701 0.0426115552571
* 411 41.3095259666 1.0 3.1 1.57079632679 0.1 0.0 0.983120441437 3.09657382965 1.52652347088 0.102                                -0.023 0.104121628801 -0.0220445468743 0.0168795585632 0.0034261703491 0.0442728559163
* 412 41.4100039005 1.0 3.11 1.57079632679 0.1 0.0 0.983089447021 3.10637664795 1.52699625492 0.102                                -0.023 0.104316430306 -0.0226201725298 0.0169105529785 0.00362335205076 0.0438000718739
* 413 41.5104589462 1.0 3.12 1.57079632679 0.1 0.0 0.983082294464 3.11649036407 1.52597236633 0.103                                -0.023 0.104214599575 -0.0216151405926 0.0169177055359 0.00350963592527 0.0448239604619
* 414 41.6109468937 1.0 3.13 1.57079632679 0.1 0.0 0.982929706573 3.12531852722 1.52688324451 0.103                                -0.023 0.105394655441 -0.0229563867395 0.0170702934265 0.0046814727783 0.0439130822804
* 415 41.7115280628 1.0 3.14 1.57079632679 0.1 0.0 0.981782436371 3.13379001617 1.52566456795 0.103                                -0.023 0.107007552523 -0.0260052349748 0.0182175636292 0.00620998382566 0.0451317588475
* 416 41.8121109009 1.0 3.15 1.57079632679 0.1 0.0 0.98273229599 3.14547920227 1.52543103695 0.104                                -0.022 0.105259563263 -0.0222732405443 0.01726770401 0.00452079772947 0.0453652898457
* 417 41.9126911163 1.0 3.16 1.57079632679 0.1 0.0 0.982518672943 3.15933322906 1.52519381046 0.105                                -0.023 0.101376484357 -0.0235845273136 0.0174813270569 0.000666770935035 0.0456025163319
* 418 42.0133049488 1.0 3.17 1.57079632679 0.1 0.0 0.982849597931 3.1684217453 1.52682816982 0.104                                -0.023 0.102261714547 -0.0237651797307 0.0171504020691 0.00157825469968 0.0439681569722
* 419 42.1137809753 1.0 3.18 1.57079632679 0.1 0.0 0.983412742615 3.1768913269 1.52548515797 0.103                                -0.023 0.103800183108 -0.0198660138397 0.0165872573853 0.00310867309568 0.0453111688283
* 420 42.2146389484 1.0 3.19 1.57079632679 0.1 0.0 0.984049320221 3.18556022644 1.52604091167 0.102                                -0.023 0.1051102544 -0.017654983724 0.0159506797791 0.00443977355955 0.0447554151204
* 421 42.3151910305 1.0 3.2 1.57079632679 0.1 0.0 0.984251499176 3.19503879547 1.52695083618 0.103                                -0.022 0.105617968924 -0.0176951183315 0.015748500824 0.00496120452878 0.0438454906133
* 422 42.4157679081 1.0 3.21 1.57079632679 0.1 0.0 0.983017444611 3.20456790924 1.52574396133 0.104                                -0.021 0.106163812349 -0.0212929222411 0.0169825553894 0.00543209075925 0.0450523654607
* 423 42.5166239738 1.0 3.22 1.57079632679 0.1 0.0 0.983381748199 3.21381855011 1.52676212788 0.104                                -0.019 0.106892450474 -0.0207606664013 0.0166182518005 0.00618144989011 0.0440341989186
* 424 42.617814064 1.0 3.23 1.57079632679 0.1 0.0 0.983174800873 3.22648143768 1.5263364315 0.105                                -0.019 0.104214919016 -0.0216185070283 0.0168251991272 0.00351856231687 0.0444598952916
* 425 42.7184100151 1.0 3.24 1.57079632679 0.1 0.0 0.983662128448 3.2414560318 1.52718949318 0.106                                -0.019 0.099153650345 -0.0214162395138 0.0163378715515 -0.00145603179934 0.0436068336156
* 426 42.8192930222 1.0 3.25 1.57079632679 0.1 0.0 0.983757019043 3.25015354156 1.5263696909 0.104                                -0.02 0.100476099021 -0.0199784977214 0.016242980957 -0.000153541564967 0.0444266358998
* 427 42.9200520515 1.0 3.26 1.57079632679 0.1 0.0 0.982834339142 3.25913143158 1.52587914467 0.102                                -0.02 0.101557150568 -0.0229843951827 0.0171656608582 0.000868568420385 0.0449171821263
* 428 43.0206019878 1.0 3.27 1.57079632679 0.1 0.0 0.982659816742 3.26467418671 1.52800619602 0.101                                -0.02 0.106043485825 -0.0250853844199 0.0173401832581 0.00532581329343 0.0427901307729
* 429 43.1211700439 1.0 3.28 1.57079632679 0.1 0.0 0.982130527496 3.27459812164 1.52763569355 0.101                                -0.021 0.106148314038 -0.0268035299408 0.0178694725037 0.00540187835691 0.0431606332448
* 430 43.2218749523 1.0 3.29 1.57079632679 0.1 0.0 0.983867645264 3.28212833405 1.52786064148 0.103                                -0.023 0.108566766303 -0.019670604078 0.0161323547363 0.00787166595456 0.0429356853154
* 431 43.3223590851 1.0 3.3 1.57079632679 0.1 0.0 0.982464313507 3.29330158234 1.52629029751 0.104                                -0.023 0.107462079887 -0.0238442671857 0.0175356864929 0.00669841766355 0.0445060292867
* 432 43.422962904 1.0 3.31 1.57079632679 0.1 0.0 0.982810020447 3.30589771271 1.52734935284 0.106                                -0.022 0.104808462288 -0.0240170813963 0.0171899795532 0.00410228729245 0.0434469739583
* 433 43.5245819092 1.0 3.32 1.57079632679 0.1 0.0 0.983301639557 3.31927585602 1.52774465084 0.105                                -0.023 0.101366688442 -0.0230416553638 0.0166983604431 0.000724143981907 0.0430516759541
* 434 43.6252989769 1.0 3.33 1.57079632679 0.1 0.0 0.983313560486 3.32905101776 1.52728271484 0.105                                -0.023 0.101599253527 -0.0224847768528 0.0166864395142 0.000948982238743 0.0435136119511
* 435 43.7259659767 1.0 3.34 1.57079632679 0.1 0.0 0.982754230499 3.33784389496 1.52724003792 0.103                                -0.023 0.102844794974 -0.0244662583751 0.0172457695007 0.00215610504148 0.0435562888768
* 436 43.8272719383 1.0 3.35 1.57079632679 0.1 0.0 0.981573581696 3.34346389771 1.52896261215 0.103                                -0.023 0.107300606925 -0.0302150463882 0.0184264183044 0.00653610229489 0.0418337146428
* 437 43.9277660847 1.0 3.36 1.57079632679 0.1 0.0 0.982584476471 3.35467720032 1.52702534199 0.103                                -0.024 0.106056497553 -0.0243706104417 0.0174155235291 0.00532279968259 0.0437709848073
* 438 44.0283939838 1.0 3.37 1.57079632679 0.1 0.0 0.981390953064 3.36299514771 1.52656805515 0.104                                -0.026 0.107816281714 -0.0283686856375 0.018609046936 0.00700485229489 0.044228271642
* 439 44.1309099197 1.0 3.38 1.57079632679 0.1 0.0 0.982845306396 3.37487888336 1.5258191824 0.105                                -0.024 0.105856344628 -0.0221146878894 0.0171546936035 0.00512111663816 0.044977144399
* 440 44.2313840389 1.0 3.39 1.57079632679 0.1 0.0 0.984162807465 3.38841342926 1.52700388432 0.105                                -0.026 0.10220968217 -0.0186953689889 0.0158371925354 0.00158657073972 0.0437924424794
* 441 44.3320438862 1.0 3.4 1.57079632679 0.1 0.0 0.984598636627 3.39839172363 1.52635109425 0.105                                -0.024 0.102219556069 -0.0162833765955 0.0154013633728 0.00160827636716 0.044445232549
* 442 44.4327189922 1.0 3.41 1.57079632679 0.1 0.0 0.983820915222 3.40764713287 1.52511453629 0.104                                -0.021 0.103021773061 -0.0179923199751 0.0161790847778 0.00235286712644 0.0456817905095
* 443 44.5334069729 1.0 3.42 1.57079632679 0.1 0.0 0.983107089996 3.41868305206 1.52377557755 0.103                                -0.02 0.102024153908 -0.0196676979642 0.0168929100037 0.00131694793698 0.0470207492497
* 444 44.6342189312 1.0 3.43 1.57079632679 0.1 0.0 0.982511043549 3.42507362366 1.52471828461 0.103                                -0.019 0.105688891865 -0.022346204195 0.0174889564514 0.00492637634274 0.046078042188
* 445 44.7349500656 1.0 3.44 1.57079632679 0.1 0.0 0.982746601105 3.43422794342 1.52323281765 0.102                                -0.019 0.106551320196 -0.0197069157796 0.0172533988953 0.00577205657956 0.0475635091451
* 446 44.8354239464 1.0 3.45 1.57079632679 0.1 0.0 0.980995178223 3.4427280426 1.52431452274 0.103                                -0.02 0.10813634125 -0.0275493332899 0.0190048217773 0.00727195739743 0.0464818040517
* 447 44.9361209869 1.0 3.46 1.57079632679 0.1 0.0 0.982501983643 3.45572185516 1.52437269688 0.105                                -0.02 0.105038491956 -0.0221451039316 0.0174980163574 0.0042781448364 0.0464236299184
* 448 45.0368909836 1.0 3.47 1.57079632679 0.1 0.0 0.983115196228 3.46975898743 1.5247875452 0.105                                -0.023 0.100923646615 -0.0208657912866 0.016884803772 0.000241012573212 0.0460087815907
* 449 45.1377549171 1.0 3.48 1.57079632679 0.1 0.0 0.985537052155 3.48107242584 1.52298629284 0.105                                -0.022 0.0995012091885 -0.00961034518249 0.0144629478455 -0.00107242584232 0.0478100339558
* 450 45.2381680012 1.0 3.49 1.57079632679 0.1 0.0 0.985168457031 3.48958969116 1.52286481857 0.103                                -0.021 0.10101898001 -0.010676123252 0.0148315429688 0.00041030883786 0.0479315082219
* 451 45.3386158943 1.0 3.5 1.57079632679 0.1 0.0 0.98391866684 3.49714565277 1.52404689789 0.101                                -0.017 0.103536469116 -0.0164143957412 0.0160813331604 0.00285434722897 0.0467494289067
