### Ensaio do Controlador Klancar com Laser (Meio Retângulo) ###

# Parâmetros #

# Número do Ensaio: 5
# Frequência: 10.0 Hz
# Lado Menor: 1.00 m
# Lado Maior: 3.50 m
# Velocidade Linear da Base: 0.10 m/s
# Parâmetro ksi: 0.80
# Parâmetro w_n: 0.63
# Parâmetro g: 40.00

* 1 0.0 0.0 0.0 0.0 0.1 0.0 0.0 0.0 0.0 0.0                                0.0 0.1 0.0 0.0 0.0 0.0
* 2 0.100541114807 0.01 0.0 0.0 0.1 0.0 0.0 0.0 0.0 0.0                                0.0 0.110119288513 0.0 0.01 0.0 0.0
* 3 0.201149940491 0.02 0.0 0.0 0.1 0.0 -0.00338315963745 0.00275421142578 -0.000384632730857 0.015                                0.003 0.12366315672 -0.0105916482174 0.0233831596375 -0.00275421142578 0.000384632730857
* 4 0.301737070084 0.03 0.0 0.0 0.1 0.0 -0.00147485733032 0.00253772735596 -0.000738445902243 0.054                                -0.006 0.131852176601 -0.00931068203337 0.0314748573303 -0.00253772735596 0.000738445902243
* 5 0.402271986008 0.04 0.0 0.0 0.1 0.0 0.00133228302002 0.00355625152588 -0.000188175836229 0.082                                -0.006 0.139129653144 -0.0140054799741 0.03866771698 -0.00355625152588 0.000188175836229
* 6 0.502838134766 0.05 0.0 0.0 0.1 0.0 0.0212678909302 0.00423669815063 -0.00106126465835 0.102                                -0.009 0.12907932733 -0.0157508892677 0.0287321090698 -0.00423669815063 0.00106126465835
* 7 0.603471040726 0.06 0.0 0.0 0.1 0.0 0.0382332801819 0.00487661361694 -0.0013926664833 0.112                                -0.013 0.122033125954 -0.0179759010712 0.0217667198181 -0.00487661361694 0.0013926664833
* 8 0.704478979111 0.07 0.0 0.0 0.1 0.0 0.0489664077759 0.00456523895264 -0.000933472299948 0.117                                -0.014 0.121288758334 -0.0172378032109 0.0210335922241 -0.00456523895264 0.000933472299948
* 9 0.805159091949 0.08 0.0 0.0 0.1 0.0 0.062433719635 0.00606250762939 -0.00164920487441 0.118                                -0.015 0.117785783324 -0.0224652380167 0.017566280365 -0.00606250762939 0.00164920487441
* 10 0.90588593483 0.09 0.0 0.0 0.1 0.0 0.0744948387146 0.0055251121521 -0.00140887894668 0.118                                -0.017 0.115697882297 -0.020587361868 0.0155051612854 -0.0055251121521 0.00140887894668
* 11 1.00860500336 0.1 0.0 0.0 0.1 0.0 0.0851378440857 0.00568771362305 -0.00173789658584 0.118                                -0.018 0.115049273201 -0.0208888769314 0.0148621559143 -0.00568771362305 0.00173789658584
* 12 1.10919308662 0.11 0.0 0.0 0.1 0.0 0.0961799621582 0.0071268081665 -0.00319511094131 0.117                                -0.019 0.114007355732 -0.0250972362943 0.0138200378418 -0.0071268081665 0.00319511094131
* 13 1.2097799778 0.12 0.0 0.0 0.1 0.0 0.107006072998 0.00585699081421 -0.00305635132827 0.116                                -0.021 0.113166515679 -0.0201761879678 0.012993927002 -0.00585699081421 0.00305635132827
* 14 1.31048297882 0.13 0.0 0.0 0.1 0.0 0.11607837677 0.00591421127319 -0.00406533898786 0.114                                -0.022 0.114111079457 -0.0193164319458 0.01392162323 -0.00591421127319 0.00406533898786
* 15 1.41106700897 0.14 0.0 0.0 0.1 0.0 0.12600851059 0.00674200057983 -0.00390559830703 0.114                                -0.021 0.114184166722 -0.0227970290367 0.0139914894104 -0.00674200057983 0.00390559830703
* 16 1.51169013977 0.15 0.0 0.0 0.1 0.0 0.137961387634 0.00666952133179 -0.00293809571303 0.114                                -0.02 0.112201564399 -0.0235633441815 0.0120386123657 -0.00666952133179 0.00293809571303
* 17 1.61238908768 0.16 0.0 0.0 0.1 0.0 0.149201869965 0.00787496566772 -0.00333148636855 0.114                                -0.021 0.110952871994 -0.0279845656659 0.0107981300354 -0.00787496566772 0.00333148636855
* 18 1.71301794052 0.17 0.0 0.0 0.1 0.0 0.158993721008 0.00794363021851 -0.00389033951797 0.112                                -0.023 0.11116800222 -0.0276662614089 0.0110062789917 -0.00794363021851 0.00389033951797
* 19 1.81362915039 0.18 0.0 0.0 0.1 0.0 0.168326377869 0.00963830947876 -0.00386268296279 0.112                                -0.024 0.111849714641 -0.034463824412 0.0116736221313 -0.00963830947876 0.00386268296279
* 20 1.91430902481 0.19 0.0 0.0 0.1 0.0 0.177715301514 0.0103783607483 -0.00584823312238 0.111                                -0.026 0.112490736901 -0.0353073637677 0.0122846984863 -0.0103783607483 0.00584823312238
* 21 2.01514196396 0.2 0.0 0.0 0.1 0.0 0.187535762787 0.00922393798828 -0.00601083459333 0.111                                -0.031 0.112666991497 -0.0305128684175 0.0124642372131 -0.00922393798828 0.00601083459333
* 22 2.11575198174 0.21 0.0 0.0 0.1 0.0 0.196959018707 0.0109314918518 -0.00650293054059 0.111                                -0.03 0.113266086002 -0.0368053238433 0.0130409812927 -0.0109314918518 0.00650293054059
* 23 2.21662306786 0.22 0.0 0.0 0.1 0.0 0.206978797913 0.011953830719 -0.00635415734723 0.112                                -0.031 0.113251107387 -0.0410534496142 0.0130212020874 -0.011953830719 0.00635415734723
* 24 2.31715607643 0.23 0.0 0.0 0.1 0.0 0.222768306732 0.0128607749939 -0.00643855752423 0.112                                -0.033 0.107399526662 -0.044740426167 0.00723169326782 -0.0128607749939 0.00643855752423
* 25 2.41758108139 0.24 0.0 0.0 0.1 0.0 0.231458187103 0.0130257606506 -0.00665694894269 0.112                                -0.037 0.108729045198 -0.0451380814686 0.00854181289673 -0.0130257606506 0.00665694894269
* 26 2.51832103729 0.25 0.0 0.0 0.1 0.0 0.240212917328 0.012387752533 -0.00711328210309 0.11                                -0.039 0.109990218805 -0.0420731503679 0.00978708267212 -0.012387752533 0.00711328210309
* 27 2.61898303032 0.26 0.0 0.0 0.1 0.0 0.249939918518 0.0140533447266 -0.0089367069304 0.109                                -0.041 0.110302774059 -0.0468082113971 0.0100600814819 -0.0140533447266 0.0089367069304
* 28 2.719643116 0.27 0.0 0.0 0.1 0.0 0.257447719574 0.0149221420288 -0.0109060443938 0.11                                -0.042 0.112859991887 -0.048101305387 0.012552280426 -0.0149221420288 0.0109060443938
* 29 2.82025003433 0.28 0.0 0.0 0.1 0.0 0.269108772278 0.0156984329224 -0.0121277011931 0.11                                -0.044 0.111205635366 -0.0499884138523 0.0108912277222 -0.0156984329224 0.0121277011931
* 30 2.92088603973 0.29 0.0 0.0 0.1 0.0 0.280721187592 0.0168428421021 -0.0120514072478 0.111                                -0.045 0.109586950703 -0.0547240292257 0.00927881240845 -0.0168428421021 0.0120514072478
* 31 3.02156805992 0.3 0.0 0.0 0.1 0.0 0.290007591248 0.0158987045288 -0.0112827457488 0.11                                -0.047 0.110286115161 -0.0517224767308 0.00999240875244 -0.0158987045288 0.0112827457488
* 32 3.12201499939 0.31 0.0 0.0 0.1 0.0 0.298993587494 0.0152902603149 -0.0116618312895 0.11                                -0.05 0.111310584588 -0.0488425308018 0.0110064125061 -0.0152902603149 0.0116618312895
* 33 3.22249007225 0.32 0.0 0.0 0.1 0.0 0.30889749527 0.0150728225708 -0.0121257938445 0.11                                -0.05 0.111411712892 -0.0474779237031 0.0111025047302 -0.0150728225708 0.0121257938445
* 34 3.32331395149 0.33 0.0 0.0 0.1 0.0 0.318601131439 0.0161490440369 -0.0144508518279 0.11                                -0.049 0.11175934145 -0.0493073271483 0.0113988685608 -0.0161490440369 0.0144508518279
* 35 3.42464613914 0.34 0.0 0.0 0.1 0.0 0.330152988434 0.017970085144 -0.0159719623625 0.11                                -0.048 0.110240878199 -0.0550796051341 0.00984701156616 -0.017970085144 0.0159719623625
* 36 3.52535510063 0.35 0.0 0.0 0.1 0.0 0.337448120117 0.0156049728394 -0.0158932842314 0.11                                -0.049 0.112938337904 -0.0455312063607 0.0125518798828 -0.0156049728394 0.0158932842314
* 37 3.62756896019 0.36 0.0 0.0 0.1 0.0 0.35159778595 0.0165328979492 -0.0172980464995 0.11                                -0.05 0.108775593935 -0.0480359671284 0.00840221405029 -0.0165328979492 0.0172980464995
* 38 3.72873997688 0.37 0.0 0.0 0.1 0.0 0.365312099457 0.0167527198792 -0.0170272029936 0.11                                -0.049 0.105017278961 -0.0494515757911 0.00468790054321 -0.0167527198792 0.0170272029936
* 39 3.83015298843 0.38 0.0 0.0 0.1 0.0 0.373001098633 0.015932559967 -0.0174301303923 0.109                                -0.049 0.107347129401 -0.0455945650178 0.00699890136719 -0.015932559967 0.0174301303923
* 40 3.93167304993 0.39 0.0 0.0 0.1 0.0 0.381833076477 0.0148992538452 -0.0178440250456 0.108                                -0.048 0.108516129631 -0.0409477515292 0.00816692352295 -0.0148992538452 0.0178440250456
* 41 4.03228902817 0.4 0.0 0.0 0.1 0.0 0.389919281006 0.0154891014099 -0.0179770626128 0.107                                -0.046 0.110464918724 -0.0430300383941 0.0100807189941 -0.0154891014099 0.0179770626128
* 42 4.13292098045 0.41 0.0 0.0 0.1 0.0 0.400641441345 0.0164403915405 -0.0182378925383 0.108                                -0.044 0.109755387984 -0.0466124962888 0.00935855865479 -0.0164403915405 0.0182378925383
* 43 4.23336315155 0.42 0.0 0.0 0.1 0.0 0.405741214752 0.0168313980103 -0.0202258266509 0.108                                -0.044 0.114749937837 -0.0456912198444 0.0142587852478 -0.0168313980103 0.0202258266509
* 44 4.33397698402 0.43 0.0 0.0 0.1 0.0 0.41508102417 0.0164008140564 -0.0201752819121 0.109                                -0.045 0.115408333706 -0.0439700586929 0.0149189758301 -0.0164008140564 0.0201752819121
* 45 4.43460202217 0.44 0.0 0.0 0.1 0.0 0.426906585693 0.0155668258667 -0.0196374095976 0.111                                -0.045 0.11353708711 -0.0413552196551 0.0130934143066 -0.0155668258667 0.0196374095976
* 46 4.53552794456 0.45 0.0 0.0 0.1 0.0 0.440802574158 0.0135879516602 -0.0189049877226 0.112                                -0.045 0.109547536901 -0.0345161243298 0.00919742584229 -0.0135879516602 0.0189049877226
* 47 4.63649201393 0.46 0.0 0.0 0.1 0.0 0.448324680328 0.0166306495667 -0.0212882198393 0.112                                -0.043 0.112147490366 -0.04397124936 0.0116753196716 -0.0166306495667 0.0212882198393
* 48 4.73853206635 0.47 0.0 0.0 0.1 0.0 0.457528591156 0.0158987045288 -0.0210960544646 0.111                                -0.04 0.112934494613 -0.0411806492263 0.012471408844 -0.0158987045288 0.0210960544646
* 49 4.83961296082 0.48 0.0 0.0 0.1 0.0 0.467567443848 0.0183324813843 -0.0222390331328 0.111                                -0.041 0.112965549603 -0.0497016125219 0.0124325561523 -0.0183324813843 0.0222390331328
* 50 4.94021201134 0.49 0.0 0.0 0.1 0.0 0.47679901123 0.0182180404663 -0.0216015018523 0.112                                -0.041 0.113730215 -0.049855421563 0.0132009887695 -0.0182180404663 0.0216015018523
* 51 5.04072403908 0.5 0.0 0.0 0.1 0.0 0.488936424255 0.020200252533 -0.0238412059844 0.112                                -0.045 0.111651248173 -0.0555974672584 0.0110635757446 -0.020200252533 0.0238412059844
* 52 5.14126515388 0.51 0.0 0.0 0.1 0.0 0.499164581299 0.0197172164917 -0.0246503986418 0.112                                -0.047 0.111422746404 -0.0528321742105 0.0108354187012 -0.0197172164917 0.0246503986418
* 53 5.24255299568 0.52 0.0 0.0 0.1 0.0 0.509113311768 0.0217294692993 -0.0263035930693 0.112                                -0.05 0.111556465636 -0.0591251418958 0.0108866882324 -0.0217294692993 0.0263035930693
* 54 5.34307098389 0.53 0.0 0.0 0.1 0.0 0.521968841553 0.0203847885132 -0.0263522304595 0.111                                -0.051 0.108632948996 -0.0539978035911 0.00803115844727 -0.0203847885132 0.0263522304595
* 55 5.44354701042 0.54 0.0 0.0 0.1 0.0 0.52684879303 0.0202536582947 -0.0283668674529 0.111                                -0.054 0.113843808879 -0.0507847543157 0.0131512069702 -0.0202536582947 0.0283668674529
* 56 5.5439760685 0.55 0.0 0.0 0.1 0.0 0.537219047546 0.0209145545959 -0.0294407047331 0.111                                -0.053 0.113507469545 -0.0523251633178 0.0127809524536 -0.0209145545959 0.0294407047331
* 57 5.64444804192 0.56 0.0 0.0 0.1 0.0 0.545023441315 0.0190191268921 -0.028741184622 0.112                                -0.052 0.11566072957 -0.0452395149616 0.0149765586853 -0.0190191268921 0.028741184622
* 58 5.7456600666 0.57 0.0 0.0 0.1 0.0 0.556056022644 0.021719455719 -0.0308402217925 0.112                                -0.052 0.114733766754 -0.0539085315998 0.013943977356 -0.021719455719 0.0308402217925
* 59 5.84710597992 0.58 0.0 0.0 0.1 0.0 0.564012050629 0.021279335022 -0.0320833362639 0.114                                -0.05 0.116809616185 -0.0505560478307 0.0159879493713 -0.021279335022 0.0320833362639
* 60 5.9477159977 0.59 0.0 0.0 0.1 0.0 0.577696323395 0.0229463577271 -0.0340483821929 0.114                                -0.05 0.113175723619 -0.0556023353102 0.0123036766052 -0.0229463577271 0.0340483821929
* 61 6.04828000069 0.6 0.0 0.0 0.1 0.0 0.590981960297 0.0206809043884 -0.0339873470366 0.114                                -0.051 0.109773729761 -0.0470573054785 0.00901803970337 -0.0206809043884 0.0339873470366
* 62 6.14986515045 0.61 0.0 0.0 0.1 0.0 0.609900474548 0.0186448097229 -0.0358627475798 0.113                                -0.052 0.100712833326 -0.0382264615592 9.95254516606e-05 -0.0186448097229 0.0358627475798
* 63 6.25034308434 0.62 0.0 0.0 0.1 0.0 0.609900474548 0.0186448097229 -0.0358627475798 0.111                                -0.049 0.110825615142 -0.0367922591322 0.0100995254517 -0.0186448097229 0.0358627475798
* 64 6.35202693939 0.63 0.0 0.0 0.1 0.0 0.629946708679 0.0195970535278 -0.037590328604 0.108                                -0.045 0.100728517249 -0.0402860889649 5.32913208012e-05 -0.0195970535278 0.037590328604
* 65 6.45251393318 0.64 0.0 0.0 0.1 0.0 0.629946708679 0.0195970535278 -0.037590328604 0.108                                -0.043 0.11084065716 -0.0387828299048 0.0100532913208 -0.0195970535278 0.037590328604
* 66 6.55470895767 0.65 0.0 0.0 0.1 0.0 0.650215148926 0.0202460289001 -0.0406644977629 0.106                                -0.04 0.100532681869 -0.0398025746442 -0.000215148925781 -0.0202460289001 0.0406644977629
* 67 6.65538406372 0.66 0.0 0.0 0.1 0.0 0.659361839294 0.0218887329102 -0.0421922840178 0.106                                -0.04 0.101490477378 -0.0446737516686 0.000638160705567 -0.0218887329102 0.0421922840178
* 68 6.75606894493 0.67 0.0 0.0 0.1 0.0 0.671297550201 0.0228204727173 -0.0426443256438 0.105                                -0.039 0.0995817260312 -0.0482671457042 -0.00129755020142 -0.0228204727173 0.0426443256438
* 69 6.85799503326 0.68 0.0 0.0 0.1 0.0 0.680022239685 0.0196924209595 -0.0424879230559 0.103                                -0.042 0.100733683831 -0.0357076194515 -2.22396850581e-05 -0.0196924209595 0.0424879230559
* 70 6.95987010002 0.69 0.0 0.0 0.1 0.0 0.68439245224 0.0216736793518 -0.0450137294829 0.102                                -0.042 0.106554314488 -0.0400468830829 0.00560754776001 -0.0216736793518 0.0450137294829
* 71 7.06061005592 0.7 0.0 0.0 0.1 0.0 0.695223808289 0.0240564346313 -0.0461009182036 0.102                                -0.04 0.105843640863 -0.0485922180583 0.00477619171143 -0.0240564346313 0.0461009182036
* 72 7.16113114357 0.71 0.0 0.0 0.1 0.0 0.702212333679 0.0249457359314 -0.0484374202788 0.104                                -0.041 0.108976277911 -0.0491424210662 0.0077876663208 -0.0249457359314 0.0484374202788
* 73 7.26174712181 0.72 0.0 0.0 0.1 0.0 0.712096214294 0.0228309631348 -0.0499318279326 0.104                                -0.043 0.109016578266 -0.0391046291731 0.00790378570557 -0.0228309631348 0.0499318279326
* 74 7.36295604706 0.73 0.0 0.0 0.1 0.0 0.719637393951 0.0253310203552 -0.0532234348357 0.106                                -0.044 0.111693410352 -0.0451171814028 0.0103626060486 -0.0253310203552 0.0532234348357
* 75 7.46426105499 0.74 0.0 0.0 0.1 0.0 0.731936454773 0.024836063385 -0.0559528507292 0.106                                -0.043 0.109395961046 -0.0407647087077 0.00806354522705 -0.024836063385 0.0559528507292
* 76 7.56481814384 0.75 0.0 0.0 0.1 0.0 0.741351127625 0.0268335342407 -0.059412304312 0.109                                -0.043 0.110172472927 -0.0449695438669 0.00864887237549 -0.0268335342407 0.059412304312
* 77 7.6653470993 0.76 0.0 0.0 0.1 0.0 0.751562595367 0.0266151428223 -0.0615370906889 0.108                                -0.042 0.109988921268 -0.0419123614264 0.00843740463257 -0.0266151428223 0.0615370906889
* 78 7.76606011391 0.77 0.0 0.0 0.1 0.0 0.763127803802 0.0263299942017 -0.0638960078359 0.109                                -0.043 0.108437209182 -0.0386916125153 0.00687219619751 -0.0263299942017 0.0638960078359
* 79 7.86711215973 0.78 0.0 0.0 0.1 0.0 0.77321767807 0.0289030075073 -0.066141910851 0.109                                -0.043 0.10856265671 -0.0466352524548 0.00678232192993 -0.0289030075073 0.066141910851
* 80 7.96775007248 0.79 0.0 0.0 0.1 0.0 0.778626441956 0.024893283844 -0.0662420466542 0.108                                -0.042 0.112932101689 -0.0293110856188 0.0113735580444 -0.024893283844 0.0662420466542
* 81 8.06860494614 0.8 0.0 0.0 0.1 0.0 0.790490627289 0.0255904197693 -0.0683530047536 0.108                                -0.042 0.111135491931 -0.030356318189 0.00950937271118 -0.0255904197693 0.0683530047536
* 82 8.17010498047 0.81 0.0 0.0 0.1 0.0 0.800922870636 0.0265645980835 -0.0710929110646 0.11                                -0.038 0.110819076197 -0.0314699075296 0.00907712936401 -0.0265645980835 0.0710929110646
* 83 8.27073812485 0.82 0.0 0.0 0.1 0.0 0.813635349274 0.0247130393982 -0.0721800997853 0.11                                -0.036 0.107966919361 -0.0237176264145 0.00636465072632 -0.0247130393982 0.0721800997853
* 84 8.37142300606 0.83 0.0 0.0 0.1 0.0 0.822466373444 0.0279197692871 -0.0731690600514 0.11                                -0.032 0.109400918234 -0.0351354322314 0.0075336265564 -0.0279197692871 0.0731690600514
* 85 8.47229504585 0.84 0.0 0.0 0.1 0.0 0.833347797394 0.0280294418335 -0.0734561160207 0.109                                -0.029 0.108525355545 -0.0355302350531 0.0066522026062 -0.0280294418335 0.0734561160207
* 86 8.5732460022 0.85 0.0 0.0 0.1 0.0 0.845320701599 0.0235123634338 -0.0718086436391 0.109                                -0.031 0.106172264268 -0.0197989360381 0.00467929840088 -0.0235123634338 0.0718086436391
* 87 8.67444801331 0.86 0.0 0.0 0.1 0.0 0.849200248718 0.0277161598206 -0.075618095696 0.109                                -0.032 0.112730404455 -0.030764175986 0.0107997512817 -0.0277161598206 0.075618095696
* 88 8.77504897118 0.87 0.0 0.0 0.1 0.0 0.86398601532 0.0232529640198 -0.0741451457143 0.108                                -0.027 0.107537317664 -0.0159446973162 0.00601398468018 -0.0232529640198 0.0741451457143
* 89 8.87579107285 0.88 0.0 0.0 0.1 0.0 0.872780323029 0.0211687088013 -0.0759762004018 0.109                                -0.029 0.108622181425 -0.00535607150693 0.00721967697144 -0.0211687088013 0.0759762004018
* 90 8.97692513466 0.89 0.0 0.0 0.1 0.0 0.882570743561 0.0229749679565 -0.0752604678273 0.108                                -0.023 0.108961606355 -0.0132470825846 0.00742925643921 -0.0229749679565 0.0752604678273
* 91 9.07806706429 0.9 0.0 0.0 0.1 0.0 0.892834186554 0.023232460022 -0.0757978633046 0.108                                -0.017 0.108723615901 -0.0137904338838 0.00716581344605 -0.023232460022 0.0757978633046
* 92 9.17973399162 0.91 0.0 0.0 0.1 0.0 0.905083179474 0.024022102356 -0.0766413882375 0.108                                -0.015 0.106528541562 -0.0167448560209 0.00491682052612 -0.024022102356 0.0766413882375
* 93 9.28049612045 0.92 0.0 0.0 0.1 0.0 0.915022850037 0.0255365371704 -0.0768807604909 0.108                                -0.016 0.106710988793 -0.0225174816132 0.00497714996338 -0.0255365371704 0.0768807604909
* 94 9.38096904755 0.93 0.0 0.0 0.1 0.0 0.926093101501 0.0227584838867 -0.0782845690846 0.108                                -0.016 0.105436177866 -0.0103145641225 0.00390689849854 -0.0227584838867 0.0782845690846
* 95 9.48215603828 0.94 0.0 0.0 0.1 0.0 0.934069156647 0.0240921974182 -0.0796964839101 0.106                                -0.017 0.107606044948 -0.013527066964 0.00593084335327 -0.0240921974182 0.0796964839101
* 96 9.58330702782 0.95 0.0 0.0 0.1 0.0 0.944534301758 0.0241804122925 -0.079524345696 0.106                                -0.014 0.107141197946 -0.0142061984563 0.00546569824219 -0.0241804122925 0.079524345696
* 97 9.68479204178 0.96 0.0 0.0 0.1 0.0 0.95259141922 0.0222954750061 -0.0794351771474 0.106                                -0.014 0.108948272249 -0.00616640095955 0.00740858078003 -0.0222954750061 0.0794351771474
* 98 9.7858710289 0.97 0.0 0.0 0.1 0.0 0.965891361237 0.0223226547241 -0.0780590251088 0.107                                -0.013 0.105601964297 -0.00874698113376 0.00410863876343 -0.0223226547241 0.0780590251088
* 99 9.88747000694 0.98 0.0 0.0 0.1 0.0 0.973682880402 0.0210328102112 -0.0774315074086 0.107                                -0.01 0.107720072716 -0.00356935843963 0.00631711959839 -0.0210328102112 0.0774315074086
* 100 9.98800516129 0.99 0.0 0.0 0.1 0.0 0.982925415039 0.020848274231 -0.0779851153493 0.107                                -0.01 0.108476871051 -0.00201963914973 0.00707458496094 -0.020848274231 0.0779851153493
* 101 10.0887629986 1.0 0.0 0.0 0.1 0.0 0.993680477142 0.0231466293335 -0.0777433589101 0.107                                -0.007 0.107892671287 -0.0116728878114 0.00631952285767 -0.0231466293335 0.0777433589101
* 102 10.1893351078 1.0 0.01 1.57079632679 0.1 0.0 1.00182008743 0.0235939025879 -0.0789583399892 0.107                                -0.006 -0.0086386653277 1.61465389938 -0.00182008743286 -0.0135939025879 1.64975466678
* 103 10.2899129391 1.0 0.02 1.57079632679 0.1 0.0 1.01597976685 0.02161693573 -0.079165764153 0.101                                0.059 -0.0238986540908 1.65814183928 -0.0159797668457 -0.00161693572998 1.64996209095
* 104 10.3905029297 1.0 0.03 1.57079632679 0.1 0.0 1.02350234985 0.0202598571777 -0.0740063861012 0.081                                0.267 -0.0318402581155 1.69632630046 -0.0235023498535 0.00974014282227 1.6448027129
* 105 10.4916851521 1.0 0.04 1.57079632679 0.1 0.0 1.02821493149 0.0196928977966 -0.0362404026091 0.059                                0.617 -0.0329005564393 1.70329271814 -0.028214931488 0.0203071022034 1.6070367294
* 106 10.5928311348 1.0 0.05 1.57079632679 0.1 0.0 1.03528499603 0.0205965042114 0.0250884722918 0.049                                0.782 -0.0324396745741 1.68526395883 -0.0352849960327 0.0294034957886 1.5457078545
* 107 10.6933829784 1.0 0.06 1.57079632679 0.1 0.0 1.03682184219 0.0224981307983 0.0931591540575 0.039                                0.959 -0.0242668613189 1.65832203314 -0.0368218421936 0.0375018692017 1.47763717274
* 108 10.7943210602 1.0 0.07 1.57079632679 0.1 0.0 1.03469610214 0.0234808921814 0.167607471347 0.034                                1.06 -0.0100825285463 1.62654872281 -0.0346961021423 0.0465191078186 1.40318885545
* 109 10.894974947 1.0 0.08 1.57079632679 0.1 0.0 1.03513479233 0.0283937454224 0.236403048038 0.027                                1.171 0.00108642297163 1.58391000486 -0.0351347923279 0.0516062545776 1.33439327876
* 110 10.9956121445 1.0 0.09 1.57079632679 0.1 0.0 1.03399658203 0.0256700515747 0.304270684719 0.023                                1.227 0.0166408526533 1.56787498486 -0.0339965820312 0.0643299484253 1.26652564208
* 111 11.0995750427 1.0 0.1 1.57079632679 0.1 0.0 1.03056383133 0.0284972190857 0.380163639784 0.02                                1.29 0.0352362038211 1.51579220024 -0.0305638313293 0.0715027809143 1.19063268701
* 112 11.2001340389 1.0 0.11 1.57079632679 0.1 0.0 1.03096389771 0.0314316749573 0.456725776196 0.018                                1.324 0.0510424357908 1.46404260481 -0.0309638977051 0.0785683250427 1.1140705506
* 113 11.3007340431 1.0 0.12 1.57079632679 0.1 0.0 1.03230905533 0.0347166061401 0.521516740322 0.018                                1.345 0.0644660321589 1.42196606001 -0.0323090553284 0.0852833938599 1.04927958647
* 114 11.4019210339 1.0 0.13 1.57079632679 0.1 0.0 1.02704668045 0.0373253822327 0.596137881279 0.023                                1.335 0.0861496012182 1.35378326962 -0.0270466804504 0.0926746177673 0.974658445516
* 115 11.5027010441 1.0 0.14 1.57079632679 0.1 0.0 1.03495407104 0.046434879303 0.664081275463 0.029                                1.314 0.0921349429858 1.29842882004 -0.0349540710449 0.093565120697 0.906715051332
* 116 11.6039209366 1.0 0.15 1.57079632679 0.1 0.0 1.03828811646 0.048243522644 0.71478509903 0.042                                1.251 0.103776502286 1.2740068811 -0.0382881164551 0.101756477356 0.856011227765
* 117 11.7047049999 1.0 0.16 1.57079632679 0.1 0.0 1.03815746307 0.0527143478394 0.763758897781 0.05                                1.217 0.116364804606 1.23217406617 -0.0381574630737 0.107285652161 0.807037429014
* 118 11.8054740429 1.0 0.17 1.57079632679 0.1 0.0 1.03864336014 0.0592522621155 0.821281671524 0.061                                1.175 0.128597405817 1.17340874597 -0.0386433601379 0.110747737885 0.749514655271
* 119 11.9061210155 1.0 0.18 1.57079632679 0.1 0.0 1.04454851151 0.0666937828064 0.873572826385 0.07                                1.13 0.135617241501 1.13316099589 -0.0445485115051 0.113306217194 0.697223500409
* 120 12.0067269802 1.0 0.19 1.57079632679 0.1 0.0 1.04758501053 0.0768966674805 0.921265900135 0.08                                1.081 0.141659782597 1.08248452219 -0.0475850105286 0.11310333252 0.64953042666
* 121 12.1073689461 1.0 0.2 1.57079632679 0.1 0.0 1.05413198471 0.0878233909607 0.959719419479 0.088                                1.042 0.143446410258 1.05315459801 -0.0541319847107 0.112176609039 0.611076907316
* 122 12.2079491615 1.0 0.21 1.57079632679 0.1 0.0 1.06048345566 0.0974569320679 0.993857383728 0.099                                0.993 0.145880348135 1.03214604995 -0.060483455658 0.112543067932 0.576938943067
* 123 12.3087899685 1.0 0.22 1.57079632679 0.1 0.0 1.06776428223 0.108633518219 1.03159821033 0.104                                0.966 0.147309456932 1.00695346804 -0.0677642822266 0.111366481781 0.53919811646
* 124 12.4126310349 1.0 0.23 1.57079632679 0.1 0.0 1.07115316391 0.12170124054 1.0642863512 0.111                                0.93 0.148344870441 0.971584792076 -0.0711531639099 0.10829875946 0.506509975591
* 125 12.5131139755 1.0 0.24 1.57079632679 0.1 0.0 1.07696199417 0.131848335266 1.09696698189 0.114                                0.92 0.150830618824 0.950810334278 -0.0769619941711 0.108151664734 0.473829344907
* 126 12.6138551235 1.0 0.25 1.57079632679 0.1 0.0 1.08060073853 0.147627353668 1.1296980381 0.119                                0.892 0.149284916192 0.912728693657 -0.0806007385254 0.102372646332 0.441098288694
* 127 12.7145900726 1.0 0.26 1.57079632679 0.1 0.0 1.0825753212 0.159607887268 1.15929329395 0.122                                0.875 0.151338021023 0.879762040718 -0.0825753211975 0.100392112732 0.411503032842
* 128 12.8149869442 1.0 0.27 1.57079632679 0.1 0.0 1.08595323563 0.172577857971 1.189930439 0.127                                0.852 0.15202228805 0.849442325816 -0.0859532356262 0.0974221420288 0.3808658878
* 129 12.9156410694 1.0 0.28 1.57079632679 0.1 0.0 1.08772277832 0.187457084656 1.22096633911 0.129                                0.837 0.15149325919 0.810512976645 -0.0877227783203 0.0925429153442 0.349829987684
* 130 13.0160520077 1.0 0.29 1.57079632679 0.1 0.0 1.08945846558 0.200258731842 1.25123524666 0.135                                0.815 0.152713017891 0.77585986466 -0.0894584655762 0.089741268158 0.319561080137
* 131 13.1166479588 1.0 0.3 1.57079632679 0.1 0.0 1.09093141556 0.21280002594 1.28393959999 0.138                                0.799 0.154513362463 0.737830712346 -0.0909314155579 0.0871999740601 0.286856726804
* 132 13.2185101509 1.0 0.31 1.57079632679 0.1 0.0 1.09178972244 0.227991580963 1.31341660023 0.141                                0.773 0.153315598313 0.699014891331 -0.0917897224426 0.0820084190369 0.257379726568
* 133 13.3206219673 1.0 0.32 1.57079632679 0.1 0.0 1.09255361557 0.24097442627 1.34231746197 0.146                                0.749 0.154078146937 0.663393666662 -0.0925536155701 0.0790255737305 0.228478864827
* 134 13.4215481281 1.0 0.33 1.57079632679 0.1 0.0 1.09517192841 0.257468223572 1.37272715569 0.148                                0.729 0.151055789969 0.630766779867 -0.0951719284058 0.0725317764282 0.198069171109
* 135 13.5223360062 1.0 0.34 1.57079632679 0.1 0.0 1.09459543228 0.272994041443 1.40026342869 0.149                                0.706 0.149126099664 0.590945927202 -0.0945954322815 0.0670059585571 0.170532898107
* 136 13.6236341 1.0 0.35 1.57079632679 0.1 0.0 1.09292507172 0.285176753998 1.42872095108 0.15                                0.672 0.150613052204 0.548440640554 -0.0929250717163 0.0648232460022 0.142075375715
* 137 13.7243180275 1.0 0.36 1.57079632679 0.1 0.0 1.09323644638 0.300355434418 1.4630330801 0.149                                0.643 0.14927820706 0.505491360234 -0.0932364463806 0.0596445655823 0.107763246694
* 138 13.8251309395 1.0 0.37 1.57079632679 0.1 0.0 1.09578847885 0.317830562592 1.48792386055 0.149                                0.593 0.14424365421 0.482973838388 -0.0957884788513 0.0521694374084 0.082872466245
* 139 13.9260480404 1.0 0.38 1.57079632679 0.1 0.0 1.09501314163 0.329129219055 1.51118576527 0.149                                0.564 0.145480603412 0.451821731362 -0.0950131416321 0.0508707809448 0.0596105615285
* 140 14.0277869701 1.0 0.39 1.57079632679 0.1 0.0 1.09370708466 0.346071720123 1.53702175617 0.147                                0.531 0.141167850188 0.414725540936 -0.0937070846558 0.0439282798767 0.0337745706227
* 141 14.1296100616 1.0 0.4 1.57079632679 0.1 0.0 1.09236383438 0.36496257782 1.55962669849 0.145                                0.487 0.134402974093 0.382300547545 -0.0923638343811 0.0350374221802 0.0111696283009
* 142 14.2302241325 1.0 0.41 1.57079632679 0.1 0.0 1.0923705101 0.379847049713 1.57512295246 0.143                                0.462 0.130915837524 0.364578504289 -0.0923705101013 0.0301529502869 -0.00432662566635
* 143 14.3311109543 1.0 0.42 1.57079632679 0.1 0.0 1.08774232864 0.393486022949 1.58981883526 0.139                                0.426 0.128496199424 0.329639063464 -0.0877423286438 0.0265139770508 -0.0190225084636
* 144 14.432320118 1.0 0.43 1.57079632679 0.1 0.0 1.0872220993 0.407674312592 1.60304820538 0.136                                0.402 0.125374393487 0.31319067035 -0.0872220993042 0.0223256874084 -0.0322518785808
* 145 14.5329270363 1.0 0.44 1.57079632679 0.1 0.0 1.08527994156 0.42157459259 1.61490881443 0.132                                0.371 0.122335334683 0.292899118747 -0.0852799415588 0.0184254074097 -0.0441124876353
* 146 14.6335880756 1.0 0.45 1.57079632679 0.1 0.0 1.08650588989 0.43302154541 1.62545228004 0.129                                0.35 0.121788086295 0.286488872091 -0.0865058898926 0.0169784545898 -0.0546559532497
* 147 14.7341520786 1.0 0.46 1.57079632679 0.1 0.0 1.08617544174 0.444150447845 1.63670599461 0.126                                0.325 0.121530057323 0.273081906568 -0.0861754417419 0.0158495521545 -0.0659096678111
* 148 14.8348629475 1.0 0.47 1.57079632679 0.1 0.0 1.08356380463 0.454759120941 1.65084517002 0.124                                0.311 0.121814832376 0.247306284215 -0.0835638046265 0.0152408790588 -0.0800488432262
* 149 14.9355080128 1.0 0.48 1.57079632679 0.1 0.0 1.08330583572 0.467836856842 1.66313266754 0.123                                0.291 0.119602663946 0.23387999405 -0.0833058357239 0.012163143158 -0.0923363407466
* 150 15.0361311436 1.0 0.49 1.57079632679 0.1 0.0 1.07992076874 0.480518341064 1.67574226856 0.122                                0.274 0.117463639646 0.207753480586 -0.0799207687378 0.00948165893555 -0.104945941767
* 151 15.1367940903 1.0 0.5 1.57079632679 0.1 0.0 1.07818889618 0.492230415344 1.68340468407 0.121                                0.257 0.11607004293 0.193330773858 -0.0781888961792 0.00776958465576 -0.112608357272
* 152 15.2375400066 1.0 0.51 1.57079632679 0.1 0.0 1.07493209839 0.503180027008 1.69037914276 0.119                                0.24 0.115183776129 0.173324142182 -0.0749320983887 0.00681997299194 -0.119582815966
* 153 15.3379781246 1.0 0.52 1.57079632679 0.1 0.0 1.07513427734 0.514744758606 1.69595861435 0.117                                0.215 0.113985402644 0.168906636163 -0.0751342773437 0.00525524139404 -0.125162287554
* 154 15.4389531612 1.0 0.53 1.57079632679 0.1 0.0 1.07327508926 0.523993015289 1.70021855831 0.116                                0.202 0.114761249678 0.156581884011 -0.0732750892639 0.00600698471069 -0.129422231517
* 155 15.53997612 1.0 0.54 1.57079632679 0.1 0.0 1.07138442993 0.535364627838 1.70496678352 0.115                                0.187 0.11341265389 0.14472027009 -0.0713844299316 0.00463537216187 -0.134170456729
* 156 15.6409130096 1.0 0.55 1.57079632679 0.1 0.0 1.06929540634 0.547662258148 1.70895206928 0.115                                0.175 0.11104722535 0.133448980287 -0.0692954063416 0.00233774185181 -0.138155742488
* 157 15.7414839268 1.0 0.56 1.57079632679 0.1 0.0 1.06773424149 0.557242393494 1.713332057 0.113                                0.16 0.111484769836 0.122386456601 -0.0677342414856 0.00275760650635 -0.142535730204
* 158 15.8424739838 1.0 0.57 1.57079632679 0.1 0.0 1.06798219681 0.565864562988 1.72056567669 0.113                                0.151 0.113283103741 0.114860564192 -0.0679821968079 0.00413543701172 -0.149769349894
* 159 15.9429941177 1.0 0.58 1.57079632679 0.1 0.0 1.06322479248 0.577279567719 1.72448217869 0.112                                0.138 0.111335797459 0.0927334482198 -0.0632247924805 0.00272043228149 -0.153685851893
* 160 16.0440740585 1.0 0.59 1.57079632679 0.1 0.0 1.05918502808 0.589827060699 1.72729599476 0.112                                0.129 0.10828546743 0.075372540325 -0.0591850280762 0.000172939300538 -0.156499667964
* 161 16.1451599598 1.0 0.6 1.57079632679 0.1 0.0 1.05896615982 0.601092338562 1.7300555706 0.111                                0.114 0.107105930743 0.072413677553 -0.0589661598206 -0.00109233856201 -0.159259243808
* 162 16.2466869354 1.0 0.61 1.57079632679 0.1 0.0 1.05602407455 0.610251426697 1.73068892956 0.11                                0.101 0.10749937524 0.0595979957233 -0.0560240745544 -0.000251426696777 -0.159892602763
* 163 16.3471579552 1.0 0.62 1.57079632679 0.1 0.0 1.05354547501 0.62140417099 1.73052835464 0.108                                0.086 0.105942357965 0.0507112583939 -0.0535454750061 -0.00140417098999 -0.15973202785
* 164 16.4478089809 1.0 0.63 1.57079632679 0.1 0.0 1.05242681503 0.630503177643 1.73151504993 0.107                                0.077 0.106698457414 0.0446908391608 -0.052426815033 -0.000503177642822 -0.160718723139
* 165 16.5484340191 1.0 0.64 1.57079632679 0.1 0.0 1.05044031143 0.637560844421 1.73273730278 0.107                                0.064 0.109357288321 0.0336755942321 -0.0504403114319 0.00243915557861 -0.161940975985
* 166 16.6490309238 1.0 0.65 1.57079632679 0.1 0.0 1.04772186279 0.64866399765 1.73455262184 0.107                                0.058 0.107868720603 0.0217528060135 -0.047721862793 0.00133600234985 -0.163756295047
* 167 16.7503340244 1.0 0.66 1.57079632679 0.1 0.0 1.0439209938 0.660722255707 1.73554182053 0.108                                0.048 0.105214060908 0.00706832165449 -0.0439209938049 -0.000722255706787 -0.164745493731
* 168 16.8508250713 1.0 0.67 1.57079632679 0.1 0.0 1.04286623001 0.672646999359 1.73617517948 0.107                                0.039 0.103134654807 0.00351688999417 -0.042866230011 -0.00264699935913 -0.165378852687
* 169 16.9514610767 1.0 0.68 1.57079632679 0.1 0.0 1.04079723358 0.680027961731 1.73607254028 0.106                                0.025 0.105401609668 -0.00626421686662 -0.0407972335815 -2.79617309565e-05 -0.165276213488
* 170 17.0519390106 1.0 0.69 1.57079632679 0.1 0.0 1.03957223892 0.688046455383 1.73665726185 0.105                                0.018 0.107188749838 -0.0130129084156 -0.0395722389221 0.0019535446167 -0.165860935054
* 171 17.1524660587 1.0 0.7 1.57079632679 0.1 0.0 1.03817749023 0.694205284119 1.73710799217 0.105                                0.006 0.110798661811 -0.0215298630857 -0.0381774902344 0.00579471588135 -0.166311665377
* 172 17.2530961037 1.0 0.71 1.57079632679 0.1 0.0 1.03620147705 0.704739570618 1.73627448082 0.105                                0.0 0.109918820346 -0.0280903768692 -0.0362014770508 0.00526042938232 -0.165478154025
* 173 17.3538880348 1.0 0.72 1.57079632679 0.1 0.0 1.03392648697 0.7108335495 1.7373238802 0.107                                -0.01 0.113454809205 -0.0407630879345 -0.033926486969 0.00916645050049 -0.166527553401
* 174 17.4544279575 1.0 0.73 1.57079632679 0.1 0.0 1.03096437454 0.721777915955 1.7373816967 0.108                                -0.015 0.112016292068 -0.0518830495664 -0.0309643745422 0.00822208404541 -0.166585369906
* 175 17.5548889637 1.0 0.74 1.57079632679 0.1 0.0 1.02712678909 0.73278427124 1.73815214634 0.11                                -0.025 0.110375221417 -0.0671688753639 -0.027126789093 0.00721572875977 -0.167355819545
* 176 17.6553981304 1.0 0.75 1.57079632679 0.1 0.0 1.02477788925 0.744709968567 1.73780894279 0.11                                -0.033 0.108055372738 -0.0747899892781 -0.0247778892517 0.00529003143311 -0.167012616
* 177 17.7558071613 1.0 0.76 1.57079632679 0.1 0.0 1.02497148514 0.754491329193 1.73735821247 0.11                                -0.048 0.108302776804 -0.0736983895681 -0.0249714851379 0.00550867080689 -0.166561885676
* 178 17.8562319279 1.0 0.77 1.57079632679 0.1 0.0 1.02323436737 0.764768123627 1.736946702 0.109                                -0.056 0.107732753032 -0.0799358906741 -0.0232343673706 0.00523187637329 -0.166150375209
* 179 17.957062006 1.0 0.78 1.57079632679 0.1 0.0 1.02240657806 0.773704528809 1.73590576649 0.108                                -0.064 0.10865065146 -0.0828104794499 -0.022406578064 0.00629547119141 -0.165109439692
* 180 18.0585889816 1.0 0.79 1.57079632679 0.1 0.0 1.01971054077 0.782224178314 1.73594164848 0.108                                -0.069 0.109679950808 -0.0944590874497 -0.0197105407715 0.00777582168579 -0.165145321688
* 181 18.1594099998 1.0 0.8 1.57079632679 0.1 0.0 1.01805639267 0.790804862976 1.73219192028 0.108                                -0.075 0.110820496013 -0.097944412196 -0.0180563926697 0.00919513702393 -0.161395593486
* 182 18.2610781193 1.0 0.81 1.57079632679 0.1 0.0 1.01560878754 0.800514221191 1.72965276241 0.109                                -0.084 0.110717549046 -0.105104580897 -0.0156087875366 0.00948577880859 -0.158856435618
* 183 18.3628849983 1.0 0.82 1.57079632679 0.1 0.0 1.0108962059 0.812056541443 1.72642695904 0.109                                -0.089 0.108441555891 -0.119354114557 -0.0108962059021 0.00794345855713 -0.155630632243
* 184 18.4633100033 1.0 0.83 1.57079632679 0.1 0.0 1.01104593277 0.822643756866 1.72089517117 0.109                                -0.098 0.107907393596 -0.112602497364 -0.0110459327698 0.00735624313355 -0.150098844371
* 185 18.564043045 1.0 0.84 1.57079632679 0.1 0.0 1.01054763794 0.829035758972 1.715883255 0.109                                -0.103 0.111470946413 -0.11141115023 -0.0105476379395 0.0109642410278 -0.14508692821
* 186 18.6645181179 1.0 0.85 1.57079632679 0.1 0.0 1.00939941406 0.837795257568 1.71250259876 0.109                                -0.107 0.112567520766 -0.113070695085 -0.0093994140625 0.0122047424316 -0.141706271968
* 187 18.7651131153 1.0 0.86 1.57079632679 0.1 0.0 1.00638198853 0.845629692078 1.71075856686 0.109                                -0.108 0.114322600403 -0.124372466656 -0.00638198852539 0.0143703079224 -0.139962240061
* 188 18.8657031059 1.0 0.87 1.57079632679 0.1 0.0 1.00660181046 0.856359958649 1.70999896526 0.111                                -0.112 0.113628882906 -0.122281777314 -0.00660181045532 0.0136400413513 -0.139202638468
* 189 18.9678151608 1.0 0.88 1.57079632679 0.1 0.0 1.00407457352 0.865708827972 1.70869135857 0.112                                -0.115 0.113941891872 -0.131254146493 -0.00407457351685 0.0142911720276 -0.137895031771
* 190 19.0683670044 1.0 0.89 1.57079632679 0.1 0.0 1.00279474258 0.876001834869 1.70657944679 0.112                                -0.119 0.113497155276 -0.133906298998 -0.00279474258423 0.0139981651306 -0.135783119998
* 191 19.1689560413 1.0 0.9 1.57079632679 0.1 0.0 1.00061845779 0.887146472931 1.70390176773 0.112                                -0.123 0.112090313814 -0.139064594607 -0.000618457794189 0.0128535270691 -0.133105440936
* 192 19.2695710659 1.0 0.91 1.57079632679 0.1 0.0 0.99696969986 0.899072170258 1.69733893871 0.112                                -0.127 0.109783181357 -0.14559299534 0.00303030014038 0.0109278297424 -0.126542611918
* 193 19.3701810837 1.0 0.92 1.57079632679 0.1 0.0 0.996402740479 0.907405853271 1.69309508801 0.112                                -0.131 0.1114581933 -0.144184856094 0.00359725952149 0.0125941467285 -0.12229876121
* 194 19.4708020687 1.0 0.93 1.57079632679 0.1 0.0 0.996331691742 0.914763450623 1.68665480614 0.111                                -0.137 0.114215416364 -0.138860747486 0.00366830825806 0.0152365493774 -0.115858479342
* 195 19.5726001263 1.0 0.94 1.57079632679 0.1 0.0 0.995251178741 0.925859928131 1.68089830875 0.111                                -0.138 0.113088572137 -0.136510464247 0.00474882125855 0.0141400718689 -0.110101981959
* 196 19.6733090878 1.0 0.95 1.57079632679 0.1 0.0 0.99239397049 0.935945034027 1.67469453812 0.112                                -0.138 0.112808430865 -0.141228291558 0.0076060295105 0.0140549659729 -0.103898211322
* 197 19.7741470337 1.0 0.96 1.57079632679 0.1 0.0 0.989512443542 0.945398807526 1.67058479786 0.112                                -0.138 0.113147125881 -0.148538822303 0.0104875564575 0.0146011924744 -0.0997884710643
* 198 19.8752200603 1.0 0.97 1.57079632679 0.1 0.0 0.988678455353 0.956667900085 1.66652071476 0.112                                -0.14 0.111876563111 -0.147042160639 0.0113215446472 0.0133320999146 -0.0957243879649
* 199 19.9771471024 1.0 0.98 1.57079632679 0.1 0.0 0.987011432648 0.96475982666 1.66311120987 0.112                                -0.143 0.113718886482 -0.150768731655 0.0129885673523 0.0152401733398 -0.0923148830745
* 200 20.0776269436 1.0 0.99 1.57079632679 0.1 0.0 0.987471580505 0.974833488464 1.65784013271 0.112                                -0.145 0.113808597356 -0.143280027975 0.0125284194946 0.0151665115356 -0.0870438059184
* 201 20.1782541275 1.0 1.0 1.57079632679 0.1 0.0 0.986857414246 0.984477043152 1.64974987507 0.113                                -0.146 0.114298731259 -0.13719922702 0.0131425857544 0.0155229568481 -0.0789535482738
* 202 20.2788300514 1.0 1.01 1.57079632679 0.1 0.0 0.984595298767 0.993328094482 1.64272654057 0.113                                -0.143 0.115448255696 -0.139040445288 0.0154047012329 0.0166719055176 -0.0719302137706
* 203 20.3793280125 1.0 1.02 1.57079632679 0.1 0.0 0.983644962311 1.00482702255 1.63705897331 0.113                                -0.141 0.114004968362 -0.13634832993 0.0163550376892 0.0151729774475 -0.0662626465175
* 204 20.4798769951 1.0 1.03 1.57079632679 0.1 0.0 0.980006217957 1.01641321182 1.6301856041 0.113                                -0.14 0.112347446325 -0.143157594289 0.0199937820435 0.0135867881775 -0.0593892773006
* 205 20.5803320408 1.0 1.04 1.57079632679 0.1 0.0 0.982582569122 1.02544260025 1.62352442741 0.113                                -0.138 0.113642686314 -0.125998896155 0.0174174308777 0.0145573997498 -0.052728100619
* 206 20.6821889877 1.0 1.05 1.57079632679 0.1 0.0 0.980662345886 1.03321695328 1.61809372902 0.113                                -0.138 0.115927239085 -0.128299714449 0.0193376541138 0.0167830467224 -0.0472974022243
* 207 20.7828731537 1.0 1.06 1.57079632679 0.1 0.0 0.980940818787 1.04287862778 1.61386072636 0.113                                -0.134 0.116386528302 -0.122692526979 0.0190591812134 0.0171213722229 -0.0430643995616
* 208 20.883630991 1.0 1.07 1.57079632679 0.1 0.0 0.98156785965 1.05068445206 1.61160540581 0.114                                -0.13 0.118685468992 -0.118115185101 0.0184321403503 0.0193155479431 -0.0408090790126
* 209 20.9865429401 1.0 1.08 1.57079632679 0.1 0.0 0.980326652527 1.06010293961 1.60811901093 0.115                                -0.128 0.119307898054 -0.119376245084 0.0196733474731 0.0198970603943 -0.0373226841304
* 210 21.0871939659 1.0 1.09 1.57079632679 0.1 0.0 0.978878498077 1.0714507103 1.60326099396 0.116                                -0.123 0.118014217234 -0.119701785702 0.0211215019226 0.0185492897034 -0.0324646671626
* 211 21.187828064 1.0 1.1 1.57079632679 0.1 0.0 0.976047515869 1.0825715065 1.60018539429 0.117                                -0.122 0.116873360925 -0.127556742224 0.0239524841309 0.0174284934998 -0.0293890674922
* 212 21.2884449959 1.0 1.11 1.57079632679 0.1 0.0 0.97314453125 1.09374856949 1.59424459934 0.117                                -0.122 0.115776113086 -0.13264446064 0.02685546875 0.0162514305115 -0.0234482725475
* 213 21.3891010284 1.0 1.12 1.57079632679 0.1 0.0 0.974777698517 1.1131439209 1.58415925503 0.117                                -0.124 0.10658726236 -0.114768989164 0.0252223014832 0.00685607910156 -0.0133629282329
* 214 21.4898841381 1.0 1.13 1.57079632679 0.1 0.0 0.974777698517 1.1131439209 1.58415925503 0.115                                -0.125 0.116705647396 -0.115303490385 0.0252223014832 0.0168560791016 -0.0133629282329
* 215 21.5910029411 1.0 1.14 1.57079632679 0.1 0.0 0.975597858429 1.13232326508 1.57728624344 0.113                                -0.121 0.107605784127 -0.104373128677 0.024402141571 0.00767673492432 -0.00648991664382
* 216 21.6914680004 1.0 1.15 1.57079632679 0.1 0.0 0.975597858429 1.13232326508 1.57728624344 0.113                                -0.117 0.117724859533 -0.104632723521 0.024402141571 0.0176767349243 -0.00648991664382
* 217 21.7919361591 1.0 1.16 1.57079632679 0.1 0.0 0.973567962646 1.14247941971 1.57503819466 0.112                                -0.113 0.117615063163 -0.110316945735 0.0264320373535 0.0175205802917 -0.00424186786148
* 218 21.8925430775 1.0 1.17 1.57079632679 0.1 0.0 0.97470998764 1.16276597977 1.56940495968 0.114                                -0.11 0.107355817332 -0.0997117262944 0.0252900123596 0.00723402023316 0.00139136711625
* 219 21.9931120872 1.0 1.18 1.57079632679 0.1 0.0 0.97470998764 1.16276597977 1.56940495968 0.115                                -0.11 0.11747509605 -0.0996560716277 0.0252900123596 0.0172340202332 0.00139136711625
* 220 22.0936541557 1.0 1.19 1.57079632679 0.1 0.0 0.972128391266 1.17211151123 1.56351530552 0.112                                -0.105 0.11830410015 -0.103594623058 0.0278716087341 0.0178884887695 0.00728102127579
* 221 22.1951990128 1.0 1.2 1.57079632679 0.1 0.0 0.971481800079 1.19246578217 1.55412781239 0.113                                -0.103 0.108090145843 -0.0966872888407 0.0285181999207 0.00753421783447 0.0166685144093
* 222 22.2961471081 1.0 1.21 1.57079632679 0.1 0.0 0.971481800079 1.19246578217 1.55412781239 0.114                                -0.103 0.118208028619 -0.0960205791383 0.0285181999207 0.0175342178345 0.0166685144093
* 223 22.3968009949 1.0 1.22 1.57079632679 0.1 0.0 0.971244812012 1.20510530472 1.5491963625 0.112                                -0.1 0.115674000239 -0.0918494945046 0.0287551879883 0.014894695282 0.0215999642995
* 224 22.4973180294 1.0 1.23 1.57079632679 0.1 0.0 0.96733379364 1.22328615189 1.54274117947 0.114                                -0.098 0.107679176916 -0.101470260072 0.0326662063599 0.00671384811401 0.0280551473286
* 225 22.5977420807 1.0 1.24 1.57079632679 0.1 0.0 0.96733379364 1.22328615189 1.54274117947 0.114                                -0.096 0.117794483288 -0.100348201386 0.0326662063599 0.016713848114 0.0280551473286
* 226 22.6983389854 1.0 1.25 1.57079632679 0.1 0.0 0.968829154968 1.24150753021 1.53761053085 0.112                                -0.097 0.109580560414 -0.0899059547726 0.0311708450317 0.0084924697876 0.0331857959416
* 227 22.7989039421 1.0 1.26 1.57079632679 0.1 0.0 0.968829154968 1.24150753021 1.53761053085 0.114                                -0.098 0.119694277267 -0.0885787665709 0.0311708450317 0.0184924697876 0.0331857959416
* 228 22.900676012 1.0 1.27 1.57079632679 0.1 0.0 0.96951675415 1.26457357407 1.53206682205 0.113                                -0.094 0.106606435411 -0.0818096023871 0.0304832458496 0.00542642593384 0.0387295047429
* 229 23.0020370483 1.0 1.28 1.57079632679 0.1 0.0 0.965479373932 1.27399206161 1.52976489067 0.114                                -0.092 0.107423247134 -0.0954596094725 0.0345206260681 0.00600793838501 0.0410314361241
* 230 23.1029441357 1.0 1.29 1.57079632679 0.1 0.0 0.964017391205 1.28600692749 1.52523100376 0.111                                -0.089 0.105591262578 -0.0969446512025 0.0359826087952 0.00399307250977 0.0455653230336
* 231 23.2035939693 1.0 1.3 1.57079632679 0.1 0.0 0.962902545929 1.29385662079 1.5219180584 0.109                                -0.091 0.10792396649 -0.0975506308781 0.037097454071 0.00614337921143 0.0488782683995
* 232 23.3056340218 1.0 1.31 1.57079632679 0.1 0.0 0.961550712585 1.30079269409 1.51868927479 0.108                                -0.093 0.111195227042 -0.0989415828777 0.0384492874146 0.0092073059082 0.052107052007
* 233 23.4062099457 1.0 1.32 1.57079632679 0.1 0.0 0.962404727936 1.3087720871 1.51659500599 0.108                                -0.094 0.113259322067 -0.0928792893959 0.0375952720642 0.0112279129028 0.0542013208058
* 234 23.5065829754 1.0 1.33 1.57079632679 0.1 0.0 0.96213054657 1.31926012039 1.51263034344 0.109                                -0.095 0.112908231258 -0.0898644293276 0.0378694534302 0.0107398796082 0.0581659833577
* 235 23.6070251465 1.0 1.34 1.57079632679 0.1 0.0 0.962738037109 1.32916498184 1.50977694988 0.11                                -0.095 0.113057148241 -0.0843802465283 0.0372619628906 0.010835018158 0.0610193769124
* 236 23.7074439526 1.0 1.35 1.57079632679 0.1 0.0 0.965908050537 1.33890295029 1.50762653351 0.111                                -0.092 0.113185394414 -0.0693703405136 0.0340919494629 0.0110970497131 0.0631697932866
* 237 23.8079071045 1.0 1.36 1.57079632679 0.1 0.0 0.965908050537 1.33890295029 1.50762653351 0.111                                -0.088 0.12328449952 -0.0668452289414 0.0340919494629 0.0210970497131 0.0631697932866
* 238 23.9083299637 1.0 1.37 1.57079632679 0.1 0.0 0.963115692139 1.36062860489 1.50080490112 0.113                                -0.078 0.111825374691 -0.073728130696 0.0368843078613 0.00937139511108 0.0699914256718
* 239 24.0087749958 1.0 1.38 1.57079632679 0.1 0.0 0.964983463287 1.37110900879 1.49818539619 0.115                                -0.076 0.111280494724 -0.0636399107568 0.0350165367126 0.00889099121094 0.0726109306004
* 240 24.1092889309 1.0 1.39 1.57079632679 0.1 0.0 0.964858055115 1.38070964813 1.49591135979 0.114                                -0.074 0.111755077921 -0.061615339391 0.0351419448853 0.00929035186768 0.0748849670079
* 241 24.2101230621 1.0 1.4 1.57079632679 0.1 0.0 0.96435546875 1.3892583847 1.49320423603 0.113                                -0.071 0.113332088639 -0.0603009535992 0.03564453125 0.0107416152954 0.0775920907643
* 242 24.3106870651 1.0 1.41 1.57079632679 0.1 0.0 0.964146137238 1.39794301987 1.49274885654 0.112                                -0.066 0.11468805895 -0.0602401378882 0.0358538627625 0.0120569801331 0.0780474702504
* 243 24.4111130238 1.0 1.42 1.57079632679 0.1 0.0 0.96793794632 1.40510416031 1.49309492111 0.112                                -0.064 0.117244774593 -0.0446079119498 0.0320620536804 0.0148958396912 0.0777014056828
* 244 24.5116529465 1.0 1.43 1.57079632679 0.1 0.0 0.964621067047 1.41680002213 1.49196624756 0.113                                -0.06 0.11582467968 -0.0571479139772 0.0353789329529 0.0131999778748 0.0788300792363
* 245 24.6121971607 1.0 1.44 1.57079632679 0.1 0.0 0.965149402618 1.4286198616 1.49092125893 0.114                                -0.056 0.113974248043 -0.0544979524776 0.0348505973816 0.0113801383972 0.0798750678685
* 246 24.7127220631 1.0 1.45 1.57079632679 0.1 0.0 0.963433742523 1.43861818314 1.4895170927 0.115                                -0.056 0.114153652029 -0.0598370090775 0.0365662574768 0.011381816864 0.0812792340901
* 247 24.8136091232 1.0 1.46 1.57079632679 0.1 0.0 0.964057922363 1.44836473465 1.48862755299 0.114                                -0.055 0.11438212437 -0.0563143698254 0.0359420776367 0.0116352653503 0.0821687738088
* 248 24.9140570164 1.0 1.47 1.57079632679 0.1 0.0 0.963821411133 1.45737838745 1.48676133156 0.114                                -0.056 0.115447131062 -0.0549286052961 0.0361785888672 0.0126216125488 0.0840349952367
* 249 25.0148949623 1.0 1.48 1.57079632679 0.1 0.0 0.964909076691 1.46656799316 1.48624575138 0.114                                -0.056 0.116185227231 -0.0497657843881 0.0350909233093 0.0134320068359 0.084550575414
* 250 25.1152789593 1.0 1.49 1.57079632679 0.1 0.0 0.963926792145 1.47642183304 1.48458123207 0.114                                -0.055 0.116460940067 -0.0518365813709 0.0360732078552 0.0135781669617 0.086215094724
* 251 25.2159259319 1.0 1.5 1.57079632679 0.1 0.0 0.964555263519 1.48498916626 1.48395824432 0.115                                -0.054 0.117866609914 -0.0481632561762 0.0354447364807 0.0150108337402 0.0868380824712
* 252 25.3165090084 1.0 1.51 1.57079632679 0.1 0.0 0.968286037445 1.49364519119 1.48280572891 0.115                                -0.052 0.11891918505 -0.0315760087982 0.0317139625549 0.0163548088074 0.0879905978825
* 253 25.4171919823 1.0 1.52 1.57079632679 0.1 0.0 0.966006278992 1.50353384018 1.48224079609 0.116                                -0.05 0.119247704172 -0.0400051151271 0.0339937210083 0.0164661598206 0.0885555307057
* 254 25.5178501606 1.0 1.53 1.57079632679 0.1 0.0 0.965805530548 1.51574325562 1.48164176941 0.117                                -0.043 0.117053223156 -0.0409390947803 0.0341944694519 0.0142567443848 0.0891545573857
* 255 25.6184661388 1.0 1.54 1.57079632679 0.1 0.0 0.962925434113 1.52619934082 1.48058974743 0.118                                -0.042 0.116881595205 -0.0514397736707 0.0370745658875 0.0138006591797 0.090206579366
* 256 25.7191309929 1.0 1.55 1.57079632679 0.1 0.0 0.964689731598 1.53534555435 1.48038363457 0.117                                -0.042 0.117586422358 -0.0438803965684 0.0353102684021 0.0146544456482 0.0904126922276
* 257 25.8197910786 1.0 1.56 1.57079632679 0.1 0.0 0.964528560638 1.54543733597 1.47893261909 0.117                                -0.045 0.117545366226 -0.0429843612668 0.0354714393616 0.014562664032 0.0918637077
* 258 25.9203169346 1.0 1.57 1.57079632679 0.1 0.0 0.964802265167 1.5535492897 1.47917425632 0.117                                -0.044 0.119416483036 -0.041464833087 0.0351977348328 0.0164507102966 0.0916220704701
* 259 26.0208070278 1.0 1.58 1.57079632679 0.1 0.0 0.965864658356 1.56565523148 1.47827506065 0.117                                -0.043 0.117217457716 -0.0370312213284 0.0341353416443 0.0143447685242 0.0925212661412
* 260 26.1214430332 1.0 1.59 1.57079632679 0.1 0.0 0.969236850739 1.57731389999 1.47750627995 0.118                                -0.042 0.11524669225 -0.0233875461162 0.0307631492615 0.0126861000061 0.0932900468495
* 261 26.2219860554 1.0 1.6 1.57079632679 0.1 0.0 0.968954563141 1.58719158173 1.47652626038 0.117                                -0.037 0.115416827683 -0.0234131126139 0.0310454368591 0.0128084182739 0.0942700664189
* 262 26.3226389885 1.0 1.61 1.57079632679 0.1 0.0 0.966552734375 1.5965886116 1.47687661648 0.116                                -0.033 0.116244996396 -0.0331283898335 0.033447265625 0.0134113883972 0.0939197103169
* 263 26.4232070446 1.0 1.62 1.57079632679 0.1 0.0 0.966903686523 1.60504150391 1.47614252567 0.115                                -0.03 0.117786872949 -0.0303546809715 0.0330963134766 0.0149584960938 0.094653801122
* 264 26.5240080357 1.0 1.63 1.57079632679 0.1 0.0 0.969398498535 1.61617851257 1.47567117214 0.116                                -0.03 0.116412287676 -0.020341564735 0.0306015014648 0.0138214874268 0.0951251546529
* 265 26.6254050732 1.0 1.64 1.57079632679 0.1 0.0 0.967021942139 1.62546157837 1.47529494762 0.116                                -0.029 0.117371307289 -0.0291252150271 0.0329780578613 0.0145384216309 0.0955013791707
* 266 26.7271361351 1.0 1.65 1.57079632679 0.1 0.0 0.967928886414 1.63642597198 1.47609090805 0.116                                -0.027 0.116295223615 -0.0267399867763 0.0320711135864 0.0135740280151 0.0947054187444
* 267 26.8278949261 1.0 1.66 1.57079632679 0.1 0.0 0.968523979187 1.64735126495 1.47527658939 0.116                                -0.027 0.115323239918 -0.0238454963603 0.031476020813 0.0126487350464 0.0955197374013
* 268 26.928383112 1.0 1.67 1.57079632679 0.1 0.0 0.971409320831 1.65664768219 1.47518312931 0.116                                -0.027 0.115755178527 -0.0119877623303 0.0285906791687 0.0133523178101 0.0956131974843
* 269 27.028924942 1.0 1.68 1.57079632679 0.1 0.0 0.969759941101 1.66755104065 1.47493827343 0.115                                -0.023 0.11500938301 -0.0186373682869 0.0302400588989 0.0124489593506 0.095858053365
* 270 27.129652977 1.0 1.69 1.57079632679 0.1 0.0 0.971792697906 1.6763381958 1.47453391552 0.115                                -0.02 0.116041256818 -0.00964378515487 0.0282073020935 0.0136618041992 0.0962624112752
* 271 27.2304520607 1.0 1.7 1.57079632679 0.1 0.0 0.973476886749 1.68764591217 1.47327804565 0.115                                -0.018 0.114580143479 -0.00209546732425 0.0265231132507 0.0123540878296 0.0975182811406
* 272 27.3325369358 1.0 1.71 1.57079632679 0.1 0.0 0.971117973328 1.69913387299 1.47302830219 0.115                                -0.015 0.113318561287 -0.0117994462689 0.0288820266724 0.0108661270142 0.0977680246022
* 273 27.4331581593 1.0 1.72 1.57079632679 0.1 0.0 0.97119140625 1.70858860016 1.47383463383 0.114                                -0.011 0.113845798658 -0.0121558298449 0.02880859375 0.0114113998413 0.0969616929677
* 274 27.5340659618 1.0 1.73 1.57079632679 0.1 0.0 0.971624851227 1.71852874756 1.47365868092 0.114                                -0.011 0.113866744077 -0.0102189938483 0.0283751487732 0.0114712524414 0.0971376458791
* 275 27.6354780197 1.0 1.74 1.57079632679 0.1 0.0 0.971935272217 1.72846126556 1.47310423851 0.113                                -0.01 0.11391389287 -0.00836440560344 0.0280647277832 0.011538734436 0.0976920882848
* 276 27.7365801334 1.0 1.75 1.57079632679 0.1 0.0 0.973527431488 1.73983478546 1.47352218628 0.113                                -0.01 0.112366812371 -0.00300616373998 0.026472568512 0.0101652145386 0.0972741405156
* 277 27.8389999866 1.0 1.76 1.57079632679 0.1 0.0 0.973917484283 1.74930667877 1.47275698185 0.113                                -0.01 0.112872190392 -0.00043347698469 0.0260825157166 0.010693321228 0.0980393449452
* 278 27.9395389557 1.0 1.77 1.57079632679 0.1 0.0 0.973012447357 1.76010799408 1.47288179398 0.112                                -0.005 0.112152804958 -0.00448251311956 0.0269875526428 0.00989200592041 0.0979145328191
* 279 28.0400891304 1.0 1.78 1.57079632679 0.1 0.0 0.974852085114 1.7707452774 1.47213959694 0.112                                -0.004 0.111339854728 0.00337731274832 0.0251479148865 0.00925472259522 0.0986567298558
* 280 28.1406359673 1.0 1.79 1.57079632679 0.1 0.0 0.97453546524 1.78131008148 1.4729501009 0.111                                -0.004 0.110790515499 0.00103815860431 0.0254645347595 0.00868991851807 0.0978462258962
* 281 28.2412230968 1.0 1.8 1.57079632679 0.1 0.0 0.973133563995 1.79059696198 1.47356760502 0.111                                -0.001 0.111637153111 -0.00491841331788 0.0268664360046 0.0094030380249 0.0972287217763
* 282 28.3418090343 1.0 1.81 1.57079632679 0.1 0.0 0.979509830475 1.8005065918 1.47423398495 0.111                                -0.0 0.111095119601 0.0197964842891 0.0204901695251 0.00949340820313 0.0965623418477
* 283 28.442232132 1.0 1.82 1.57079632679 0.1 0.0 0.977750301361 1.81215286255 1.47291219234 0.111                                -0.0 0.109624405607 0.0135465441483 0.0222496986389 0.00784713745117 0.0978841344502
* 284 28.5428061485 1.0 1.83 1.57079632679 0.1 0.0 0.974905490875 1.82193279266 1.47290551662 0.111                                0.007 0.110127466594 0.00231483577982 0.0250945091248 0.00806720733643 0.0978908101704
* 285 28.6432089806 1.0 1.84 1.57079632679 0.1 0.0 0.974462032318 1.83196926117 1.47294414043 0.11                                0.007 0.110134012688 0.00049453196082 0.0255379676819 0.00803073883057 0.0978521863606
* 286 28.7436299324 1.0 1.85 1.57079632679 0.1 0.0 0.977486133575 1.84133815765 1.47322630882 0.11                                0.006 0.110467218484 0.0124819536992 0.0225138664246 0.00866184234619 0.0975700179723
* 287 28.8441650867 1.0 1.86 1.57079632679 0.1 0.0 0.978343009949 1.85260105133 1.47408246994 0.109                                0.003 0.109101120518 0.014502269897 0.0216569900513 0.00739894866944 0.0967138568547
* 288 28.9447669983 1.0 1.87 1.57079632679 0.1 0.0 0.97766494751 1.86017417908 1.47414517403 0.109                                0.006 0.111610977962 0.0126736348428 0.0223350524902 0.00982582092285 0.0966511527684
* 289 29.0455141068 1.0 1.88 1.57079632679 0.1 0.0 0.977679252625 1.87146663666 1.47393095493 0.11                                0.01 0.11031037761 0.0124575958063 0.0223207473755 0.00853336334229 0.0968653718617
* 290 29.1460449696 1.0 1.89 1.57079632679 0.1 0.0 0.978590965271 1.88322544098 1.47359645367 0.11                                0.011 0.10845345871 0.0157572354185 0.021409034729 0.006774559021 0.0971998731282
* 291 29.2466180325 1.0 1.9 1.57079632679 0.1 0.0 0.978314876556 1.89394378662 1.47441196442 0.11                                0.011 0.107747640906 0.0135275022898 0.0216851234436 0.00605621337891 0.0963843623784
* 292 29.3472709656 1.0 1.91 1.57079632679 0.1 0.0 0.978694915771 1.90400505066 1.47469675541 0.109                                0.012 0.107645715587 0.0147197024649 0.0213050842285 0.00599494934082 0.0960995713857
* 293 29.4478671551 1.0 1.92 1.57079632679 0.1 0.0 0.978792667389 1.91285037994 1.47490882874 0.108                                0.013 0.108796927154 0.015329710965 0.0212073326111 0.00714962005615 0.0958874980595
* 294 29.5486180782 1.0 1.93 1.57079632679 0.1 0.0 0.982525348663 1.92507743835 1.47495758533 0.108                                0.014 0.106191654402 0.0292883491048 0.0174746513367 0.00492256164551 0.0958387414601
* 295 29.64914608 1.0 1.94 1.57079632679 0.1 0.0 0.980757236481 1.93525505066 1.47523748875 0.108                                0.014 0.106181338377 0.0218897824221 0.0192427635193 0.00474494934082 0.0955588380483
* 296 29.7497699261 1.0 1.95 1.57079632679 0.1 0.0 0.981958866119 1.94464206696 1.47588789463 0.107                                0.02 0.106677484784 0.0262318161481 0.0180411338806 0.00535793304444 0.0949084321645
* 297 29.8504059315 1.0 1.96 1.57079632679 0.1 0.0 0.982572078705 1.95755767822 1.47550404072 0.107                                0.021 0.103684570661 0.0279631310442 0.0174279212952 0.00244232177735 0.0952922860768
* 298 29.951002121 1.0 1.97 1.57079632679 0.1 0.0 0.980524539948 1.96633815765 1.47543597221 0.106                                0.023 0.10511084685 0.0203446518451 0.0194754600525 0.00366184234619 0.0953603545812
* 299 30.051418066 1.0 1.98 1.57079632679 0.1 0.0 0.98015499115 1.97626781464 1.47555601597 0.105                                0.024 0.105216097914 0.0187757972524 0.0198450088501 0.00373218536377 0.0952403108266
* 300 30.1518681049 1.0 1.99 1.57079632679 0.1 0.0 0.97974395752 1.98502635956 1.47566473484 0.105                                0.022 0.106505089808 0.0174983393356 0.0202560424805 0.0049736404419 0.0951315919545
* 301 30.2525210381 1.0 2.0 1.57079632679 0.1 0.0 0.980966091156 1.99429512024 1.47677242756 0.105                                0.021 0.107114057838 0.0214885716356 0.019033908844 0.00570487976074 0.094023899236
* 302 30.3531320095 1.0 2.01 1.57079632679 0.1 0.0 0.984533786774 2.00687503815 1.47605848312 0.106                                0.021 0.104180128614 0.0354629613204 0.0154662132263 0.00312496185303 0.0947378436711
* 303 30.4538359642 1.0 2.02 1.57079632679 0.1 0.0 0.984200000763 2.01800632477 1.47647631168 0.106                                0.02 0.103069804852 0.0332771203639 0.0157999992371 0.00199367523193 0.0943200151112
* 304 30.5543050766 1.0 2.03 1.57079632679 0.1 0.0 0.984686374664 2.0258808136 1.47654926777 0.104                                0.024 0.105164347392 0.0359392492406 0.0153136253357 0.00411918640137 0.094247059026
* 305 30.6549019814 1.0 2.04 1.57079632679 0.1 0.0 0.982401847839 2.03434181213 1.47771906853 0.104                                0.028 0.106923178214 0.0262032072079 0.0175981521606 0.00565818786621 0.0930772582677
* 306 30.755767107 1.0 2.05 1.57079632679 0.1 0.0 0.981977939606 2.0452671051 1.47805535793 0.104                                0.032 0.10602793268 0.0238220270993 0.0180220603943 0.00473289489746 0.0927409688619
* 307 30.8563389778 1.0 2.06 1.57079632679 0.1 0.0 0.980841636658 2.05549430847 1.47823500633 0.105                                0.028 0.105903763156 0.0190258952705 0.0191583633423 0.00450569152832 0.0925613204625
* 308 30.9569320679 1.0 2.07 1.57079632679 0.1 0.0 0.98193359375 2.0631685257 1.47808778286 0.105                                0.025 0.108146306308 0.0243888767107 0.01806640625 0.0068314743042 0.0927085439351
* 309 31.0574059486 1.0 2.08 1.57079632679 0.1 0.0 0.983703613281 2.07499408722 1.47935032845 0.106                                0.025 0.106132550068 0.0294521919602 0.0162963867188 0.00500591278076 0.0914459983495
* 310 31.1581230164 1.0 2.09 1.57079632679 0.1 0.0 0.984984397888 2.08780097961 1.47960603237 0.106                                0.026 0.103184202407 0.0332662440417 0.0150156021118 0.00219902038574 0.0911902944234
* 311 31.2589581013 1.0 2.1 1.57079632679 0.1 0.0 0.98571395874 2.09981060028 1.47998046875 0.105                                0.026 0.101089848228 0.0350592162334 0.0142860412598 0.000189399719237 0.0908158580449
* 312 31.3597350121 1.0 2.11 1.57079632679 0.1 0.0 0.985815525055 2.10649108887 1.48039364815 0.104                                0.027 0.104423759023 0.0362420026964 0.0141844749451 0.00350891113281 0.0904026786473
* 313 31.4602870941 1.0 2.12 1.57079632679 0.1 0.0 0.984085559845 2.11685752869 1.48146557808 0.103                                0.032 0.104205238861 0.0281138107951 0.015914440155 0.00314247131348 0.0893307487157
* 314 31.5607020855 1.0 2.13 1.57079632679 0.1 0.0 0.983080863953 2.12639522552 1.48181855679 0.103                                0.032 0.104759129627 0.0239116377229 0.0169191360474 0.0036047744751 0.0889777700093
* 315 31.6611170769 1.0 2.14 1.57079632679 0.1 0.0 0.983028411865 2.13484573364 1.48304283619 0.103                                0.029 0.106316042999 0.022982052398 0.0169715881348 0.00515426635742 0.0877534906056
* 316 31.7615611553 1.0 2.15 1.57079632679 0.1 0.0 0.983627796173 2.14486026764 1.48403513432 0.104                                0.028 0.106240954958 0.0243351478831 0.0163722038269 0.00513973236084 0.0867611924794
* 317 31.8620481491 1.0 2.16 1.57079632679 0.1 0.0 0.98646402359 2.15789699554 1.48416185379 0.104                                0.026 0.102930254775 0.0344549388951 0.0135359764099 0.00210300445556 0.0866344730046
* 318 31.9627530575 1.0 2.17 1.57079632679 0.1 0.0 0.987030029297 2.16869068146 1.48352634907 0.105                                0.025 0.10208327204 0.0370850368693 0.0129699707031 0.00130931854248 0.0872699777272
* 319 32.0632910728 1.0 2.18 1.57079632679 0.1 0.0 0.986608028412 2.17810153961 1.48541104794 0.103                                0.027 0.102705509254 0.0336787091193 0.0133919715881 0.00189846038818 0.0853852788594
* 320 32.1637921333 1.0 2.19 1.57079632679 0.1 0.0 0.986164093018 2.18652057648 1.48561382294 0.103                                0.03 0.104336773601 0.0322397830995 0.0138359069824 0.00347942352295 0.0851825038579
* 321 32.2642199993 1.0 2.2 1.57079632679 0.1 0.0 0.983942985535 2.19801521301 1.48545300961 0.103                                0.032 0.103022223204 0.0230437981054 0.0160570144653 0.0019847869873 0.0853433171895
* 322 32.3646819592 1.0 2.21 1.57079632679 0.1 0.0 0.982835292816 2.2062664032 1.48587918282 0.103                                0.031 0.104877384266 0.0187853391397 0.0171647071838 0.00373359680175 0.0849171439793
* 323 32.4651119709 1.0 2.22 1.57079632679 0.1 0.0 0.983794212341 2.21418380737 1.4872636795 0.103                                0.027 0.106884636886 0.0218730806736 0.0162057876587 0.00581619262695 0.0835326472905
* 324 32.5657660961 1.0 2.23 1.57079632679 0.1 0.0 0.985592365265 2.22466373444 1.48850059509 0.103                                0.025 0.106241684238 0.0275965555116 0.0144076347351 0.00533626556396 0.0822957317021
* 325 32.6663861275 1.0 2.24 1.57079632679 0.1 0.0 0.988842487335 2.2375459671 1.48906576633 0.105                                0.026 0.103062969649 0.0390258253816 0.0111575126648 0.00245403289795 0.0817305604604
* 326 32.7668199539 1.0 2.25 1.57079632679 0.1 0.0 0.98925447464 2.2503528595 1.48963606358 0.104                                0.025 0.100196482384 0.0391733671379 0.0107455253601 -0.000352859497074 0.0811602632192
* 327 32.8673250675 1.0 2.26 1.57079632679 0.1 0.0 0.989211082458 2.2580280304 1.48999154568 0.103                                0.029 0.102543924673 0.0393905180091 0.0107889175415 0.00197196960449 0.0808047811177
* 328 32.9677929878 1.0 2.27 1.57079632679 0.1 0.0 0.988024234772 2.26554965973 1.49175858498 0.102                                0.034 0.105134014602 0.0336325718067 0.0119757652283 0.00445034027099 0.0790377418187
* 329 33.0683541298 1.0 2.28 1.57079632679 0.1 0.0 0.986090660095 2.27653217316 1.49247717857 0.102                                0.035 0.104293135261 0.0248718742479 0.0139093399048 0.00346782684326 0.0783191482213
* 330 33.1687850952 1.0 2.29 1.57079632679 0.1 0.0 0.984420776367 2.28719997406 1.49204611778 0.103                                0.033 0.103754945548 0.0184469454021 0.0155792236328 0.00280002593994 0.0787502090123
* 331 33.2692761421 1.0 2.3 1.57079632679 0.1 0.0 0.985075950623 2.29649829865 1.49233937263 0.103                                0.029 0.104408603172 0.0209780977694 0.0149240493774 0.00350170135498 0.07845695416
* 332 33.3697199821 1.0 2.31 1.57079632679 0.1 0.0 0.985031604767 2.30826663971 1.49286019802 0.103                                0.026 0.102624464646 0.0197138002703 0.0149683952332 0.00173336029052 0.077936128774
* 333 33.470304966 1.0 2.32 1.57079632679 0.1 0.0 0.986510276794 2.32011985779 1.49306607246 0.104                                0.024 0.100637130682 0.0248242929134 0.0134897232056 -0.000119857788091 0.0777302543309
* 334 33.5707609653 1.0 2.33 1.57079632679 0.1 0.0 0.987630367279 2.33035373688 1.49444210529 0.103                                0.023 0.100306541391 0.0278227355455 0.0123696327209 -0.000353736877447 0.0763542215016
* 335 33.6714510918 1.0 2.34 1.57079632679 0.1 0.0 0.987274646759 2.33619117737 1.49586212635 0.101                                0.023 0.104526852421 0.02621008489 0.012725353241 0.00380882263183 0.0749342004445
* 336 33.7720861435 1.0 2.35 1.57079632679 0.1 0.0 0.987097263336 2.34676265717 1.49573862553 0.101                                0.025 0.103964268757 0.0254584554499 0.0129027366638 0.00323734283447 0.0750577012685
* 337 33.8725011349 1.0 2.36 1.57079632679 0.1 0.0 0.987156391144 2.35887813568 1.49594712257 0.102                                0.024 0.101823972314 0.0248470458696 0.0128436088562 0.00112186431884 0.074849204221
* 338 33.9729311466 1.0 2.37 1.57079632679 0.1 0.0 0.986908435822 2.36534309387 1.49684500694 0.103                                0.025 0.10540505703 0.0239866246032 0.0130915641785 0.00465690612792 0.0739513198521
* 339 34.0733599663 1.0 2.38 1.57079632679 0.1 0.0 0.985724449158 2.37714481354 1.49756467342 0.102                                0.024 0.103670425321 0.0179916798295 0.0142755508423 0.0028551864624 0.0732316533711
* 340 34.1738300323 1.0 2.39 1.57079632679 0.1 0.0 0.987776279449 2.38483524323 1.49836277962 0.103                                0.024 0.105845631816 0.0260260227627 0.0122237205505 0.0051647567749 0.0724335471776
* 341 34.2744469643 1.0 2.4 1.57079632679 0.1 0.0 0.99091386795 2.39856529236 1.50088739395 0.104                                0.023 0.101846267926 0.0348879831102 0.00908613204956 0.00143470764159 0.0699089328435
* 342 34.3749830723 1.0 2.41 1.57079632679 0.1 0.0 0.990440368652 2.40747833252 1.50043201447 0.104                                0.022 0.102978098316 0.0337689314486 0.00955963134766 0.00252166748046 0.0703643123296
* 343 34.4755449295 1.0 2.42 1.57079632679 0.1 0.0 0.991186618805 2.41659450531 1.50063514709 0.103                                0.028 0.103816831553 0.0367862811302 0.00881338119507 0.00340549468993 0.0701611797002
* 344 34.576004982 1.0 2.43 1.57079632679 0.1 0.0 0.990087985992 2.42446613312 1.50046944618 0.103                                0.031 0.106043660604 0.0331711856229 0.00991201400757 0.00553386688232 0.0703268806126
* 345 34.6764140129 1.0 2.44 1.57079632679 0.1 0.0 0.987095355988 2.43802261353 1.50120949745 0.103                                0.032 0.102662085128 0.019473226939 0.0129046440125 0.0019773864746 0.0695868293431
* 346 34.7769780159 1.0 2.45 1.57079632679 0.1 0.0 0.986421108246 2.44733524323 1.50205409527 0.103                                0.03 0.103397828297 0.0161071121532 0.0135788917542 0.00266475677489 0.0687422315266
* 347 34.8774709702 1.0 2.46 1.57079632679 0.1 0.0 0.987156391144 2.45583057404 1.50210750103 0.103                                0.026 0.104865432355 0.0193995890262 0.0128436088562 0.00416942596435 0.0686888257649
* 348 34.978014946 1.0 2.47 1.57079632679 0.1 0.0 0.989760398865 2.4670419693 1.50131487846 0.103                                0.024 0.103464177757 0.0302721564552 0.0102396011353 0.00295803070067 0.0694814483312
* 349 35.0788400173 1.0 2.48 1.57079632679 0.1 0.0 0.989944934845 2.47838783264 1.50297832489 0.104                                0.022 0.102087292577 0.0289361895598 0.010055065155 0.00161216735839 0.0678180019048
* 350 35.179502964 1.0 2.49 1.57079632679 0.1 0.0 0.989471912384 2.48697280884 1.50308465958 0.103                                0.023 0.103547953444 0.0273228203649 0.010528087616 0.0030271911621 0.0677116672185
* 351 35.2799191475 1.0 2.5 1.57079632679 0.1 0.0 0.989319324493 2.49501419067 1.50287520885 0.102                                0.026 0.105536608702 0.0274606705181 0.0106806755066 0.00498580932616 0.0679211179402
* 352 35.3803610802 1.0 2.51 1.57079632679 0.1 0.0 0.988112449646 2.50629138947 1.50342643261 0.103                                0.027 0.104327290856 0.0217298444971 0.011887550354 0.00370861053466 0.0673698941853
* 353 35.4808900356 1.0 2.52 1.57079632679 0.1 0.0 0.986726284027 2.51730251312 1.50341367722 0.104                                0.025 0.103400937814 0.0159385794085 0.0132737159729 0.00269748687743 0.0673826495793
* 354 35.5815701485 1.0 2.53 1.57079632679 0.1 0.0 0.987260341644 2.52461719513 1.50394594669 0.103                                0.021 0.106072651799 0.018241317268 0.0127396583557 0.0053828048706 0.0668503801015
* 355 35.6826701164 1.0 2.54 1.57079632679 0.1 0.0 0.986932277679 2.53589439392 1.50368392467 0.103                                0.02 0.104806911131 0.0168610796844 0.0130677223206 0.00410560607909 0.0671124021199
* 356 35.7835469246 1.0 2.55 1.57079632679 0.1 0.0 0.989109039307 2.54635715485 1.50387847424 0.104                                0.02 0.10419117631 0.0252241238482 0.0108909606934 0.0036428451538 0.0669178525594
* 357 35.8839430809 1.0 2.56 1.57079632679 0.1 0.0 0.986478328705 2.55856990814 1.50498509407 0.104                                0.019 0.102127383876 0.0130028783379 0.0135216712952 0.0014300918579 0.0658112327245
* 358 35.9844081402 1.0 2.57 1.57079632679 0.1 0.0 0.986231803894 2.56714344025 1.50467431545 0.104                                0.02 0.103586361513 0.0127133106046 0.013768196106 0.00285655975341 0.0661220113423
* 359 36.0849001408 1.0 2.58 1.57079632679 0.1 0.0 0.985668182373 2.57778263092 1.50526916981 0.103                                0.019 0.102974036582 0.00968535804653 0.014331817627 0.00221736907958 0.0655271569875
* 360 36.1857609749 1.0 2.59 1.57079632679 0.1 0.0 0.985633850098 2.58728504181 1.50620377064 0.103                                0.015 0.103471440742 0.00871928340651 0.0143661499023 0.00271495819091 0.0645925561574
* 361 36.2865719795 1.0 2.6 1.57079632679 0.1 0.0 0.985800266266 2.59733867645 1.50586128235 0.103                                0.013 0.103409044283 0.00972118295244 0.0141997337341 0.00266132354735 0.0649350444463
* 362 36.3871381283 1.0 2.61 1.57079632679 0.1 0.0 0.986466884613 2.60516262054 1.50648117065 0.102                                0.011 0.105558372568 0.0123054292513 0.013533115387 0.00483737945555 0.0643151561406
* 363 36.4883179665 1.0 2.62 1.57079632679 0.1 0.0 0.985044002533 2.61360454559 1.50665223598 0.103                                0.011 0.10722289992 0.00684809331738 0.014955997467 0.00639545440673 0.0641440908101
* 364 36.5887739658 1.0 2.63 1.57079632679 0.1 0.0 0.987578392029 2.62475299835 1.50699746609 0.104                                0.012 0.105896738458 0.0163126635891 0.0124216079712 0.00524700164794 0.0637988607076
* 365 36.689496994 1.0 2.64 1.57079632679 0.1 0.0 0.987125396729 2.63544750214 1.50737905502 0.104                                0.009 0.105222181296 0.0139329301274 0.0128746032715 0.00455249786376 0.0634172717717
* 366 36.7902729511 1.0 2.65 1.57079632679 0.1 0.0 0.987134456635 2.64361953735 1.50831568241 0.105                                0.011 0.10706175486 0.0134577947237 0.0128655433655 0.00638046264647 0.0624806443837
* 367 36.8911170959 1.0 2.66 1.57079632679 0.1 0.0 0.986361026764 2.65540790558 1.508492589 0.105                                0.014 0.105303171177 0.00974058729072 0.0136389732361 0.00459209442137 0.062303737798
* 368 36.991631031 1.0 2.67 1.57079632679 0.1 0.0 0.985369205475 2.6663312912 1.50850486755 0.105                                0.013 0.104432972303 0.00553837740903 0.0146307945251 0.00366870880126 0.0622914592412
* 369 37.0931370258 1.0 2.68 1.57079632679 0.1 0.0 0.984461307526 2.67563724518 1.5095089674 0.105                                0.011 0.10518184293 0.00104922924774 0.0155386924744 0.00436275482176 0.0612873593953
* 370 37.194108963 1.0 2.69 1.57079632679 0.1 0.0 0.983944416046 2.68391036987 1.50774157047 0.104                                0.008 0.106975075676 0.00124712288591 0.0160555839539 0.00608963012694 0.0630547563222
* 371 37.2949800491 1.0 2.7 1.57079632679 0.1 0.0 0.984466552734 2.69397449493 1.50796437263 0.105                                0.006 0.106875012451 0.00308366617234 0.0155334472656 0.0060255050659 0.06283195416
* 372 37.3956079483 1.0 2.71 1.57079632679 0.1 0.0 0.988610744476 2.70367527008 1.50851774216 0.105                                0.004 0.106911204355 0.0191273577937 0.0113892555237 0.00632472991942 0.0622785846379
* 373 37.4963009357 1.0 2.72 1.57079632679 0.1 0.0 0.987122058868 2.71374797821 1.5078035593 0.105                                0.004 0.106936065532 0.0139088891404 0.0128779411316 0.00625202178954 0.0629927674916
* 374 37.5970981121 1.0 2.73 1.57079632679 0.1 0.0 0.988137722015 2.72273349762 1.50918865204 0.106                                0.01 0.107888575366 0.0167730465276 0.0118622779846 0.00726650238036 0.0616076747563
* 375 37.6977930069 1.0 2.74 1.57079632679 0.1 0.0 0.987625598907 2.73379230499 1.50838470459 0.106                                0.012 0.106855829879 0.0153036106722 0.0123744010925 0.00620769500731 0.0624116222051
* 376 37.7984261513 1.0 2.75 1.57079632679 0.1 0.0 0.985559940338 2.74433612823 1.50935125351 0.106                                0.013 0.106429193453 0.00591799855077 0.0144400596619 0.00566387176512 0.0614450732854
* 377 37.8990240097 1.0 2.76 1.57079632679 0.1 0.0 0.985376834869 2.75351428986 1.51024258137 0.106                                0.013 0.107263269267 0.0044606042221 0.0146231651306 0.00648571014403 0.0605537454274
* 378 37.9996371269 1.0 2.77 1.57079632679 0.1 0.0 0.983743190765 2.7633562088 1.51010346413 0.106                                0.01 0.107524369856 -0.00187871419186 0.0162568092346 0.00664379119872 0.0606928626683
* 379 38.1015739441 1.0 2.78 1.57079632679 0.1 0.0 0.98705291748 2.7750711441 1.50973939896 0.106                                0.008 0.105591460016 0.0112964543042 0.0129470825195 0.00492885589598 0.0610569278386
* 380 38.2020831108 1.0 2.79 1.57079632679 0.1 0.0 0.988592624664 2.78761482239 1.51073992252 0.107                                0.004 0.102921835826 0.0157982061 0.0114073753357 0.00238517761229 0.0600564042714
* 381 38.3031499386 1.0 2.8 1.57079632679 0.1 0.0 0.985926628113 2.79584598541 1.51025736332 0.106                                0.006 0.104874298299 0.00607606619604 0.0140733718872 0.00415401458739 0.0605389634755
* 382 38.4043400288 1.0 2.81 1.57079632679 0.1 0.0 0.985721588135 2.8049993515 1.50974929333 0.105                                0.009 0.105746099818 0.00598833852013 0.0142784118652 0.00500064849852 0.0610470334676
* 383 38.5048141479 1.0 2.82 1.57079632679 0.1 0.0 0.985269069672 2.81567955017 1.51082181931 0.105                                0.009 0.105077817458 0.00290800014676 0.0147309303284 0.00432044982909 0.0599745074895
* 384 38.605394125 1.0 2.83 1.57079632679 0.1 0.0 0.985694885254 2.82310009003 1.50985598564 0.105                                0.007 0.107665239902 0.00623393871116 0.0143051147461 0.00689990997313 0.0609403411534
* 385 38.7060129642 1.0 2.84 1.57079632679 0.1 0.0 0.985546112061 2.83120346069 1.50977599621 0.105                                0.005 0.109590736826 0.00618602419259 0.0144538879395 0.00879653930662 0.0610203305867
* 386 38.8069169521 1.0 2.85 1.57079632679 0.1 0.0 0.985665798187 2.84175205231 1.51112234592 0.106                                0.006 0.109018552631 0.00511865634733 0.0143342018127 0.00824794769285 0.0596739808705
* 387 38.9076840878 1.0 2.86 1.57079632679 0.1 0.0 0.990251064301 2.85336017609 1.5104111433 0.107                                0.006 0.107119871662 0.0237836548774 0.00974893569946 0.00663982391356 0.060385183492
* 388 39.0084559917 1.0 2.87 1.57079632679 0.1 0.0 0.988264560699 2.86501598358 1.51130402088 0.108                                0.005 0.105563712854 0.0145286133781 0.0117354393005 0.00498401641844 0.0594923059132
* 389 39.1095840931 1.0 2.88 1.57079632679 0.1 0.0 0.985779285431 2.87376880646 1.51126039028 0.107                                0.013 0.106973415736 0.0049470985238 0.0142207145691 0.00623119354246 0.0595359365132
* 390 39.2101669312 1.0 2.89 1.57079632679 0.1 0.0 0.986320495605 2.88449287415 1.51200473309 0.107                                0.013 0.106203783196 0.00616377504115 0.0136795043945 0.00550712585447 0.0587915937093
* 391 39.3107409477 1.0 2.9 1.57079632679 0.1 0.0 0.985004901886 2.89353275299 1.51085996628 0.106                                0.009 0.107262006073 0.00232820837886 0.014995098114 0.00646724700926 0.0599363605168
* 392 39.4116859436 1.0 2.91 1.57079632679 0.1 0.0 0.983209133148 2.905128479 1.51107156277 0.106                                0.007 0.105756733762 -0.00544339351721 0.0167908668518 0.00487152099608 0.0597247640279
* 393 39.5122051239 1.0 2.92 1.57079632679 0.1 0.0 0.985203266144 2.91068744659 1.51123893261 0.106                                0.003 0.110120871615 0.0034030638641 0.0147967338562 0.00931255340574 0.0595573941853
* 394 39.612694025 1.0 2.93 1.57079632679 0.1 0.0 0.985667228699 2.9224023819 1.51191401482 0.106                                0.003 0.108355139107 0.00414141087823 0.0143327713013 0.00759761810301 0.0588823119786
* 395 39.7133710384 1.0 2.94 1.57079632679 0.1 0.0 0.988819599152 2.93358707428 1.5112811327 0.107                                0.002 0.106973828139 0.0171084834678 0.0111804008484 0.0064129257202 0.0595151940968
* 396 39.814234972 1.0 2.95 1.57079632679 0.1 0.0 0.986597537994 2.9446516037 1.5116161108 0.107                                0.003 0.106029811603 0.0076355094921 0.0134024620056 0.00534839630125 0.0591802159932
* 397 39.9148910046 1.0 2.96 1.57079632679 0.1 0.0 0.98743724823 2.95234680176 1.51118957996 0.107                                0.009 0.108310451354 0.0119796720155 0.01256275177 0.00765319824217 0.0596067468312
* 398 40.0154681206 1.0 2.97 1.57079632679 0.1 0.0 0.989350795746 2.96291828156 1.51187551022 0.107                                0.009 0.107614803948 0.0187688536955 0.0106492042542 0.0070817184448 0.0589208165791
* 399 40.1161410809 1.0 2.98 1.57079632679 0.1 0.0 0.988913059235 2.97319507599 1.51192581654 0.107                                0.01 0.107361031178 0.0169033433577 0.0110869407654 0.00680492401121 0.0588705102589
* 400 40.2168440819 1.0 2.99 1.57079632679 0.1 0.0 0.987201690674 2.9852104187 1.51127016544 0.107                                0.012 0.10543148215 0.0102734223152 0.0127983093262 0.00478958129881 0.0595261613515
* 401 40.3177051544 1.0 3.0 1.57079632679 0.1 0.0 0.987315177917 2.99336528778 1.51110112667 0.106                                0.012 0.107289575634 0.0113416864198 0.0126848220825 0.00663471221922 0.0596952001241
* 402 40.4183809757 1.0 3.01 1.57079632679 0.1 0.0 0.987653255463 3.00098133087 1.51172590256 0.106                                0.012 0.10967351726 0.0126039341081 0.0123467445374 0.0090186691284 0.0590704242375
* 403 40.5193459988 1.0 3.02 1.57079632679 0.1 0.0 0.991229057312 3.01397037506 1.51284992695 0.106                                0.011 0.106437487716 0.0250095467159 0.00877094268799 0.00602962493894 0.0579463998463
* 404 40.6199281216 1.0 3.03 1.57079632679 0.1 0.0 0.988937854767 3.0229473114 1.51319861412 0.107                                0.011 0.10760355353 0.0157335599116 0.0110621452332 0.00705268859861 0.0575977126744
* 405 40.7203371525 1.0 3.04 1.57079632679 0.1 0.0 0.989906787872 3.03198051453 1.51369786263 0.107                                0.017 0.108521820982 0.0193031354821 0.0100932121277 0.00801948547361 0.0570984641698
* 406 40.820786953 1.0 3.05 1.57079632679 0.1 0.0 0.989572048187 3.04454517365 1.51395606995 0.107                                0.016 0.105948959531 0.0171133992041 0.0104279518127 0.00545482635496 0.0568402568486
* 407 40.9212810993 1.0 3.06 1.57079632679 0.1 0.0 0.988419055939 3.05443763733 1.51388525963 0.108                                0.017 0.106124288649 0.0126067292272 0.0115809440613 0.00556236267088 0.0569110671666
* 408 41.0217609406 1.0 3.07 1.57079632679 0.1 0.0 0.986918449402 3.06360721588 1.51456642151 0.106                                0.017 0.107044726727 0.00609426682377 0.0130815505981 0.00639278411863 0.0562299052861
* 409 41.1222369671 1.0 3.08 1.57079632679 0.1 0.0 0.987241268158 3.0724105835 1.51447725296 0.106                                0.014 0.108235970202 0.00774569614653 0.012758731842 0.00758941650388 0.0563190738347
* 410 41.2226879597 1.0 3.09 1.57079632679 0.1 0.0 0.9874792099 3.08283233643 1.51304757595 0.106                                0.012 0.10780565364 0.0100927294762 0.0125207901001 0.0071676635742 0.0577487508443
* 411 41.3231680393 1.0 3.1 1.57079632679 0.1 0.0 0.989319324493 3.09434509277 1.51509523392 0.106                                0.009 0.106160109265 0.0149683863828 0.0106806755066 0.00565490722654 0.0557010928777
* 412 41.4236280918 1.0 3.11 1.57079632679 0.1 0.0 0.987864017487 3.10371589661 1.51511847973 0.107                                0.009 0.106877662897 0.00927213237481 0.0121359825134 0.00628410339353 0.0556778470662
* 413 41.524075985 1.0 3.12 1.57079632679 0.1 0.0 0.990656852722 3.11456012726 1.5166734457 0.106                                0.012 0.105861735484 0.0186277513883 0.00934314727783 0.00543987274168 0.0541228810933
* 414 41.6246049404 1.0 3.13 1.57079632679 0.1 0.0 0.990810871124 3.12374401093 1.51552641392 0.107                                0.011 0.106681928931 0.0206111987131 0.00918912887573 0.00625598907468 0.0552699128774
* 415 41.7250699997 1.0 3.14 1.57079632679 0.1 0.0 0.988970756531 3.13344573975 1.51662194729 0.106                                0.014 0.107080341717 0.0121879638628 0.0110292434692 0.00655426025388 0.0541743795064
* 416 41.8255889416 1.0 3.15 1.57079632679 0.1 0.0 0.987309932709 3.14277362823 1.51659929752 0.106                                0.015 0.107850634596 0.00572362439781 0.0126900672913 0.00722637176511 0.0541970292714
* 417 41.9261889458 1.0 3.16 1.57079632679 0.1 0.0 0.984982013702 3.15293216705 1.51615941525 0.106                                0.013 0.107822160384 -0.00314974735244 0.0150179862976 0.00706783294675 0.0546369115498
* 418 42.0267491341 1.0 3.17 1.57079632679 0.1 0.0 0.987137317657 3.16028404236 1.51698803902 0.107                                0.009 0.110372933553 0.00516408217457 0.0128626823425 0.00971595764158 0.0538082877782
* 419 42.127243042 1.0 3.18 1.57079632679 0.1 0.0 0.987817287445 3.17409229279 1.51648175716 0.107                                0.005 0.106491159066 0.00758635925766 0.0121827125549 0.00590770721433 0.0543145696309
* 420 42.2277240753 1.0 3.19 1.57079632679 0.1 0.0 0.987004756927 3.18193435669 1.51700687408 0.108                                0.006 0.108712426578 0.00425985652599 0.0129952430725 0.00806564331052 0.0537894527104
* 421 42.3282921314 1.0 3.2 1.57079632679 0.1 0.0 0.988714694977 3.19319629669 1.51717555523 0.107                                0.007 0.10734329533 0.0106426449622 0.0112853050232 0.00680370330808 0.0536207715657
* 422 42.4289131165 1.0 3.21 1.57079632679 0.1 0.0 0.989365100861 3.20260715485 1.5179721117 0.107                                0.005 0.107899328004 0.0125354467346 0.0106348991394 0.00739284515378 0.0528242150929
* 423 42.529348135 1.0 3.22 1.57079632679 0.1 0.0 0.98609828949 3.21287918091 1.51906120777 0.107                                0.007 0.107789786305 -0.00170725415812 0.0139017105103 0.00712081909177 0.0517351190236
* 424 42.6297590733 1.0 3.23 1.57079632679 0.1 0.0 0.984912872314 3.22041225433 1.5175139904 0.107                                0.008 0.110359512633 -0.00430246940465 0.0150871276855 0.00958774566648 0.0532823363927
* 425 42.7301831245 1.0 3.24 1.57079632679 0.1 0.0 0.985325336456 3.23218917847 1.51710605621 0.107                                0.005 0.108545410799 -0.00260668228588 0.0146746635437 0.00781082153318 0.0536902705815
* 426 42.8305969238 1.0 3.25 1.57079632679 0.1 0.0 0.986870288849 3.24201202393 1.5174100399 0.108                                0.0 0.108638247341 0.00328408682078 0.0131297111511 0.00798797607419 0.0533862868932
* 427 42.9311089516 1.0 3.26 1.57079632679 0.1 0.0 0.988336086273 3.25374126434 1.51655972004 0.108                                0.0 0.106816881477 0.00965368154716 0.0116639137268 0.00625873565671 0.0542366067555
* 428 43.0316040516 1.0 3.27 1.57079632679 0.1 0.0 0.987107753754 3.26355171204 1.51895833015 0.108                                0.002 0.107058092113 0.00229311798797 0.0128922462463 0.00644828796384 0.0518379966405
* 429 43.132076025 1.0 3.28 1.57079632679 0.1 0.0 0.989855766296 3.2734041214 1.517395854 0.107                                0.004 0.107070407175 0.0149266079775 0.0101442337036 0.00659587860105 0.0534004727986
* 430 43.2325911522 1.0 3.29 1.57079632679 0.1 0.0 0.989439964294 3.28343391418 1.51680791378 0.107                                0.004 0.10706566881 0.0138711161652 0.0105600357056 0.0065660858154 0.0539884130147
* 431 43.3366539478 1.0 3.3 1.57079632679 0.1 0.0 0.9872174263 3.29238605499 1.51791417599 0.107                                0.007 0.108237921105 0.00406397274624 0.0127825737 0.0076139450073 0.0528821508077
* 432 43.4372029305 1.0 3.31 1.57079632679 0.1 0.0 0.985939502716 3.30125331879 1.51670408249 0.107                                0.009 0.109461071681 0.000469362355475 0.0140604972839 0.00874668121335 0.0540922443059
* 433 43.5376470089 1.0 3.32 1.57079632679 0.1 0.0 0.988357543945 3.31367683411 1.51574504375 0.107                                0.007 0.106885656772 0.0106003982212 0.0116424560547 0.00632316589353 0.0550512830403
* 434 43.6383781433 1.0 3.33 1.57079632679 0.1 0.0 0.990279197693 3.33271217346 1.51548957825 0.107                                0.004 0.09765052896 0.0165430386846 0.00972080230713 -0.00271217346194 0.0553067485478
* 435 43.7408130169 1.0 3.34 1.57079632679 0.1 0.0 0.990279197693 3.33271217346 1.51548957825 0.107                                0.006 0.107754344793 0.0187541809704 0.00972080230713 0.00728782653806 0.0553067485478
* 436 43.841479063 1.0 3.35 1.57079632679 0.1 0.0 0.988046169281 3.3421087265 1.51781201363 0.103                                0.012 0.10847448804 0.00753980586737 0.011953830719 0.00789127349851 0.0529843131688
* 437 43.9422030449 1.0 3.36 1.57079632679 0.1 0.0 0.988173484802 3.36234283447 1.51687180996 0.105                                0.013 0.09813234076 0.00682537647522 0.0118265151978 -0.00234283447268 0.0539245168355
* 438 44.0430121422 1.0 3.37 1.57079632679 0.1 0.0 0.988173484802 3.36234283447 1.51687180996 0.105                                0.01 0.108236920133 0.00898131193664 0.0118265151978 0.00765716552732 0.0539245168355
* 439 44.1435871124 1.0 3.38 1.57079632679 0.1 0.0 0.987218379974 3.38015270233 1.51612484455 0.102                                0.01 0.100403069319 0.00424018165521 0.0127816200256 -0.000152702331571 0.0546714822438
* 440 44.2444109917 1.0 3.39 1.57079632679 0.1 0.0 0.987218379974 3.38015270233 1.51612484455 0.104                                0.008 0.110507238468 0.00642595169794 0.0127816200256 0.00984729766843 0.0546714822438
* 441 44.3451550007 1.0 3.4 1.57079632679 0.1 0.0 0.989847660065 3.39119529724 1.51600432396 0.103                                0.009 0.109308912281 0.016825935256 0.0101523399353 0.00880470275876 0.0547920028355
* 442 44.4461131096 1.0 3.41 1.57079632679 0.1 0.0 0.987692832947 3.41282749176 1.51537001133 0.105                                0.007 0.0976795335316 0.00630786839955 0.0123071670532 -0.00282749176028 0.0554263154652
* 443 44.546875 1.0 3.42 1.57079632679 0.1 0.0 0.988433837891 3.42122745514 1.51702368259 0.106                                0.009 0.0992442169596 0.00795242575443 0.0115661621094 -0.00122745513919 0.0537726442006
* 444 44.6475520134 1.0 3.43 1.57079632679 0.1 0.0 0.987562656403 3.43225097656 1.51735961437 0.103                                0.009 0.0982549018783 0.00391487875313 0.0124373435974 -0.00225097656253 0.0534367124226
* 445 44.7483551502 1.0 3.44 1.57079632679 0.1 0.0 0.985843658447 3.44076442719 1.51805818081 0.1                                0.007 0.0998436310725 -0.00334056971847 0.0141563415527 -0.000764427185088 0.0527381459859
* 446 44.8490281105 1.0 3.45 1.57079632679 0.1 0.0 0.987323760986 3.4478302002 1.5164424181 0.099                                0.005 0.10274163831 0.00484373007415 0.0126762390137 0.00216979980466 0.0543539086964
* 447 44.9495711327 1.0 3.46 1.57079632679 0.1 0.0 0.98721075058 3.45732212067 1.51754593849 0.1                                0.004 0.103253066363 0.00337124286395 0.0127892494202 0.00267787933347 0.0532503883031
* 448 45.0501739979 1.0 3.47 1.57079632679 0.1 0.0 0.991018772125 3.46762943268 1.51498603821 0.101                                0.004 0.102746372414 0.0211359979447 0.00898122787476 0.00237056732175 0.0558102885869
* 449 45.1516981125 1.0 3.48 1.57079632679 0.1 0.0 0.988708496094 3.48003864288 1.51484978199 0.102                                0.006 0.100443420259 0.0115099306961 0.0112915039063 -3.8642883331e-05 0.0559465448048
* 450 45.2521851063 1.0 3.49 1.57079632679 0.1 0.0 0.988792896271 3.48670959473 1.51625525951 0.101                                0.009 0.103794237571 0.0111474173005 0.0112071037292 0.00329040527341 0.054541067281
* 451 45.3526980877 1.0 3.5 1.57079632679 0.1 0.0 0.989313602448 3.49733638763 1.51518642902 0.101                                0.01 0.103137684923 0.0141859347742 0.0106863975525 0.00266361236569 0.0556098977712
