### Ensaio do Controlador Klancar com Laser (Meio Retângulo) ###

# Parâmetros #

# Número do Ensaio: 3
# Frequência: 10.0 Hz
# Lado Menor: 1.00 m
# Lado Maior: 3.00 m
# Velocidade Linear da Base: 0.10 m/s
# Parâmetro ksi: 0.80
# Parâmetro w_n: 0.63
# Parâmetro g: 40.00

* 1 0.0 0.0 0.0 0.0 0.1 0.0 0.0 0.0 0.0 0.0                                0.0 0.1 0.0 0.0 0.0 0.0
* 2 0.100462913513 0.01 0.0 0.0 0.1 0.0 -0.00313377380371 0.00185871124268 -0.000525776529685 0.0                                0.0 0.113291417903 -0.00687517378458 0.0131337738037 -0.00185871124268 0.000525776529685
* 3 0.200880050659 0.02 0.0 0.0 0.1 0.0 -0.00296688079834 0.00171518325806 -0.000166241326951 0.016                                0.0 0.123241136136 -0.00667723636352 0.0229668807983 -0.00171518325806 0.000166241326951
* 4 0.301286935806 0.03 0.0 0.0 0.1 0.0 -0.00208234786987 0.000138759613037 0.00013451059931 0.055                                -0.008 0.13246503334 -0.000708415266673 0.0320823478699 -0.000138759613037 -0.00013451059931
* 5 0.401700973511 0.04 0.0 0.0 0.1 0.0 0.0146384239197 0.002121925354 0.00105136854108 0.079                                -0.006 0.125661783558 -0.00965826431831 0.0253615760803 -0.002121925354 -0.00105136854108
* 6 0.50212597847 0.05 0.0 0.0 0.1 0.0 0.0316009521484 0.00394201278687 0.000548812444322 0.098                                -0.007 0.11861632026 -0.0163637984228 0.0183990478516 -0.00394201278687 -0.000548812444322
* 7 0.602555036545 0.06 0.0 0.0 0.1 0.0 0.0443892478943 0.00418758392334 0.00124210631475 0.107                                -0.01 0.115791617648 -0.0180848068233 0.0156107521057 -0.00418758392334 -0.00124210631475
* 8 0.703287124634 0.07 0.0 0.0 0.1 0.0 0.0552587509155 0.00457668304443 0.00194831332192 0.111                                -0.013 0.11490785397 -0.0203931341092 0.0147412490845 -0.00457668304443 -0.00194831332192
* 9 0.805653095245 0.08 0.0 0.0 0.1 0.0 0.0668458938599 0.00640249252319 0.0025929082185 0.112                                -0.014 0.113293839523 -0.0283701520444 0.0131541061401 -0.00640249252319 -0.0025929082185
* 10 0.907195091248 0.09 0.0 0.0 0.1 0.0 0.0755643844604 0.00529098510742 0.00290609151125 0.113                                -0.018 0.114591772414 -0.0242724135487 0.0144356155396 -0.00529098510742 -0.00290609151125
* 11 1.00801706314 0.1 0.0 0.0 0.1 0.0 0.0862121582031 0.00824880599976 0.00165051803924 0.112                                -0.022 0.11393838249 -0.0347564141646 0.0137878417969 -0.00824880599976 -0.00165051803924
* 12 1.10840702057 0.11 0.0 0.0 0.1 0.0 0.0957670211792 0.00839614868164 0.00040608245763 0.113                                -0.024 0.114399302275 -0.0340186375638 0.0142329788208 -0.00839614868164 -0.00040608245763
* 13 1.20921397209 0.12 0.0 0.0 0.1 0.0 0.111242771149 0.0102434158325 -6.97771201885e-06 0.113                                -0.026 0.108861764857 -0.0409663579593 0.00875722885132 -0.0102434158325 6.97771201885e-06
* 14 1.30963206291 0.13 0.0 0.0 0.1 0.0 0.120365142822 0.0114607810974 -0.000943962717429 0.112                                -0.03 0.10976068866 -0.0448515010783 0.00963485717773 -0.0114607810974 0.000943962717429
* 15 1.41006207466 0.14 0.0 0.0 0.1 0.0 0.12997674942 0.0113892555237 0.00135511276312 0.111                                -0.034 0.110127097488 -0.0469825884901 0.0100232505798 -0.0113892555237 -0.00135511276312
* 16 1.51051998138 0.15 0.0 0.0 0.1 0.0 0.139881134033 0.0119347572327 0.00308961886913 0.111                                -0.038 0.1102017326 -0.0509903291095 0.0101188659668 -0.0119347572327 -0.00308961886913
* 17 1.61101007462 0.16 0.0 0.0 0.1 0.0 0.151544094086 0.0136785507202 0.00187745806761 0.11                                -0.041 0.108530596601 -0.0566774628347 0.00845590591431 -0.0136785507202 -0.00187745806761
* 18 1.71144294739 0.17 0.0 0.0 0.1 0.0 0.160767555237 0.0134491920471 0.00190029141959 0.11                                -0.045 0.109316517561 -0.0557898080688 0.00923244476318 -0.0134491920471 -0.00190029141959
* 19 1.81188392639 0.18 0.0 0.0 0.1 0.0 0.167628288269 0.0138635635376 0.000219931345782 0.109                                -0.049 0.112516203915 -0.0556876913921 0.012371711731 -0.0138635635376 -0.000219931345782
* 20 1.91239690781 0.19 0.0 0.0 0.1 0.0 0.181294441223 0.0139083862305 -0.000236813226365 0.11                                -0.051 0.108812736021 -0.05538565886 0.00870555877686 -0.0139083862305 0.000236813226365
* 21 2.01280093193 0.2 0.0 0.0 0.1 0.0 0.191805362701 0.0148363113403 -0.00129014649428 0.11                                -0.053 0.108311669123 -0.0579973703934 0.00819463729858 -0.0148363113403 0.00129014649428
* 22 2.11334204674 0.21 0.0 0.0 0.1 0.0 0.201138973236 0.0144486427307 -0.00114089646377 0.109                                -0.054 0.108983338758 -0.0565995892132 0.00886102676392 -0.0144486427307 0.00114089646377
* 23 2.21374893188 0.22 0.0 0.0 0.1 0.0 0.210015296936 0.0150847434998 9.57739976002e-05 0.109                                -0.055 0.110102346637 -0.0604397152934 0.00998470306396 -0.0150847434998 -9.57739976002e-05
* 24 2.31425309181 0.23 0.0 0.0 0.1 0.0 0.221299648285 0.0152268409729 0.000378417869797 0.109                                -0.056 0.108798298282 -0.0613034609648 0.00870035171509 -0.0152268409729 -0.000378417869797
* 25 2.41465306282 0.24 0.0 0.0 0.1 0.0 0.232763767242 0.0152168273926 -0.00110704102553 0.109                                -0.058 0.107339533536 -0.0597149822998 0.00723623275757 -0.0152168273926 0.00110704102553
* 26 2.51508903503 0.25 0.0 0.0 0.1 0.0 0.24037027359 0.0154676437378 -0.00229674973525 0.108                                -0.058 0.109780257581 -0.059457796236 0.00962972640991 -0.0154676437378 0.00229674973525
* 27 2.61554813385 0.26 0.0 0.0 0.1 0.0 0.249481201172 0.0173788070679 -0.00379401841201 0.108                                -0.059 0.110710201566 -0.0655158175749 0.0105187988281 -0.0173788070679 0.00379401841201
* 28 2.71597909927 0.27 0.0 0.0 0.1 0.0 0.261748313904 0.0178818702698 -0.00493652047589 0.109                                -0.059 0.108438125896 -0.0663682642438 0.00825168609619 -0.0178818702698 0.00493652047589
* 29 2.81641197205 0.28 0.0 0.0 0.1 0.0 0.273764610291 0.0172171592712 -0.00686818780378 0.109                                -0.062 0.106426923671 -0.0617455933976 0.00623538970947 -0.0172171592712 0.00686818780378
* 30 2.91688013077 0.29 0.0 0.0 0.1 0.0 0.282441139221 0.0181031227112 -0.00618726434186 0.108                                -0.063 0.107760313007 -0.0659629600097 0.00755886077881 -0.0181031227112 0.00618726434186
* 31 3.01731204987 0.3 0.0 0.0 0.1 0.0 0.292351722717 0.0176644325256 -0.00643903436139 0.107                                -0.063 0.107852376852 -0.0639434319676 0.00764827728272 -0.0176644325256 0.00643903436139
* 32 3.11773610115 0.31 0.0 0.0 0.1 0.0 0.301419734955 0.0189361572266 -0.00801927223802 0.107                                -0.063 0.108832787148 -0.0673520334801 0.00858026504517 -0.0189361572266 0.00801927223802
* 33 3.21817493439 0.32 0.0 0.0 0.1 0.0 0.310746669769 0.0190467834473 -0.0084574855864 0.108                                -0.064 0.109522808059 -0.0673129994379 0.00925333023071 -0.0190467834473 0.0084574855864
* 34 3.31859111786 0.33 0.0 0.0 0.1 0.0 0.320471763611 0.0201163291931 -0.0101493038237 0.108                                -0.065 0.109842849 -0.069803985925 0.00952823638916 -0.0201163291931 0.0101493038237
* 35 3.41966104507 0.34 0.0 0.0 0.1 0.0 0.332263946533 0.0210723876953 -0.0119689144194 0.108                                -0.066 0.108075828451 -0.0718014637833 0.0077360534668 -0.0210723876953 0.0119689144194
* 36 3.52020192146 0.35 0.0 0.0 0.1 0.0 0.34636592865 0.0202116966248 -0.0127585567534 0.109                                -0.067 0.103929924532 -0.0677439977674 0.0036340713501 -0.0202116966248 0.0127585567534
* 37 3.62063694 0.36 0.0 0.0 0.1 0.0 0.356769561768 0.0204901695251 -0.0153053440154 0.107                                -0.068 0.103574216023 -0.0662653951578 0.00323043823242 -0.0204901695251 0.0153053440154
* 38 3.72113990784 0.37 0.0 0.0 0.1 0.0 0.366010189056 0.0205826759338 -0.0159891285002 0.105                                -0.068 0.104357117025 -0.0658851559828 0.0039898109436 -0.0205826759338 0.0159891285002
* 39 3.82153296471 0.38 0.0 0.0 0.1 0.0 0.37286901474 0.0207457542419 -0.0181806720793 0.105                                -0.067 0.107579980739 -0.0640532004109 0.00713098526001 -0.0207457542419 0.0181806720793
* 40 3.92193293571 0.39 0.0 0.0 0.1 0.0 0.381352424622 0.021876335144 -0.0172179378569 0.105                                -0.065 0.10911575117 -0.0694734977826 0.00864757537842 -0.021876335144 0.0172179378569
* 41 4.02231693268 0.4 0.0 0.0 0.1 0.0 0.391919612885 0.0220565795898 -0.0185163654387 0.106                                -0.066 0.108571488771 -0.0688755065269 0.00808038711548 -0.0220565795898 0.0185163654387
* 42 4.12406396866 0.41 0.0 0.0 0.1 0.0 0.403008937836 0.023129940033 -0.0208871997893 0.107                                -0.067 0.107539948588 -0.0707791663638 0.00699106216431 -0.023129940033 0.0208871997893
* 43 4.22451305389 0.42 0.0 0.0 0.1 0.0 0.411215305328 0.0223932266235 -0.0227587856352 0.107                                -0.068 0.109376964455 -0.0657197911 0.00878469467163 -0.0223932266235 0.0227587856352
* 44 4.32496404648 0.43 0.0 0.0 0.1 0.0 0.426171779633 0.0238380432129 -0.0247696079314 0.108                                -0.068 0.1044394646 -0.0698785872854 0.00382822036743 -0.0238380432129 0.0247696079314
* 45 4.425563097 0.44 0.0 0.0 0.1 0.0 0.436415195465 0.0245923995972 -0.0256422199309 0.107                                -0.068 0.104231556393 -0.0720215087515 0.00358480453491 -0.0245923995972 0.0256422199309
* 46 4.52597808838 0.45 0.0 0.0 0.1 0.0 0.445541381836 0.0238366127014 -0.026350799948 0.106                                -0.068 0.105111054739 -0.0681783171606 0.00445861816406 -0.0238366127014 0.026350799948
* 47 4.62638401985 0.46 0.0 0.0 0.1 0.0 0.454790592194 0.0240235328674 -0.0251167453825 0.105                                -0.069 0.105848873023 -0.0701241447752 0.0052094078064 -0.0240235328674 0.0251167453825
* 48 4.7268269062 0.47 0.0 0.0 0.1 0.0 0.463221073151 0.0234994888306 -0.0265935100615 0.105                                -0.068 0.107454321574 -0.0663329619774 0.00677892684937 -0.0234994888306 0.0265935100615
* 49 4.82724809647 0.48 0.0 0.0 0.1 0.0 0.47407245636 0.0228643417358 -0.0271523632109 0.105                                -0.068 0.106587330578 -0.0633036876231 0.00592754364014 -0.0228643417358 0.0271523632109
* 50 4.92766904831 0.49 0.0 0.0 0.1 0.0 0.482954978943 0.0240020751953 -0.0296118892729 0.105                                -0.068 0.10780121477 -0.0651667420638 0.00704502105713 -0.0240020751953 0.0296118892729
* 51 5.0280649662 0.5 0.0 0.0 0.1 0.0 0.491948604584 0.0242948532104 -0.0314405597746 0.106                                -0.066 0.108866819594 -0.0643033812078 0.00805139541626 -0.0242948532104 0.0314405597746
* 52 5.12852096558 0.51 0.0 0.0 0.1 0.0 0.508358955383 0.0250639915466 -0.0319855846465 0.107                                -0.065 0.102419732774 -0.0676276265258 0.0016410446167 -0.0250639915466 0.0319855846465
* 53 5.22895312309 0.52 0.0 0.0 0.1 0.0 0.520851135254 0.0242819786072 -0.0325873531401 0.107                                -0.065 0.0998866597012 -0.0642111897149 -0.000851135253906 -0.0242819786072 0.0325873531401
* 54 5.32957291603 0.53 0.0 0.0 0.1 0.0 0.527056694031 0.0248222351074 -0.0331299938262 0.105                                -0.065 0.103753925112 -0.0653192837367 0.00294330596924 -0.0248222351074 0.0331299938262
* 55 5.43003296852 0.54 0.0 0.0 0.1 0.0 0.534399986267 0.0245199203491 -0.032933536917 0.103                                -0.064 0.106426529456 -0.0639625208498 0.00560001373291 -0.0245199203491 0.032933536917
* 56 5.5304479599 0.55 0.0 0.0 0.1 0.0 0.543118476868 0.0248160362244 -0.0322793163359 0.103                                -0.064 0.107718350507 -0.0656596943829 0.00688152313232 -0.0248160362244 0.0322793163359
* 57 5.63085508347 0.56 0.0 0.0 0.1 0.0 0.554968833923 0.0235757827759 -0.0331714786589 0.105                                -0.064 0.105824596361 -0.0600166340298 0.00503116607666 -0.0235757827759 0.0331714786589
* 58 5.73126006126 0.57 0.0 0.0 0.1 0.0 0.563439369202 0.0235891342163 -0.034648720175 0.105                                -0.065 0.107401803871 -0.0583287759021 0.00656063079834 -0.0235891342163 0.034648720175
* 59 5.83167505264 0.58 0.0 0.0 0.1 0.0 0.574793338776 0.0239820480347 -0.0347364582121 0.106                                -0.062 0.106048086553 -0.0599962007898 0.00520666122437 -0.0239820480347 0.0347364582121
* 60 5.93217492104 0.59 0.0 0.0 0.1 0.0 0.587512969971 0.0246047973633 -0.0355122722685 0.105                                -0.061 0.103336070757 -0.0620680377158 0.0024870300293 -0.0246047973633 0.0355122722685
* 61 6.03269505501 0.6 0.0 0.0 0.1 0.0 0.598794460297 0.0242567062378 -0.0366986431181 0.105                                -0.061 0.10205237199 -0.059648152147 0.00120553970337 -0.0242567062378 0.0366986431181
* 62 6.1336209774 0.61 0.0 0.0 0.1 0.0 0.605884552002 0.024022102356 -0.0372722782195 0.104                                -0.061 0.104998024381 -0.0576913529301 0.00411544799805 -0.024022102356 0.0372722782195
* 63 6.23424696922 0.62 0.0 0.0 0.1 0.0 0.615592002869 0.024781703949 -0.0373800434172 0.103                                -0.06 0.10532478135 -0.0605726950969 0.00440799713135 -0.024781703949 0.0373800434172
* 64 6.33465790749 0.63 0.0 0.0 0.1 0.0 0.624704837799 0.0252847671509 -0.0377267040312 0.104                                -0.059 0.106248418842 -0.0620914745104 0.00529516220093 -0.0252847671509 0.0377267040312
* 65 6.43510103226 0.64 0.0 0.0 0.1 0.0 0.631977081299 0.0249452590942 -0.0375593341887 0.104                                -0.06 0.108990251095 -0.0604982314562 0.00802291870117 -0.0249452590942 0.0375593341887
* 66 6.5355079174 0.65 0.0 0.0 0.1 0.0 0.6417760849 0.0242667198181 -0.0379269756377 0.105                                -0.06 0.109175237001 -0.0573703397385 0.0082239151001 -0.0242667198181 0.0379269756377
* 67 6.63594412804 0.66 0.0 0.0 0.1 0.0 0.651714324951 0.0246748924255 -0.0380433239043 0.106                                -0.06 0.109255774536 -0.0588704632261 0.00828567504883 -0.0246748924255 0.0380433239043
* 68 6.73638701439 0.67 0.0 0.0 0.1 0.0 0.6667304039 0.0234003067017 -0.0386408008635 0.107                                -0.058 0.10414624765 -0.0539243822409 0.00326959609985 -0.0234003067017 0.0386408008635
* 69 6.83683109283 0.68 0.0 0.0 0.1 0.0 0.679171085358 0.0238633155823 -0.039591614157 0.107                                -0.058 0.101715588418 -0.0551833261858 0.000828914642334 -0.0238633155823 0.039591614157
* 70 6.93728399277 0.69 0.0 0.0 0.1 0.0 0.688835144043 0.0234551429749 -0.0399974025786 0.106                                -0.057 0.102046912333 -0.0530846943854 0.00116485595703 -0.0234551429749 0.0399974025786
* 71 7.03770494461 0.7 0.0 0.0 0.1 0.0 0.697028160095 0.0240983963013 -0.0398080982268 0.104                                -0.055 0.10389618272 -0.0555611672553 0.00297183990479 -0.0240983963013 0.0398080982268
* 72 7.13814902306 0.71 0.0 0.0 0.1 0.0 0.705071926117 0.0232949256897 -0.041448418051 0.103                                -0.054 0.105873466685 -0.0503400145789 0.00492807388306 -0.0232949256897 0.041448418051
* 73 7.2385699749 0.72 0.0 0.0 0.1 0.0 0.714200496674 0.0233068466187 -0.0409777797759 0.103                                -0.054 0.106745996148 -0.0507321900387 0.00579950332642 -0.0233068466187 0.0409777797759
* 74 7.33900094032 0.73 0.0 0.0 0.1 0.0 0.72226858139 0.0231809616089 -0.0409610904753 0.104                                -0.053 0.108693779808 -0.0499299663877 0.00773141860962 -0.0231809616089 0.0409610904753
* 75 7.43942904472 0.74 0.0 0.0 0.1 0.0 0.73406124115 0.0231103897095 -0.0412858165801 0.105                                -0.052 0.106884505318 -0.049604009461 0.0059387588501 -0.0231103897095 0.0412858165801
* 76 7.53982710838 0.75 0.0 0.0 0.1 0.0 0.745836734772 0.023551940918 -0.0415557064116 0.106                                -0.051 0.105113067203 -0.0513831839747 0.00416326522827 -0.023551940918 0.0415557064116
* 77 7.64029598236 0.76 0.0 0.0 0.1 0.0 0.758282661438 0.0242171287537 -0.0426538623869 0.106                                -0.05 0.10269024912 -0.0533248197924 0.00171733856201 -0.0242171287537 0.0426538623869
* 78 7.74076414108 0.77 0.0 0.0 0.1 0.0 0.766993045807 0.0210647583008 -0.0430725254118 0.106                                -0.051 0.103865105433 -0.0400766453902 0.00300695419312 -0.0210647583008 0.0430725254118
* 79 7.84120202065 0.78 0.0 0.0 0.1 0.0 0.776728630066 0.0220551490784 -0.0444753803313 0.104                                -0.05 0.104200518489 -0.0425456475337 0.00327136993408 -0.0220551490784 0.0444753803313
* 80 7.94162201881 0.79 0.0 0.0 0.1 0.0 0.783831119537 0.0217833518982 -0.0436499752104 0.104                                -0.047 0.107103150938 -0.0418029990557 0.00616888046265 -0.0217833518982 0.0436499752104
* 81 8.04202795029 0.8 0.0 0.0 0.1 0.0 0.794052124023 0.0213813781738 -0.0447920002043 0.104                                -0.045 0.106881306161 -0.0390481010756 0.00594787597656 -0.0213813781738 0.0447920002043
* 82 8.14247393608 0.81 0.0 0.0 0.1 0.0 0.801939964294 0.0208549499512 -0.0451462902129 0.104                                -0.045 0.108998411404 -0.0361949395954 0.00806003570557 -0.0208549499512 0.0451462902129
* 83 8.24493694305 0.82 0.0 0.0 0.1 0.0 0.814420223236 0.0212335586548 -0.044996086508 0.105                                -0.041 0.106505904798 -0.0383114964151 0.00557977676392 -0.0212335586548 0.044996086508
* 84 8.34552001953 0.83 0.0 0.0 0.1 0.0 0.827166080475 0.0229210853577 -0.0457108654082 0.107                                -0.039 0.103820145276 -0.0448144449138 0.00283391952515 -0.0229210853577 0.0457108654082
* 85 8.44598507881 0.84 0.0 0.0 0.1 0.0 0.839490413666 0.0219841003418 -0.0452683605254 0.106                                -0.039 0.101419404792 -0.0419457149351 0.000509586334229 -0.0219841003418 0.0452683605254
* 86 8.5465400219 0.85 0.0 0.0 0.1 0.0 0.847549915314 0.021833896637 -0.0465438999236 0.105                                -0.041 0.103396315138 -0.03968590808 0.00245008468628 -0.021833896637 0.0465438999236
* 87 8.64712905884 0.86 0.0 0.0 0.1 0.0 0.857107639313 0.0228943824768 -0.0472133792937 0.103                                -0.041 0.103905576222 -0.043152870735 0.00289236068726 -0.0228943824768 0.0472133792937
* 88 8.7475271225 0.87 0.0 0.0 0.1 0.0 0.863373279572 0.0227813720703 -0.0482533611357 0.103                                -0.041 0.107693526802 -0.0409119030247 0.00662672042847 -0.0227813720703 0.0482533611357
* 89 8.84792804718 0.88 0.0 0.0 0.1 0.0 0.872921466827 0.0217428207397 -0.049484077841 0.104                                -0.041 0.108120108807 -0.0353899294722 0.00707853317261 -0.0217428207397 0.049484077841
* 90 8.94835305214 0.89 0.0 0.0 0.1 0.0 0.882796287537 0.0223860740662 -0.0504305996001 0.105                                -0.041 0.1082951674 -0.0369457408342 0.00720371246338 -0.0223860740662 0.0504305996001
* 91 9.04879593849 0.9 0.0 0.0 0.1 0.0 0.896470546722 0.0224847793579 -0.0501144565642 0.106                                -0.038 0.104581301827 -0.0384067269888 0.00352945327759 -0.0224847793579 0.0501144565642
* 92 9.14923191071 0.91 0.0 0.0 0.1 0.0 0.909731388092 0.0250005722046 -0.0505989231169 0.106                                -0.037 0.101423028909 -0.0486174478056 0.00026861190796 -0.0250005722046 0.0505989231169
* 93 9.24967312813 0.92 0.0 0.0 0.1 0.0 0.917781829834 0.0233397483826 -0.0509555973113 0.105                                -0.039 0.103314878362 -0.0412224615338 0.00221817016602 -0.0233397483826 0.0509555973113
* 94 9.35023403168 0.93 0.0 0.0 0.1 0.0 0.925191402435 0.0231614112854 -0.0526521839201 0.104                                -0.041 0.105954110736 -0.0382247274633 0.0048085975647 -0.0231614112854 0.0526521839201
* 95 9.45092201233 0.94 0.0 0.0 0.1 0.0 0.933882236481 0.0244078636169 -0.0537360347807 0.103                                -0.041 0.107364050977 -0.0417991413674 0.00611776351929 -0.0244078636169 0.0537360347807
* 96 9.55149292946 0.95 0.0 0.0 0.1 0.0 0.944749355316 0.0237946510315 -0.0533226169646 0.104                                -0.04 0.106446915574 -0.0399652490914 0.00525064468384 -0.0237946510315 0.0533226169646
* 97 9.65192008018 0.96 0.0 0.0 0.1 0.0 0.952655792236 0.0253129005432 -0.0542200244963 0.105                                -0.041 0.108662097433 -0.0446439690509 0.00734420776367 -0.0253129005432 0.0542200244963
* 98 9.75237107277 0.97 0.0 0.0 0.1 0.0 0.963341236115 0.0259780883789 -0.0539429821074 0.105                                -0.04 0.108000301386 -0.0477386681901 0.0066587638855 -0.0259780883789 0.0539429821074
* 99 9.85279893875 0.98 0.0 0.0 0.1 0.0 0.977906703949 0.0292463302612 -0.0570724643767 0.106                                -0.043 0.103640153114 -0.0585639544051 0.00209329605103 -0.0292463302612 0.0570724643767
* 100 9.95325708389 0.99 0.0 0.0 0.1 0.0 0.985861778259 0.026741027832 -0.0546153225005 0.106                                -0.044 0.105509394464 -0.0506342104618 0.00413822174072 -0.026741027832 0.0546153225005
* 101 10.053800106 1.0 0.0 0.0 0.1 0.0 0.997361660004 0.0259490013123 -0.055225674063 0.106                                -0.048 0.103962695826 -0.0471707899233 0.00263833999634 -0.0259490013123 0.055225674063
* 102 10.1542730331 1.0 0.01 1.57079632679 0.1 0.0 1.00684642792 0.0255441665649 -0.0574668087065 0.106                                -0.048 -0.01175674775 1.58403951352 -0.00684642791748 -0.0155441665649 1.6282631355
* 103 10.2547271252 1.0 0.02 1.57079632679 0.1 0.0 1.0151219368 0.0265488624573 -0.0580809749663 0.098                                0.019 -0.0206966682442 1.61864544598 -0.0151219367981 -0.00654886245728 1.62887730176
* 104 10.3555369377 1.0 0.03 1.57079632679 0.1 0.0 1.02270174026 0.0257844924927 -0.0479458011687 0.067                                0.341 -0.0279433382707 1.65054236995 -0.0227017402649 0.00421550750732 1.61874212796
* 105 10.4559600353 1.0 0.04 1.57079632679 0.1 0.0 1.03339529037 0.0239853858948 0.00788260158151 0.052                                0.556 -0.0328766145854 1.64666691302 -0.0333952903748 0.0160146141052 1.56291372521
* 106 10.5567610264 1.0 0.05 1.57079632679 0.1 0.0 1.04047679901 0.0264382362366 0.0743663981557 0.036                                0.807 -0.0316451735372 1.62029654374 -0.0404767990112 0.0235617637634 1.49642992864
* 107 10.6572129726 1.0 0.06 1.57079632679 0.1 0.0 1.04321813583 0.023241519928 0.150634035468 0.03                                0.903 -0.0226499787681 1.60841424475 -0.0432181358337 0.036758480072 1.42016229133
* 108 10.7613749504 1.0 0.07 1.57079632679 0.1 0.0 1.04545068741 0.0259299278259 0.226872608066 0.02                                1.046 -0.0122901493836 1.57261136481 -0.0454506874084 0.0440700721741 1.34392371873
* 109 10.8618609905 1.0 0.08 1.57079632679 0.1 0.0 1.04807329178 0.0308890342712 0.290942549706 0.016                                1.114 -0.00366099901739 1.53846937326 -0.0480732917786 0.0491109657288 1.27985377709
* 110 10.9624021053 1.0 0.09 1.57079632679 0.1 0.0 1.04596996307 0.0294089317322 0.363891005516 0.011                                1.193 0.0139414514871 1.51324159857 -0.0459699630737 0.0605910682678 1.20690532128
* 111 11.0630230904 1.0 0.1 1.57079632679 0.1 0.0 1.04871511459 0.0350723266602 0.440907567739 0.008                                1.232 0.0261333620002 1.46139895261 -0.0487151145935 0.0649276733398 1.12988875906
* 112 11.1635899544 1.0 0.11 1.57079632679 0.1 0.0 1.04961061478 0.0380530357361 0.510102689266 0.006                                1.271 0.0405636949386 1.42139021503 -0.0496106147766 0.0719469642639 1.06069363753
* 113 11.2640600204 1.0 0.12 1.57079632679 0.1 0.0 1.04552745819 0.0375504493713 0.586135983467 0.005                                1.283 0.0630846452176 1.37188924657 -0.0455274581909 0.0824495506287 0.984660343328
* 114 11.3645019531 1.0 0.13 1.57079632679 0.1 0.0 1.04921197891 0.0451736450195 0.659438967705 0.01                                1.285 0.0745002071488 1.31099763302 -0.0492119789124 0.0848263549805 0.91135735909
* 115 11.4649400711 1.0 0.14 1.57079632679 0.1 0.0 1.04982233047 0.0473952293396 0.720832407475 0.018                                1.259 0.0899743724121 1.26991578573 -0.0498223304749 0.0926047706604 0.84996391932
* 116 11.5653820038 1.0 0.15 1.57079632679 0.1 0.0 1.05127954483 0.0487542152405 0.786327004433 0.031                                1.203 0.106630614126 1.2251024643 -0.0512795448303 0.10124578476 0.784469322362
* 117 11.6658449173 1.0 0.16 1.57079632679 0.1 0.0 1.05656099319 0.0569038391113 0.854247570038 0.04                                1.167 0.116485898407 1.16655021975 -0.0565609931946 0.103096160889 0.716548756757
* 118 11.7663989067 1.0 0.17 1.57079632679 0.1 0.0 1.05692052841 0.0623307228088 0.91447532177 0.054                                1.1 0.130394372737 1.10733151406 -0.0569205284119 0.107669277191 0.656321005025
* 119 11.8668310642 1.0 0.18 1.57079632679 0.1 0.0 1.06274080276 0.0717058181763 0.968749165535 0.06                                1.071 0.136780259343 1.06138860161 -0.0627408027649 0.108294181824 0.60204716126
* 120 11.967263937 1.0 0.19 1.57079632679 0.1 0.0 1.06962442398 0.0856857299805 1.01202058792 0.075                                1.003 0.136942541454 1.02278905218 -0.0696244239807 0.10431427002 0.558775738874
* 121 12.0677170753 1.0 0.2 1.57079632679 0.1 0.0 1.07018184662 0.095516204834 1.05074906349 0.083                                0.959 0.143240892005 0.977545679042 -0.0701818466187 0.104483795166 0.520047263303
* 122 12.1681609154 1.0 0.21 1.57079632679 0.1 0.0 1.07641744614 0.109388828278 1.08779752254 0.093                                0.907 0.142810911808 0.946373677406 -0.0764174461365 0.100611171722 0.48299880425
* 123 12.2685809135 1.0 0.22 1.57079632679 0.1 0.0 1.0792388916 0.12268447876 1.12180995941 0.098                                0.876 0.144000774919 0.908843793372 -0.0792388916016 0.0973155212402 0.448986367383
* 124 12.3689959049 1.0 0.23 1.57079632679 0.1 0.0 1.08371210098 0.134806156158 1.15495598316 0.105                                0.847 0.145378023285 0.88093008343 -0.0837121009827 0.0951938438416 0.415840343633
* 125 12.4694530964 1.0 0.24 1.57079632679 0.1 0.0 1.08508443832 0.149946689606 1.18562293053 0.109                                0.825 0.144775006701 0.840509660536 -0.085084438324 0.0900533103943 0.385173396268
* 126 12.5699729919 1.0 0.25 1.57079632679 0.1 0.0 1.09314250946 0.161912441254 1.21685540676 0.114                                0.794 0.144746405181 0.829762552665 -0.0931425094604 0.0880875587463 0.353940920034
* 127 12.6705589294 1.0 0.26 1.57079632679 0.1 0.0 1.09497070312 0.174694061279 1.24903213978 0.118                                0.778 0.146369359809 0.793898144633 -0.094970703125 0.0853059387207 0.321764187017
* 128 12.7709810734 1.0 0.27 1.57079632679 0.1 0.0 1.10006952286 0.192138671875 1.28215134144 0.122                                0.758 0.142568722239 0.764460968568 -0.100069522858 0.077861328125 0.288644985357
* 129 12.8714640141 1.0 0.28 1.57079632679 0.1 0.0 1.10310268402 0.20588684082 1.31443071365 0.124                                0.745 0.142822710255 0.733526552489 -0.103102684021 0.0741131591797 0.256365613141
* 130 12.9718689919 1.0 0.29 1.57079632679 0.1 0.0 1.10192632675 0.216868400574 1.35328173637 0.127                                0.727 0.147645448942 0.681335969824 -0.101926326752 0.0731315994263 0.217514590421
* 131 13.0723121166 1.0 0.3 1.57079632679 0.1 0.0 1.10446310043 0.234002590179 1.38944196701 0.129                                0.713 0.144983552337 0.642131134588 -0.104463100433 0.0659974098206 0.181354359784
* 132 13.1726961136 1.0 0.31 1.57079632679 0.1 0.0 1.10425233841 0.251839637756 1.42036569118 0.135                                0.683 0.14125011401 0.59938957338 -0.104252338409 0.0581603622437 0.15043063561
* 133 13.2732141018 1.0 0.32 1.57079632679 0.1 0.0 1.10431432724 0.264580726624 1.45280575752 0.137                                0.669 0.142569114295 0.55984941666 -0.10431432724 0.0554192733765 0.117990569272
* 134 13.3738160133 1.0 0.33 1.57079632679 0.1 0.0 1.10780096054 0.282103061676 1.48492479324 0.139                                0.636 0.138565282045 0.532942592219 -0.107800960541 0.047896938324 0.0858715335515
* 135 13.4743800163 1.0 0.34 1.57079632679 0.1 0.0 1.10952806473 0.29531955719 1.51658892632 0.139                                0.596 0.138995016699 0.502006063921 -0.109528064728 0.0446804428101 0.0542074004796
* 136 13.5748410225 1.0 0.35 1.57079632679 0.1 0.0 1.10706949234 0.305718421936 1.55598819256 0.14                                0.576 0.143189575738 0.44583860626 -0.10706949234 0.044281578064 0.0148081342366
* 137 13.6752460003 1.0 0.36 1.57079632679 0.1 0.0 1.10699367523 0.327676296234 1.59869849682 0.14                                0.552 0.135678208229 0.395965967245 -0.106993675232 0.0323237037659 -0.0279021700236
* 138 13.7756819725 1.0 0.37 1.57079632679 0.1 0.0 1.10655450821 0.343013763428 1.63146007061 0.139                                0.497 0.13361106268 0.357502291517 -0.106554508209 0.0269862365723 -0.0606637438152
* 139 13.8761711121 1.0 0.38 1.57079632679 0.1 0.0 1.10281038284 0.350044250488 1.65887951851 0.138                                0.462 0.138959934668 0.309972550862 -0.102810382843 0.0299557495117 -0.088083191714
* 140 13.9781610966 1.0 0.39 1.57079632679 0.1 0.0 1.10348033905 0.372379302979 1.68572020531 0.137                                0.419 0.129061373404 0.286813805603 -0.10348033905 0.0176206970215 -0.114923878512
* 141 14.0786349773 1.0 0.4 1.57079632679 0.1 0.0 1.10165023804 0.394423007965 1.70157396793 0.137                                0.375 0.118155249773 0.2678821564 -0.101650238037 0.00557699203491 -0.130777641139
* 142 14.1791670322 1.0 0.41 1.57079632679 0.1 0.0 1.09948587418 0.403131008148 1.71347010136 0.133                                0.339 0.120178903684 0.245617609381 -0.099485874176 0.00686899185181 -0.142673774562
* 143 14.2798490524 1.0 0.42 1.57079632679 0.1 0.0 1.09413766861 0.414365291595 1.72827601433 0.128                                0.317 0.119333618151 0.208998120436 -0.0941376686096 0.00563470840454 -0.157479687533
* 144 14.3803589344 1.0 0.43 1.57079632679 0.1 0.0 1.09036302567 0.42573928833 1.7422015667 0.124                                0.284 0.118379785275 0.179798544827 -0.0903630256653 0.00426071166992 -0.171405239901
* 145 14.4807760715 1.0 0.44 1.57079632679 0.1 0.0 1.08858394623 0.440630435944 1.75248706341 0.122                                0.256 0.11392391878 0.165100836743 -0.088583946228 -0.000630435943603 -0.181690736613
* 146 14.5811879635 1.0 0.45 1.57079632679 0.1 0.0 1.08553314209 0.453558921814 1.7595924139 0.12                                0.226 0.110929757161 0.14767667473 -0.0855331420898 -0.00355892181396 -0.188796087107
* 147 14.6816749573 1.0 0.46 1.57079632679 0.1 0.0 1.08543395996 0.460493564606 1.76722598076 0.118                                0.207 0.11446007103 0.136776619087 -0.0854339599609 -0.000493564605713 -0.196429653964
* 148 14.78226614 1.0 0.47 1.57079632679 0.1 0.0 1.08543395996 0.460493564606 1.76722598076 0.115                                0.18 0.124384762062 0.128969863281 -0.0854339599609 0.00950643539429 -0.196429653964
* 149 14.8827400208 1.0 0.48 1.57079632679 0.1 0.0 1.0787987709 0.483888149261 1.78563857079 0.115                                0.166 0.110856695505 0.093859405256 -0.0787987709045 -0.00388814926147 -0.214842243991
* 150 14.9834120274 1.0 0.49 1.57079632679 0.1 0.0 1.07290506363 0.498959541321 1.78981423378 0.118                                0.148 0.104790414655 0.0708098843028 -0.0729050636291 -0.0089595413208 -0.219017906985
* 151 15.0838239193 1.0 0.5 1.57079632679 0.1 0.0 1.07033443451 0.511575222015 1.79274761677 0.115                                0.13 0.101788661947 0.0600299175298 -0.0703344345093 -0.0115752220154 -0.221951289973
* 152 15.1843159199 1.0 0.51 1.57079632679 0.1 0.0 1.0678062439 0.51969909668 1.79508137703 0.111                                0.106 0.10318700897 0.0460998703063 -0.0678062438965 -0.00969909667969 -0.224285050235
* 153 15.2855069637 1.0 0.52 1.57079632679 0.1 0.0 1.06563949585 0.529407501221 1.79636621475 0.107                                0.085 0.103044302503 0.0360622692044 -0.0656394958496 -0.0094075012207 -0.225569887957
* 154 15.3859100342 1.0 0.53 1.57079632679 0.1 0.0 1.06460857391 0.538072109222 1.79824542999 0.105                                0.071 0.104209030184 0.0288967706576 -0.0646085739136 -0.00807210922241 -0.227449103198
* 155 15.4868941307 1.0 0.54 1.57079632679 0.1 0.0 1.06290197372 0.54838180542 1.80000114441 0.104                                0.054 0.103586779316 0.0207062115049 -0.0629019737244 -0.00838180541992 -0.229204817614
* 156 15.5873219967 1.0 0.55 1.57079632679 0.1 0.0 1.05962610245 0.559430122375 1.80012321472 0.104                                0.046 0.101805196664 0.00877248189113 -0.0596261024475 -0.00943012237549 -0.229326887927
* 157 15.6877930164 1.0 0.56 1.57079632679 0.1 0.0 1.05580425262 0.571367740631 1.79974269867 0.104                                0.035 0.0990033655927 -0.00396533647942 -0.0558042526245 -0.0113677406311 -0.228946371875
* 158 15.7882049084 1.0 0.57 1.57079632679 0.1 0.0 1.05143594742 0.578087806702 1.80030465126 0.103                                0.025 0.101249358681 -0.0245373790942 -0.0514359474182 -0.00808780670166 -0.229508324465
* 159 15.888600111 1.0 0.58 1.57079632679 0.1 0.0 1.04872274399 0.587107181549 1.80146789551 0.101                                0.009 0.101622267226 -0.0371946044501 -0.048722743988 -0.00710718154907 -0.230671568713
* 160 15.9889891148 1.0 0.59 1.57079632679 0.1 0.0 1.04737234116 0.595015525818 1.80237472057 0.101                                -0.002 0.103392980559 -0.0453053118414 -0.047372341156 -0.00501552581787 -0.231578393779
* 161 16.0894069672 1.0 0.6 1.57079632679 0.1 0.0 1.04584932327 0.604807853699 1.80297899246 0.102                                -0.018 0.103257870845 -0.0520510502488 -0.0458493232727 -0.00480785369873 -0.232182665667
* 162 16.1902611256 1.0 0.61 1.57079632679 0.1 0.0 1.04483413696 0.612391471863 1.80361998081 0.101                                -0.026 0.105414967354 -0.0588960448461 -0.0448341369629 -0.00239147186279 -0.232823654017
* 163 16.2911419868 1.0 0.62 1.57079632679 0.1 0.0 1.04249095917 0.620886325836 1.80287265778 0.102                                -0.037 0.106335684055 -0.0686220539772 -0.0424909591675 -0.000886325836181 -0.232076330981
* 164 16.3918521404 1.0 0.63 1.57079632679 0.1 0.0 1.03808259964 0.631485939026 1.80262494087 0.103                                -0.044 0.104715491498 -0.0849732018507 -0.0380825996399 -0.00148593902588 -0.231828614077
* 165 16.4922521114 1.0 0.64 1.57079632679 0.1 0.0 1.03651666641 0.64329624176 1.80254936218 0.104                                -0.055 0.102567484355 -0.0893275969844 -0.0365166664124 -0.00329624176025 -0.231753035388
* 166 16.5926380157 1.0 0.65 1.57079632679 0.1 0.0 1.03187084198 0.652148246765 1.80221581459 0.104                                -0.065 0.102615334599 -0.108124282912 -0.03187084198 -0.00214824676514 -0.231419487796
* 167 16.6930611134 1.0 0.66 1.57079632679 0.1 0.0 1.02985143661 0.659764289856 1.80183053017 0.103                                -0.075 0.104492246547 -0.11777292415 -0.029851436615 0.000235710144043 -0.231034203372
* 168 16.793954134 1.0 0.67 1.57079632679 0.1 0.0 1.02985143661 0.659764289856 1.80183053017 0.103                                -0.085 0.114342666568 -0.126932298971 -0.029851436615 0.010235710144 -0.231034203372
* 169 16.8945801258 1.0 0.68 1.57079632679 0.1 0.0 1.0244011879 0.681406974792 1.79982984066 0.105                                -0.1 0.101608091728 -0.135431954544 -0.0244011878967 -0.00140697479248 -0.229033513865
* 170 16.9950339794 1.0 0.69 1.57079632679 0.1 0.0 1.02301645279 0.689483642578 1.79543101788 0.107                                -0.109 0.103185022295 -0.138021692062 -0.0230164527893 0.000516357421876 -0.224634691081
* 171 17.0954329967 1.0 0.7 1.57079632679 0.1 0.0 1.02025604248 0.697755336761 1.79149830341 0.104                                -0.12 0.104277985777 -0.146241407109 -0.0202560424805 0.00224466323853 -0.220701976618
* 172 17.1960189342 1.0 0.71 1.57079632679 0.1 0.0 1.01709270477 0.708727836609 1.78744578362 0.104                                -0.126 0.102637614183 -0.153555160647 -0.0170927047729 0.00127216339111 -0.21664945682
* 173 17.2966060638 1.0 0.72 1.57079632679 0.1 0.0 1.01628112793 0.71795797348 1.78254878521 0.104                                -0.134 0.103249321674 -0.152325244879 -0.0162811279297 0.00204202651978 -0.211752458415
* 174 17.3971791267 1.0 0.73 1.57079632679 0.1 0.0 1.01398468018 0.728064060211 1.77640235424 0.103                                -0.14 0.102700691839 -0.154879132698 -0.0139846801758 0.00193593978882 -0.205606027446
* 175 17.4975950718 1.0 0.74 1.57079632679 0.1 0.0 1.0113286972 0.734011650085 1.77222847939 0.103                                -0.146 0.106208967264 -0.164228857593 -0.0113286972046 0.00598834991455 -0.20143215259
* 176 17.5982041359 1.0 0.75 1.57079632679 0.1 0.0 1.00638055801 0.740832328796 1.76675212383 0.103                                -0.149 0.108442829806 -0.180399470243 -0.00638055801392 0.00916767120361 -0.195955797038
* 177 17.6988739967 1.0 0.76 1.57079632679 0.1 0.0 1.00364685059 0.747155189514 1.7630777359 0.104                                -0.155 0.111620794623 -0.190075046185 -0.00364685058594 0.0128448104858 -0.192281409106
* 178 17.7994410992 1.0 0.77 1.57079632679 0.1 0.0 1.00276231766 0.758017539978 1.75896239281 0.105                                -0.163 0.110669141133 -0.188522074882 -0.00276231765747 0.011982460022 -0.188166066012
* 179 17.8999950886 1.0 0.78 1.57079632679 0.1 0.0 1.00276231766 0.758017539978 1.75896239281 0.108                                -0.175 0.120609813459 -0.19600438078 -0.00276231765747 0.021982460022 -0.188166066012
* 180 18.000592947 1.0 0.79 1.57079632679 0.1 0.0 1.00083827972 0.781519889832 1.75064253807 0.109                                -0.179 0.106981722847 -0.184760162472 -0.00083827972412 0.00848011016846 -0.179846211276
* 181 18.1011590958 1.0 0.8 1.57079632679 0.1 0.0 0.997414112091 0.793665885925 1.74303126335 0.113                                -0.186 0.104386787773 -0.188822291494 0.00258588790894 0.00633411407471 -0.172234936557
* 182 18.2021110058 1.0 0.81 1.57079632679 0.1 0.0 0.995342254639 0.800830841064 1.73404014111 0.11                                -0.185 0.10705970476 -0.189535090951 0.00465774536133 0.00916915893555 -0.163243814311
* 183 18.3025329113 1.0 0.82 1.57079632679 0.1 0.0 0.995061397552 0.808563709259 1.72246289253 0.108                                -0.187 0.109536877727 -0.179914859227 0.00493860244751 0.011436290741 -0.151666565737
* 184 18.4031970501 1.0 0.83 1.57079632679 0.1 0.0 0.992243289948 0.820414066315 1.71595680714 0.108                                -0.187 0.107411130634 -0.183139068063 0.00775671005249 0.0095859336853 -0.145160480342
* 185 18.50406003 1.0 0.84 1.57079632679 0.1 0.0 0.990319728851 0.831949710846 1.70782864094 0.108                                -0.183 0.105794393169 -0.181423858018 0.00968027114868 0.00805028915405 -0.137032314143
* 186 18.6046950817 1.0 0.85 1.57079632679 0.1 0.0 0.990734577179 0.839544773102 1.70378983021 0.107                                -0.183 0.108360189834 -0.176859904802 0.00926542282105 0.0104552268982 -0.132993503413
* 187 18.706084013 1.0 0.86 1.57079632679 0.1 0.0 0.988401889801 0.847539424896 1.69687855244 0.107                                -0.182 0.110239499667 -0.179878018401 0.011598110199 0.0124605751038 -0.126082225642
* 188 18.8071041107 1.0 0.87 1.57079632679 0.1 0.0 0.98520565033 0.856277942657 1.69061243534 0.107                                -0.179 0.111279799253 -0.186559281373 0.0147943496704 0.0137220573425 -0.119816108546
* 189 18.9076011181 1.0 0.88 1.57079632679 0.1 0.0 0.984248161316 0.865583896637 1.68636143208 0.108                                -0.18 0.11198576325 -0.186179916807 0.0157518386841 0.014416103363 -0.115565105281
* 190 19.0083909035 1.0 0.89 1.57079632679 0.1 0.0 0.984248161316 0.865583896637 1.68636143208 0.109                                -0.182 0.122037553899 -0.190792238515 0.0157518386841 0.024416103363 -0.115565105281
* 191 19.1098001003 1.0 0.9 1.57079632679 0.1 0.0 0.980796813965 0.886223316193 1.67406785488 0.11                                -0.184 0.11133073884 -0.18658778901 0.0192031860352 0.0137766838074 -0.103271528086
* 192 19.2105281353 1.0 0.91 1.57079632679 0.1 0.0 0.978634357452 0.897948265076 1.66664469242 0.113                                -0.186 0.109611408755 -0.186675513585 0.0213656425476 0.0120517349243 -0.0958483656261
* 193 19.3110349178 1.0 0.92 1.57079632679 0.1 0.0 0.976958274841 0.907657623291 1.65973877907 0.112                                -0.186 0.10997386 -0.186191277224 0.0230417251587 0.012342376709 -0.0889424522731
* 194 19.4115550518 1.0 0.93 1.57079632679 0.1 0.0 0.975203037262 0.915508270264 1.65195214748 0.111                                -0.186 0.112253011758 -0.185684498306 0.024796962738 0.0144917297363 -0.0811558206889
* 195 19.5121049881 1.0 0.94 1.57079632679 0.1 0.0 0.975212574005 0.926498413086 1.64264023304 0.111                                -0.186 0.111568915084 -0.175471542633 0.0247874259949 0.0135015869141 -0.071843906245
* 196 19.6127929688 1.0 0.95 1.57079632679 0.1 0.0 0.974806785583 0.93456697464 1.63480854034 0.111                                -0.185 0.11374953373 -0.16929118264 0.0251932144165 0.0154330253601 -0.0640122135493
* 197 19.7133820057 1.0 0.96 1.57079632679 0.1 0.0 0.973667144775 0.943695068359 1.63095760345 0.111                                -0.18 0.114686517298 -0.169941128335 0.0263328552246 0.0163049316406 -0.0601612766597
* 198 19.8138120174 1.0 0.97 1.57079632679 0.1 0.0 0.971999168396 0.952735900879 1.62706720829 0.112                                -0.176 0.115690524134 -0.172651991247 0.028000831604 0.0172640991211 -0.0562708814952
* 199 19.9142310619 1.0 0.98 1.57079632679 0.1 0.0 0.971871852875 0.965173244476 1.62293076515 0.113                                -0.174 0.113364101153 -0.168206598689 0.0281281471252 0.0148267555237 -0.0521344383571
* 200 20.0149559975 1.0 0.99 1.57079632679 0.1 0.0 0.971108913422 0.972717285156 1.61670017242 0.113                                -0.173 0.116023554502 -0.165066294954 0.0288910865784 0.0172827148438 -0.0459038456294
* 201 20.1158020496 1.0 1.0 1.57079632679 0.1 0.0 0.971108913422 0.972717285156 1.61670017242 0.113                                -0.17 0.126132183391 -0.166901804001 0.0288910865784 0.0272827148438 -0.0459038456294
* 202 20.2167329788 1.0 1.01 1.57079632679 0.1 0.0 0.96891784668 0.994549274445 1.60067713261 0.115                                -0.168 0.114643716733 -0.15635680845 0.0310821533203 0.0154507255554 -0.0298808058116
* 203 20.3179340363 1.0 1.02 1.57079632679 0.1 0.0 0.968117237091 1.00488901138 1.59429633617 0.118                                -0.168 0.114501298917 -0.152696478973 0.0318827629089 0.0151109886169 -0.0235000093791
* 204 20.4185400009 1.0 1.03 1.57079632679 0.1 0.0 0.96839761734 1.01744747162 1.58953046799 0.116                                -0.162 0.112083417903 -0.146285554746 0.0316023826599 0.0125525283813 -0.0187341411922
* 205 20.5191750526 1.0 1.04 1.57079632679 0.1 0.0 0.966950893402 1.02562379837 1.58500170708 0.115                                -0.158 0.114061076495 -0.147374772793 0.0330491065979 0.0143762016296 -0.0142053802821
* 206 20.6198060513 1.0 1.05 1.57079632679 0.1 0.0 0.966532707214 1.03108072281 1.58159673214 0.114                                -0.152 0.118772248423 -0.145607932716 0.0334672927856 0.0189192771912 -0.0108004053447
* 207 20.7202379704 1.0 1.06 1.57079632679 0.1 0.0 0.964871883392 1.04145097733 1.57768332958 0.114                                -0.15 0.118522663115 -0.147989275597 0.0351281166077 0.0185490226746 -0.00688700278732
* 208 20.8210709095 1.0 1.07 1.57079632679 0.1 0.0 0.964437007904 1.05038452148 1.57624435425 0.116                                -0.149 0.119651631639 -0.148190334008 0.0355629920959 0.0196154785156 -0.00544802745315
* 209 20.921585083 1.0 1.08 1.57079632679 0.1 0.0 0.965766906738 1.06157588959 1.57411289215 0.116                                -0.148 0.11852834593 -0.140532166734 0.0342330932617 0.0184241104126 -0.00331656535598
* 210 21.0223340988 1.0 1.09 1.57079632679 0.1 0.0 0.963678836823 1.07454442978 1.57105064392 0.118                                -0.148 0.115630586398 -0.145557721313 0.0363211631775 0.0154555702209 -0.000254317126002
* 211 21.1227469444 1.0 1.1 1.57079632679 0.1 0.0 0.963678836823 1.07454442978 1.57105064392 0.118                                -0.145 0.125749874583 -0.145567893998 0.0363211631775 0.0254555702209 -0.000254317126002
* 212 21.2233281136 1.0 1.11 1.57079632679 0.1 0.0 0.961397647858 1.09561443329 1.56235921383 0.118                                -0.145 0.114882666284 -0.145380669917 0.0386023521423 0.0143855667114 0.00843711296586
* 213 21.3239200115 1.0 1.12 1.57079632679 0.1 0.0 0.96181344986 1.10542297363 1.55740213394 0.12                                -0.146 0.115258184177 -0.138397562251 0.0381865501404 0.0145770263672 0.0133941928532
* 214 21.4250900745 1.0 1.13 1.57079632679 0.1 0.0 0.963084220886 1.11738824844 1.55291926861 0.118                                -0.145 0.113411959307 -0.12864741433 0.0369157791138 0.0126117515564 0.0178770581868
* 215 21.5260391235 1.0 1.14 1.57079632679 0.1 0.0 0.962757587433 1.123524189 1.54774606228 0.116                                -0.14 0.11750996584 -0.124085896754 0.0372424125671 0.0164758110046 0.0230502645161
* 216 21.6266109943 1.0 1.15 1.57079632679 0.1 0.0 0.961047172546 1.13443422318 1.54617035389 0.115                                -0.135 0.116686958293 -0.129311200113 0.0389528274536 0.015565776825 0.0246259729054
* 217 21.727216959 1.0 1.16 1.57079632679 0.1 0.0 0.962386131287 1.14419317245 1.5460896492 0.116                                -0.131 0.116900287396 -0.123846178958 0.0376138687134 0.0158068275452 0.0247066775945
* 218 21.8277199268 1.0 1.17 1.57079632679 0.1 0.0 0.959146022797 1.16109371185 1.54402041435 0.116                                -0.13 0.11008027328 -0.13530823153 0.0408539772034 0.00890628814697 0.0267759124425
* 219 21.9284310341 1.0 1.18 1.57079632679 0.1 0.0 0.959295749664 1.16762161255 1.54096066952 0.115                                -0.129 0.11370471025 -0.131075927064 0.0407042503357 0.0123783874512 0.0298356572774
* 220 22.0292451382 1.0 1.19 1.57079632679 0.1 0.0 0.958868503571 1.18002462387 1.53433310986 0.114                                -0.13 0.111538531262 -0.12606382768 0.0411314964294 0.00997537612915 0.0364632169392
* 221 22.1301169395 1.0 1.2 1.57079632679 0.1 0.0 0.958868503571 1.18002462387 1.53433310986 0.113                                -0.129 0.121651093388 -0.124605622183 0.0411314964294 0.0199753761292 0.0364632169392
* 222 22.2305269241 1.0 1.21 1.57079632679 0.1 0.0 0.96136713028 1.20327425003 1.52711772919 0.113                                -0.128 0.108411129117 -0.1090097484 0.0386328697205 0.00672574996948 0.0436785976079
* 223 22.3309049606 1.0 1.22 1.57079632679 0.1 0.0 0.959748744965 1.21181344986 1.52611541748 0.115                                -0.125 0.109995446639 -0.114167788508 0.0402512550354 0.00818655014038 0.0446809093144
* 224 22.4313120842 1.0 1.23 1.57079632679 0.1 0.0 0.957304477692 1.22533845901 1.52391731739 0.112                                -0.119 0.106626761412 -0.122282448993 0.0426955223084 0.00466154098511 0.0468790094045
* 225 22.5319831371 1.0 1.24 1.57079632679 0.1 0.0 0.959255218506 1.23115158081 1.52241146564 0.111                                -0.118 0.110820628954 -0.11211450142 0.0407447814941 0.00884841918945 0.0483848611501
* 226 22.6324810982 1.0 1.25 1.57079632679 0.1 0.0 0.959115505219 1.23878383636 1.52037680149 0.11                                -0.118 0.113293539598 -0.110048087253 0.0408844947815 0.0112161636353 0.0504195253041
* 227 22.7330589294 1.0 1.26 1.57079632679 0.1 0.0 0.960207939148 1.24674844742 1.5165541172 0.11                                -0.115 0.11542591716 -0.101171125912 0.0397920608521 0.0132515525818 0.0542422095921
* 228 22.8335869312 1.0 1.27 1.57079632679 0.1 0.0 0.958170413971 1.25824213028 1.50975108147 0.111                                -0.113 0.11427204999 -0.102363972868 0.0418295860291 0.0117578697205 0.0610452453282
* 229 22.9342579842 1.0 1.28 1.57079632679 0.1 0.0 0.958258152008 1.27039384842 1.50740551949 0.112                                -0.108 0.112176185984 -0.100050911218 0.0417418479919 0.00960615158081 0.0633908073094
* 230 23.034735918 1.0 1.29 1.57079632679 0.1 0.0 0.956203937531 1.28215932846 1.50501966476 0.112                                -0.105 0.110613814834 -0.106182665493 0.0437960624695 0.00784067153931 0.0657766620305
* 231 23.1351969242 1.0 1.3 1.57079632679 0.1 0.0 0.956203937531 1.28215932846 1.50501966476 0.112                                -0.103 0.120711220336 -0.10355349585 0.0437960624695 0.0178406715393 0.0657766620305
* 232 23.2356541157 1.0 1.31 1.57079632679 0.1 0.0 0.96110200882 1.30168819427 1.50115525723 0.112                                -0.104 0.110887168792 -0.0824295075169 0.0388979911804 0.0083118057251 0.0696410695699
* 233 23.3360660076 1.0 1.32 1.57079632679 0.1 0.0 0.960750579834 1.30837535858 1.49945354462 0.114                                -0.101 0.114310167084 -0.0810899640065 0.039249420166 0.0116246414185 0.0713427821782
* 234 23.4365780354 1.0 1.33 1.57079632679 0.1 0.0 0.959748744965 1.31948900223 1.50108802319 0.113                                -0.094 0.113204704249 -0.0871457110182 0.0402512550354 0.0105109977722 0.0697083036092
* 235 23.5370650291 1.0 1.34 1.57079632679 0.1 0.0 0.959391117096 1.32638835907 1.49874782562 0.113                                -0.089 0.11643699006 -0.0851867562784 0.0406088829041 0.0136116409302 0.0720485011723
* 236 23.6378121376 1.0 1.35 1.57079632679 0.1 0.0 0.961476802826 1.34081792831 1.49794578552 0.113                                -0.088 0.11183911721 -0.077291194763 0.0385231971741 0.00918207168579 0.0728505412724
* 237 23.7383761406 1.0 1.36 1.57079632679 0.1 0.0 0.960310459137 1.3559384346 1.49435067177 0.114                                -0.086 0.10687325372 -0.0796961921877 0.039689540863 0.00406156539917 0.0764456550267
* 238 23.8388381004 1.0 1.37 1.57079632679 0.1 0.0 0.962393283844 1.36348772049 1.49407970905 0.113                                -0.083 0.109193065574 -0.0703562181589 0.037606716156 0.0065122795105 0.0767166177419
* 239 23.9393069744 1.0 1.38 1.57079632679 0.1 0.0 0.96285867691 1.3757019043 1.49225246906 0.11                                -0.08 0.106976647297 -0.0672775042306 0.0371413230896 0.00429809570313 0.0785438577321
* 240 24.0397350788 1.0 1.39 1.57079632679 0.1 0.0 0.963964939117 1.38419961929 1.49049186707 0.11                                -0.076 0.108453539015 -0.0605521434586 0.0360350608826 0.00580038070679 0.0803044597295
* 241 24.1402640343 1.0 1.4 1.57079632679 0.1 0.0 0.963964939117 1.38419961929 1.49049186707 0.108                                -0.071 0.118540216393 -0.0573434164091 0.0360350608826 0.0158003807068 0.0803044597295
* 242 24.2407419682 1.0 1.41 1.57079632679 0.1 0.0 0.962821006775 1.39310312271 1.49015641212 0.108                                -0.067 0.1197484981 -0.0611864979355 0.0371789932251 0.0168968772888 0.0806399146703
* 243 24.3423841 1.0 1.42 1.57079632679 0.1 0.0 0.965088367462 1.41144323349 1.48845589161 0.113                                -0.064 0.111196340582 -0.0530356495441 0.0349116325378 0.00855676651001 0.0823404351857
* 244 24.4429650307 1.0 1.43 1.57079632679 0.1 0.0 0.962371826172 1.42445755005 1.48717343807 0.114                                -0.062 0.108419932973 -0.0635145937332 0.0376281738281 0.00554244995117 0.0836228887227
* 245 24.5435731411 1.0 1.44 1.57079632679 0.1 0.0 0.961802005768 1.43596124649 1.48519659042 0.112                                -0.059 0.10701052837 -0.0642305215146 0.0381979942322 0.00403875350952 0.0855997363713
* 246 24.644010067 1.0 1.45 1.57079632679 0.1 0.0 0.961588859558 1.44513225555 1.48359084129 0.111                                -0.061 0.107912419268 -0.0631191425552 0.0384111404419 0.0048677444458 0.0872054855016
* 247 24.7445049286 1.0 1.46 1.57079632679 0.1 0.0 0.962905883789 1.45755386353 1.48095798492 0.109                                -0.061 0.105429750844 -0.0559902440788 0.0370941162109 0.00244613647461 0.0898383418706
* 248 24.8451139927 1.0 1.47 1.57079632679 0.1 0.0 0.967124938965 1.46388149261 1.48054039478 0.108                                -0.062 0.108757751963 -0.0374264882483 0.0328750610352 0.00611850738525 0.0902559320119
* 249 24.9457790852 1.0 1.48 1.57079632679 0.1 0.0 0.967837333679 1.47372674942 1.48035001755 0.107                                -0.058 0.108853071177 -0.0343331021388 0.0321626663208 0.00627325057984 0.0904463092473
* 250 25.0464580059 1.0 1.49 1.57079632679 0.1 0.0 0.967019557953 1.48612880707 1.47873771191 0.107                                -0.051 0.106545357485 -0.0367828958927 0.0329804420471 0.00387119293213 0.0920586148885
* 251 25.1470711231 1.0 1.5 1.57079632679 0.1 0.0 0.967019557953 1.48612880707 1.47873771191 0.107                                -0.044 0.116621796857 -0.0331057502757 0.0329804420471 0.0138711929321 0.0920586148885
* 252 25.2479870319 1.0 1.51 1.57079632679 0.1 0.0 0.96882390976 1.493475914 1.47907853127 0.108                                -0.041 0.11912006165 -0.0253146137735 0.0311760902405 0.0165240859985 0.0917177955296
* 253 25.3485949039 1.0 1.52 1.57079632679 0.1 0.0 0.966155052185 1.51436758041 1.47665441036 0.112                                -0.036 0.108451037562 -0.0373975420453 0.0338449478149 0.00563241958618 0.0941419164327
* 254 25.4493579865 1.0 1.53 1.57079632679 0.1 0.0 0.965548038483 1.52610445023 1.47593986988 0.113                                -0.034 0.106776765107 -0.039724488583 0.0344519615173 0.00389554977417 0.0948564569142
* 255 25.549998045 1.0 1.54 1.57079632679 0.1 0.0 0.967449188232 1.53666687012 1.47471761703 0.111                                -0.035 0.106056013498 -0.0310989286421 0.0325508117676 0.00333312988281 0.09607870976
* 256 25.6506400108 1.0 1.55 1.57079632679 0.1 0.0 0.969532489777 1.5456328392 1.47475469112 0.11                                -0.037 0.106894549773 -0.0224459673272 0.0304675102234 0.00436716079712 0.0960416356709
* 257 25.7518029213 1.0 1.56 1.57079632679 0.1 0.0 0.972781181335 1.55878067017 1.47538805008 0.108                                -0.033 0.103397365279 -0.0113690999786 0.0272188186646 0.00121932983399 0.0954082767156
* 258 25.8523170948 1.0 1.57 1.57079632679 0.1 0.0 0.973181247711 1.56661844254 1.47585999966 0.107                                -0.029 0.105528756694 -0.00944093138334 0.0268187522888 0.0033815574646 0.0949363271382
* 259 25.9528870583 1.0 1.58 1.57079632679 0.1 0.0 0.973902225494 1.57498788834 1.47713255882 0.105                                -0.021 0.107081304352 -0.00727738853865 0.0260977745056 0.00501211166382 0.0936637679723
* 260 26.053563118 1.0 1.59 1.57079632679 0.1 0.0 0.97244644165 1.58594560623 1.47646903992 0.105                                -0.018 0.106266124681 -0.0127442783508 0.0275535583496 0.00405439376831 0.0943272868779
* 261 26.154489994 1.0 1.6 1.57079632679 0.1 0.0 0.97244644165 1.58594560623 1.47646903992 0.106                                -0.013 0.116340427686 -0.0089767796534 0.0275535583496 0.0140543937683 0.0943272868779
* 262 26.2552900314 1.0 1.61 1.57079632679 0.1 0.0 0.968952655792 1.60812091827 1.47382462025 0.106                                -0.013 0.104464612095 -0.0247497292431 0.0310473442078 0.00187908172608 0.096971706548
* 263 26.3559520245 1.0 1.62 1.57079632679 0.1 0.0 0.969488620758 1.61766529083 1.47373998165 0.109                                -0.013 0.104872759274 -0.0223520508537 0.0305113792419 0.00233470916748 0.0970563451436
* 264 26.4565229416 1.0 1.63 1.57079632679 0.1 0.0 0.97402715683 1.63384151459 1.473706007 0.106                                -0.017 0.0982077974209 -0.00664314658424 0.0259728431702 -0.0038415145874 0.0970903197911
* 265 26.557033062 1.0 1.64 1.57079632679 0.1 0.0 0.975044250488 1.64012622833 1.47481894493 0.105                                -0.018 0.101832664249 -0.00228968734096 0.0249557495117 -0.000126228332518 0.0959773818639
* 266 26.6574730873 1.0 1.65 1.57079632679 0.1 0.0 0.975044250488 1.64012622833 1.47481894493 0.102                                -0.012 0.111905380816 0.0015435165757 0.0249557495117 0.00987377166748 0.0959773818639
* 267 26.7591710091 1.0 1.66 1.57079632679 0.1 0.0 0.976431846619 1.66047382355 1.47898721695 0.103                                -0.009 0.101287901721 -0.00114505857638 0.0235681533813 -0.000473823547362 0.0918091098454
* 268 26.8619229794 1.0 1.67 1.57079632679 0.1 0.0 0.975273609161 1.67125988007 1.47764647007 0.105                                -0.004 0.100624452839 -0.00468450140771 0.0247263908386 -0.00125988006592 0.093149856725
* 269 26.9627079964 1.0 1.68 1.57079632679 0.1 0.0 0.974495410919 1.6822977066 1.47714042664 0.104                                -0.002 0.0996604404047 -0.00765766979845 0.0255045890808 -0.002297706604 0.0936559001592
* 270 27.0669739246 1.0 1.69 1.57079632679 0.1 0.0 0.97399520874 1.6901140213 1.47598040104 0.102                                -0.005 0.101927314616 -0.0076481545128 0.0260047912598 -0.000114021301268 0.0948159257558
* 271 27.1722259521 1.0 1.7 1.57079632679 0.1 0.0 0.97598028183 1.70229911804 1.47694957256 0.101                                -0.005 0.099521371676 -0.00155164411071 0.0240197181702 -0.00229911804199 0.0938467542317
* 272 27.2729289532 1.0 1.71 1.57079632679 0.1 0.0 0.977710723877 1.71111679077 1.47737419605 0.101                                -0.007 0.100542835316 0.00535150494634 0.022289276123 -0.00111679077148 0.0934221307423
* 273 27.3734540939 1.0 1.72 1.57079632679 0.1 0.0 0.978762626648 1.71891880035 1.47973930836 0.101                                -0.005 0.102629458763 0.00793892097661 0.0212373733521 0.001081199646 0.0910570184377
* 274 27.4740519524 1.0 1.73 1.57079632679 0.1 0.0 0.980368614197 1.73080921173 1.48059463501 0.101                                -0.001 0.100567401518 0.0127798167557 0.0196313858032 -0.000809211730956 0.0902016917851
* 275 27.5756149292 1.0 1.74 1.57079632679 0.1 0.0 0.978586673737 1.74049663544 1.48315227032 0.101                                0.003 0.101012248824 0.00319112014956 0.0214133262634 -0.00049663543701 0.0876440564778
* 276 27.6762781143 1.0 1.75 1.57079632679 0.1 0.0 0.975744724274 1.75299930573 1.48189139366 0.101                                0.007 0.0987612224807 -0.00773766466852 0.0242552757263 -0.0029993057251 0.0889049331334
* 277 27.7776710987 1.0 1.76 1.57079632679 0.1 0.0 0.976112365723 1.7644033432 1.48206055164 0.1                                0.004 0.0973103770463 -0.00694119459387 0.0238876342773 -0.00440334320068 0.0887357751515
* 278 27.8780899048 1.0 1.77 1.57079632679 0.1 0.0 0.977374076843 1.77218055725 1.48154425621 0.1                                -0.0 0.0994449695419 -0.000604157322637 0.0226259231567 -0.00218055725098 0.0892520705846
* 279 27.9788200855 1.0 1.78 1.57079632679 0.1 0.0 0.978620052338 1.78135204315 1.48138713837 0.098                                -0.002 0.100169649852 0.00481464542437 0.0213799476624 -0.00135204315185 0.0894091884282
* 280 28.0793550014 1.0 1.79 1.57079632679 0.1 0.0 0.977857112885 1.78905200958 1.4836012125 0.098                                -0.002 0.102527054189 0.000330416026728 0.0221428871155 0.000947990417482 0.0871951142934
* 281 28.18029809 1.0 1.8 1.57079632679 0.1 0.0 0.980963230133 1.79978942871 1.48501908779 0.099                                0.0 0.101495013376 0.0110055070749 0.0190367698669 0.000210571289064 0.0857772390035
* 282 28.2807500362 1.0 1.81 1.57079632679 0.1 0.0 0.983005523682 1.81033039093 1.48783767223 0.1                                0.001 0.100747928875 0.0160946238528 0.0169944763184 -0.000330390930174 0.0829586545613
* 283 28.3813490868 1.0 1.82 1.57079632679 0.1 0.0 0.982583522797 1.82111358643 1.48847007751 0.1                                0.003 0.0999875559473 0.0135120534851 0.0174164772034 -0.00111358642578 0.0823262492802
* 284 28.4819791317 1.0 1.83 1.57079632679 0.1 0.0 0.979659080505 1.83024406433 1.48730278015 0.1                                0.009 0.10112212707 0.00332786964541 0.0203409194946 -0.000244064331053 0.0834935466435
* 285 28.5824449062 1.0 1.84 1.57079632679 0.1 0.0 0.9806599617 1.8385181427 1.48755991459 0.1                                0.01 0.102775245515 0.0076298147116 0.0193400382996 0.00148185729981 0.083236412206
* 286 28.6829030514 1.0 1.85 1.57079632679 0.1 0.0 0.979899406433 1.84942722321 1.48648107052 0.1                                0.007 0.101935280018 0.00539723612681 0.0201005935669 0.000572776794435 0.0843152562764
* 287 28.7839140892 1.0 1.86 1.57079632679 0.1 0.0 0.979236602783 1.86169433594 1.48693072796 0.101                                0.008 0.0997000547493 0.00153661529136 0.0207633972168 -0.0016943359375 0.0838655988362
* 288 28.8844530582 1.0 1.87 1.57079632679 0.1 0.0 0.980169773102 1.87077903748 1.48784565926 0.101                                0.006 0.100533181125 0.00463381546995 0.0198302268982 -0.000779037475584 0.0829506675389
* 289 28.9852130413 1.0 1.88 1.57079632679 0.1 0.0 0.982249259949 1.88025665283 1.49037241936 0.1                                0.005 0.10086095561 0.0105273369488 0.0177507400513 -0.00025665283203 0.0804239074376
* 290 29.0857489109 1.0 1.89 1.57079632679 0.1 0.0 0.983567714691 1.89055347443 1.4917216301 0.1                                0.005 0.100442704075 0.0143193336349 0.0164322853088 -0.000553474426268 0.0790746966985
* 291 29.1864299774 1.0 1.9 1.57079632679 0.1 0.0 0.982455253601 1.90157413483 1.49237525463 0.101                                0.009 0.0994955113057 0.00889996952697 0.0175447463989 -0.00157413482666 0.0784210721639
* 292 29.2870371342 1.0 1.91 1.57079632679 0.1 0.0 0.98277425766 1.91372966766 1.49154675007 0.1                                0.01 0.0973037985354 0.0103271617965 0.0172257423401 -0.00372966766357 0.0792495767262
* 293 29.3874590397 1.0 1.92 1.57079632679 0.1 0.0 0.983222007751 1.9220867157 1.49157035351 0.099                                0.009 0.0989250446299 0.0126089949309 0.0167779922485 -0.00208671569824 0.0792259732869
* 294 29.4880290031 1.0 1.93 1.57079632679 0.1 0.0 0.983429431915 1.93288898468 1.49111628532 0.099                                0.01 0.0981032313515 0.0136387555898 0.0165705680847 -0.00288898468017 0.0796800414708
* 295 29.5885770321 1.0 1.94 1.57079632679 0.1 0.0 0.982080936432 1.94193172455 1.49165701866 0.098                                0.01 0.0991718834545 0.00802056977332 0.0179190635681 -0.00193172454834 0.0791393081334
* 296 29.6889920235 1.0 1.95 1.57079632679 0.1 0.0 0.982322692871 1.94997501373 1.49232649803 0.098                                0.011 0.10111973087 0.00892207463952 0.0176773071289 2.49862670914e-05 0.0784698287633
* 297 29.7894730568 1.0 1.96 1.57079632679 0.1 0.0 0.984398365021 1.96290397644 1.49516272545 0.098                                0.009 0.0979768436408 0.0134299794142 0.0156016349792 -0.00290397644043 0.0756336013463
* 298 29.890182972 1.0 1.97 1.57079632679 0.1 0.0 0.983743190765 1.97084903717 1.49604105949 0.099                                0.009 0.100092580885 0.0105477440991 0.0162568092346 -0.000849037170409 0.0747552673009
* 299 29.9909200668 1.0 1.98 1.57079632679 0.1 0.0 0.984807491302 1.97830867767 1.49566113949 0.099                                0.012 0.10257855928 0.0159407138905 0.0151925086975 0.00169132232666 0.0751351873067
* 300 30.0921449661 1.0 1.99 1.57079632679 0.1 0.0 0.985132694244 1.99207019806 1.49647712708 0.099                                0.012 0.0987519272888 0.0152858227905 0.0148673057556 -0.00207019805908 0.0743191997197
* 301 30.1928539276 1.0 2.0 1.57079632679 0.1 0.0 0.985144138336 2.00008106232 1.49530518055 0.1                                0.012 0.100767180428 0.0171130116712 0.0148558616638 -8.10623168932e-05 0.0754911462453
* 302 30.2932851315 1.0 2.01 1.57079632679 0.1 0.0 0.983521938324 2.0115404129 1.49605834484 0.099                                0.013 0.0994114729428 0.00944119222861 0.016478061676 -0.00154041290283 0.0747379819539
* 303 30.3937330246 1.0 2.02 1.57079632679 0.1 0.0 0.984104633331 2.02142333984 1.49730241299 0.1                                0.013 0.0994747074342 0.0105427301851 0.0158953666687 -0.00142333984375 0.0734939138081
* 304 30.4942500591 1.0 2.03 1.57079632679 0.1 0.0 0.985495567322 2.03291416168 1.49874675274 0.099                                0.013 0.0978558713514 0.0142027059911 0.0145044326782 -0.00291416168213 0.0720495740559
* 305 30.5946850777 1.0 2.04 1.57079632679 0.1 0.0 0.987534999847 2.04399585724 1.50127327442 0.099                                0.011 0.0966009057051 0.0195025096006 0.0124650001526 -0.00399585723877 0.0695230523732
* 306 30.6951720715 1.0 2.05 1.57079632679 0.1 0.0 0.987408161163 2.0511636734 1.50026988983 0.098                                0.012 0.0994746830578 0.0207975852659 0.0125918388367 -0.00116367340088 0.0705264369634
* 307 30.7957570553 1.0 2.06 1.57079632679 0.1 0.0 0.985800743103 2.06214046478 1.49992728233 0.098                                0.018 0.0986058624028 0.0144537097901 0.014199256897 -0.00214046478271 0.0708690444615
* 308 30.8963251114 1.0 2.07 1.57079632679 0.1 0.0 0.985487937927 2.07528114319 1.49993109703 0.098                                0.017 0.0954580805196 0.0123122719034 0.0145120620728 -0.00528114318848 0.0708652297643
* 309 30.9968550205 1.0 2.08 1.57079632679 0.1 0.0 0.987226963043 2.08013153076 1.50169253349 0.098                                0.015 0.100521029962 0.0189215886808 0.0127730369568 -0.000131530761719 0.0691037933019
* 310 31.0975410938 1.0 2.09 1.57079632679 0.1 0.0 0.985760211945 2.08801746368 1.50180363655 0.097                                0.015 0.102756879874 0.0135387384417 0.0142397880554 0.00198253631592 0.068992690244
* 311 31.198018074 1.0 2.1 1.57079632679 0.1 0.0 0.986922264099 2.10116004944 1.50386834145 0.098                                0.014 0.0994899028375 0.0152222043614 0.0130777359009 -0.00116004943848 0.066927985349
* 312 31.2986149788 1.0 2.11 1.57079632679 0.1 0.0 0.987901210785 2.11237430573 1.50694692135 0.1                                0.015 0.0981796837435 0.0157085324306 0.0120987892151 -0.0023743057251 0.0638494054463
* 313 31.3992540836 1.0 2.12 1.57079632679 0.1 0.0 0.989106655121 2.12257766724 1.50845003128 0.099                                0.014 0.0978891781095 0.0189588787982 0.0108933448792 -0.00257766723633 0.0623462955144
* 314 31.4999239445 1.0 2.13 1.57079632679 0.1 0.0 0.988547325134 2.13075733185 1.50773310661 0.098                                0.015 0.0997667486041 0.0179049436496 0.0114526748657 -0.000757331848146 0.0630632201817
* 315 31.6003499031 1.0 2.14 1.57079632679 0.1 0.0 0.988831996918 2.14075374603 1.50718891621 0.098                                0.017 0.0997549351653 0.0195928543993 0.0111680030823 -0.000753746032716 0.0636074105885
* 316 31.7008860111 1.0 2.15 1.57079632679 0.1 0.0 0.99029302597 2.15324401855 1.50907468796 0.098                                0.017 0.0971390097393 0.0229035499577 0.00970697402954 -0.00324401855469 0.0617216388371
* 317 31.8020291328 1.0 2.16 1.57079632679 0.1 0.0 0.98813867569 2.16222763062 1.50783479214 0.098                                0.018 0.0983073371039 0.0158006558085 0.0118613243103 -0.00222763061524 0.0629615346578
* 318 31.9025349617 1.0 2.17 1.57079632679 0.1 0.0 0.986661434174 2.17316627502 1.50950479507 0.098                                0.02 0.097440973089 0.00799281385625 0.0133385658264 -0.00316627502442 0.0612915317204
* 319 32.0037579536 1.0 2.18 1.57079632679 0.1 0.0 0.989815235138 2.18339538574 1.5118906498 0.098                                0.017 0.0970033728022 0.0181403865782 0.0101847648621 -0.00339538574219 0.0589056769994
* 320 32.1042981148 1.0 2.19 1.57079632679 0.1 0.0 0.99071931839 2.19399642944 1.51325559616 0.097                                0.014 0.0963371789293 0.0202465151543 0.00928068161011 -0.00399642944336 0.057540730634
* 321 32.2050769329 1.0 2.2 1.57079632679 0.1 0.0 0.990159511566 2.20260238647 1.51600754261 0.097                                0.016 0.0977657754873 0.0155694204284 0.00984048843384 -0.00260238647461 0.0547887841847
* 322 32.3061499596 1.0 2.21 1.57079632679 0.1 0.0 0.98846578598 2.21093082428 1.51471269131 0.096                                0.017 0.0995565796281 0.010479625987 0.0115342140198 -0.000930824279788 0.0560836354878
* 323 32.4068529606 1.0 2.22 1.57079632679 0.1 0.0 0.988406181335 2.21974277496 1.51180148125 0.097                                0.017 0.100777604652 0.0134646548879 0.0115938186646 0.000257225036618 0.0589948455479
* 324 32.5076041222 1.0 2.23 1.57079632679 0.1 0.0 0.988395690918 2.22986125946 1.51428878307 0.098                                0.013 0.100643758864 0.0108698081185 0.011604309082 0.000138740539547 0.0565075437215
* 325 32.6080400944 1.0 2.24 1.57079632679 0.1 0.0 0.987954616547 2.24190044403 1.51581680775 0.099                                0.013 0.0985985040577 0.00710889823233 0.0120453834534 -0.00190044403077 0.054979519048
* 326 32.708687067 1.0 2.25 1.57079632679 0.1 0.0 0.987939357758 2.25089359283 1.516528368 0.099                                0.012 0.0996118532933 0.00654988562049 0.0120606422424 -0.000893592834477 0.0542679587987
* 327 32.8092210293 1.0 2.26 1.57079632679 0.1 0.0 0.988108634949 2.26226520538 1.51796102524 0.099                                0.009 0.0982069088427 0.00548797296214 0.0118913650513 -0.0022652053833 0.0528353015569
* 328 32.9098639488 1.0 2.27 1.57079632679 0.1 0.0 0.991499423981 2.27259922028 1.51929247379 0.099                                0.007 0.0976834979176 0.017625776083 0.00850057601929 -0.00259922027588 0.0515038530019
* 329 33.0102689266 1.0 2.28 1.57079632679 0.1 0.0 0.98868227005 2.28052711487 1.52033913136 0.098                                0.008 0.099917634532 0.00573944624239 0.01131772995 -0.000527114868169 0.0504571954396
* 330 33.1112160683 1.0 2.29 1.57079632679 0.1 0.0 0.986955165863 2.29004001617 1.51817762852 0.098                                0.012 0.100515427795 0.00113084235936 0.013044834137 -4.00161743213e-05 0.0526186982777
* 331 33.2119810581 1.0 2.3 1.57079632679 0.1 0.0 0.989332675934 2.30025196075 1.51821315289 0.099                                0.008 0.100174519766 0.0105471398404 0.0106673240662 -0.0002519607544 0.0525831739095
* 332 33.3124611378 1.0 2.31 1.57079632679 0.1 0.0 0.988955020905 2.31035041809 1.5200150013 0.099                                0.006 0.100084274902 0.00719297588707 0.0110449790955 -0.000350418090826 0.0507813254979
* 333 33.4132709503 1.0 2.32 1.57079632679 0.1 0.0 0.988700866699 2.32180023193 1.5204988718 0.1                                0.008 0.0986289867278 0.00539603481352 0.0112991333008 -0.0018002319336 0.0502974549916
* 334 33.5138559341 1.0 2.33 1.57079632679 0.1 0.0 0.988305568695 2.33342266083 1.52192544937 0.099                                0.007 0.0969993560813 0.00206316814913 0.0116944313049 -0.00342266082764 0.0488708774236
* 335 33.6146070957 1.0 2.34 1.57079632679 0.1 0.0 0.990038394928 2.34286117554 1.52324783802 0.099                                0.006 0.0974740734948 0.00777032915221 0.00996160507202 -0.00286117553712 0.0475484887746
* 336 33.7152349949 1.0 2.35 1.57079632679 0.1 0.0 0.990358829498 2.3518409729 1.52480435371 0.098                                0.004 0.0984818396501 0.00767814196844 0.00964117050171 -0.0018409729004 0.0459919730809
* 337 33.815901041 1.0 2.36 1.57079632679 0.1 0.0 0.990660667419 2.36067295074 1.52521085739 0.097                                0.006 0.0996465126223 0.00868806495591 0.00933933258057 -0.000672950744635 0.0455854694035
* 338 33.9165189266 1.0 2.37 1.57079632679 0.1 0.0 0.988575458527 2.37162590027 1.52301692963 0.098                                0.008 0.0987946194427 0.00239271625534 0.0114245414734 -0.00162590026856 0.0477793971684
* 339 34.0173389912 1.0 2.38 1.57079632679 0.1 0.0 0.989166259766 2.38237476349 1.52414166927 0.098                                0.006 0.0980019983574 0.00348037282111 0.0108337402344 -0.00237476348878 0.0466546575215
* 340 34.1178269386 1.0 2.39 1.57079632679 0.1 0.0 0.989938259125 2.38987064362 1.52573823929 0.098                                0.005 0.100487887891 0.00541276995612 0.0100617408752 0.00012935638427 0.0450580875066
* 341 34.218460083 1.0 2.4 1.57079632679 0.1 0.0 0.988115787506 2.40142917633 1.526247859 0.098                                0.005 0.098991559862 -0.00266439416498 0.0118842124939 -0.00142917633057 0.0445484677937
* 342 34.3190491199 1.0 2.41 1.57079632679 0.1 0.0 0.988919734955 2.41000747681 1.52768301964 0.098                                0.003 0.100382773189 -0.000653565129624 0.0110802650452 -7.47680664803e-06 0.0431133071568
* 343 34.4197261333 1.0 2.42 1.57079632679 0.1 0.0 0.989227294922 2.41971492767 1.52904498577 0.099                                0.0 0.100656083417 -0.000756287021193 0.0107727050781 0.000285072326653 0.0417513410237
* 344 34.5204660892 1.0 2.43 1.57079632679 0.1 0.0 0.990360736847 2.42952632904 1.53045415878 0.099                                -0.0 0.100790968629 0.0023741374072 0.00963926315308 0.000473670959465 0.0403421680119
* 345 34.621060133 1.0 2.44 1.57079632679 0.1 0.0 0.991714477539 2.43885135651 1.52912211418 0.099                                0.0 0.101423822297 0.00924944351825 0.00828552246094 0.00114864349364 0.0416742126134
* 346 34.7215240002 1.0 2.45 1.57079632679 0.1 0.0 0.989269256592 2.4484910965 1.5282907486 0.1                                0.002 0.101896619668 0.000384886453907 0.0107307434082 0.00150890350341 0.0425055781987
* 347 34.8240330219 1.0 2.46 1.57079632679 0.1 0.0 0.99018907547 2.45959758759 1.5293494463 0.1                                0.002 0.10073234819 0.0027979943569 0.00981092453003 0.000402412414542 0.0414468804982
* 348 34.9266879559 1.0 2.47 1.57079632679 0.1 0.0 0.989317417145 2.46776485443 1.53090286255 0.1                                0.001 0.102611579354 -0.00197040986721 0.0106825828552 0.00223514556884 0.0398934642461
* 349 35.0273110867 1.0 2.48 1.57079632679 0.1 0.0 0.989532470703 2.47932624817 1.53142118454 0.101                                0.002 0.101020719676 -0.00188673227915 0.0104675292969 0.000673751831046 0.0393751422551
* 350 35.1278729439 1.0 2.49 1.57079632679 0.1 0.0 0.99031829834 2.48829746246 1.53271377087 0.101                                0.0 0.102022104391 9.73946568243e-05 0.00968170166016 0.00170253753661 0.0380825559285
* 351 35.2283599377 1.0 2.5 1.57079632679 0.1 0.0 0.99124288559 2.49818611145 1.53244972229 0.101                                -0.0 0.102100390795 0.00407948634366 0.0087571144104 0.0018138885498 0.0383466045049
* 352 35.3290040493 1.0 2.51 1.57079632679 0.1 0.0 0.989988803864 2.50635242462 1.53397619724 0.101                                -0.0 0.10399373296 -0.00222119600119 0.0100111961365 0.00364757537841 0.0368201295522
* 353 35.429639101 1.0 2.52 1.57079632679 0.1 0.0 0.989557743073 2.51933765411 1.53321564198 0.102                                0.002 0.100996181492 -0.00361101438575 0.0104422569275 0.000662345886221 0.0375806848195
* 354 35.530534029 1.0 2.53 1.57079632679 0.1 0.0 0.990240573883 2.53059196472 1.53182566166 0.102                                -0.0 0.0997102734418 0.000335222033164 0.00975942611694 -0.00059196472169 0.0389706651357
* 355 35.6337029934 1.0 2.54 1.57079632679 0.1 0.0 0.988911151886 2.53763771057 1.53395819664 0.101                                -0.002 0.102734274091 -0.0066997223567 0.011088848114 0.0023622894287 0.0368381301549
* 356 35.7349860668 1.0 2.55 1.57079632679 0.1 0.0 0.990242481232 2.54817867279 1.5355322361 0.101                                -0.0 0.102127858801 -0.00306420220808 0.00975751876831 0.00182132720946 0.0352640906957
* 357 35.8356220722 1.0 2.56 1.57079632679 0.1 0.0 0.989605426788 2.55987262726 1.53616547585 0.101                                -0.002 0.100433050244 -0.00649176520306 0.0103945732117 0.000127372741689 0.0346308509496
* 358 35.9361670017 1.0 2.57 1.57079632679 0.1 0.0 0.989109039307 2.56768131256 1.53799331188 0.101                                -0.003 0.102652740559 -0.0100419043109 0.0108909606934 0.00231868743895 0.0328030149129
* 359 36.0368189812 1.0 2.58 1.57079632679 0.1 0.0 0.989066123962 2.57553863525 1.53773379326 0.101                                -0.004 0.104823212133 -0.00966476182874 0.0109338760376 0.00446136474608 0.0330625335362
* 360 36.137403965 1.0 2.59 1.57079632679 0.1 0.0 0.988395690918 2.58390140533 1.53694796562 0.101                                -0.006 0.10650792528 -0.0113129631685 0.011604309082 0.00609859466552 0.0338483611729
* 361 36.2380011082 1.0 2.6 1.57079632679 0.1 0.0 0.989346027374 2.59601306915 1.5351998806 0.103                                -0.006 0.10435227236 -0.00600026060137 0.0106539726257 0.00398693084716 0.0355964461949
* 362 36.3387191296 1.0 2.61 1.57079632679 0.1 0.0 0.987656116486 2.60589504242 1.5360916853 0.104                                -0.009 0.104524622418 -0.0136574448456 0.0123438835144 0.00410495758055 0.0347046414998
* 363 36.439399004 1.0 2.62 1.57079632679 0.1 0.0 0.987641811371 2.6162405014 1.53610312939 0.104                                -0.008 0.104175653461 -0.0137743495694 0.0123581886292 0.00375949859618 0.034693197408
* 364 36.5399849415 1.0 2.63 1.57079632679 0.1 0.0 0.988105773926 2.62557125092 1.53872108459 0.104                                -0.009 0.104813832117 -0.0145264539672 0.0118942260742 0.00442874908446 0.0320752422002
* 365 36.6411399841 1.0 2.64 1.57079632679 0.1 0.0 0.98898601532 2.63330936432 1.53846621513 0.104                                -0.011 0.107074920227 -0.0104520582695 0.0110139846802 0.00669063568114 0.0323301116612
* 366 36.7423729897 1.0 2.65 1.57079632679 0.1 0.0 0.988693237305 2.64151096344 1.53792703152 0.104                                -0.013 0.108907657235 -0.0108253196943 0.0113067626953 0.00848903656005 0.0328692952779
* 367 36.843198061 1.0 2.66 1.57079632679 0.1 0.0 0.990090847015 2.6528301239 1.53754103184 0.105                                -0.011 0.10752950357 -0.00500913458505 0.00990915298462 0.00716987609862 0.0332552949574
* 368 36.9440410137 1.0 2.67 1.57079632679 0.1 0.0 0.991396903992 2.66756534576 1.53810930252 0.106                                -0.01 0.102693476947 -0.000998789208848 0.0086030960083 0.00243465423583 0.0326870242741
* 369 37.044768095 1.0 2.68 1.57079632679 0.1 0.0 0.990790367126 2.67765903473 1.53790581226 0.106                                -0.008 0.10261999234 -0.00322782031703 0.00920963287354 0.00234096527098 0.0328905145314
* 370 37.1459131241 1.0 2.69 1.57079632679 0.1 0.0 0.989901065826 2.68574905396 1.5369809866 0.104                                -0.006 0.104587534075 -0.00557904555746 0.0100989341736 0.00425094604491 0.0338153401997
* 371 37.2467200756 1.0 2.7 1.57079632679 0.1 0.0 0.989086151123 2.69392204285 1.53871619701 0.104                                -0.004 0.106450076746 -0.010390332066 0.010913848877 0.00607795715331 0.032080129781
* 372 37.3476381302 1.0 2.71 1.57079632679 0.1 0.0 0.986310482025 2.70610332489 1.54083967209 0.104                                -0.006 0.104311444126 -0.0239526450042 0.0136895179749 0.00389667510985 0.0299566547063
* 373 37.4482400417 1.0 2.72 1.57079632679 0.1 0.0 0.988773345947 2.71448898315 1.53950977325 0.104                                -0.008 0.105880464598 -0.0125353030502 0.0112266540527 0.00551101684569 0.0312865535405
* 374 37.5487790108 1.0 2.73 1.57079632679 0.1 0.0 0.987438201904 2.72215938568 1.53819048405 0.104                                -0.013 0.108291174809 -0.0162032736631 0.0125617980957 0.00784061431883 0.032605842748
* 375 37.6492390633 1.0 2.74 1.57079632679 0.1 0.0 0.98675775528 2.73716449738 1.53856408596 0.105                                -0.012 0.103247739171 -0.0199592165111 0.0132422447205 0.0028355026245 0.0322322408345
* 376 37.749753952 1.0 2.75 1.57079632679 0.1 0.0 0.987247943878 2.74751472473 1.53936982155 0.105                                -0.014 0.102869769079 -0.0188692880597 0.0127520561218 0.00248527526854 0.0314265052464
* 377 37.8503401279 1.0 2.76 1.57079632679 0.1 0.0 0.986567020416 2.75683498383 1.53928494453 0.104                                -0.016 0.103579807192 -0.0214190965537 0.0134329795837 0.0031650161743 0.0315113822606
* 378 37.9511210918 1.0 2.77 1.57079632679 0.1 0.0 0.984137535095 2.7667093277 1.53974068165 0.104                                -0.018 0.103778517149 -0.0315844514523 0.0158624649048 0.00329067230223 0.0310556451466
* 379 38.0534329414 1.0 2.78 1.57079632679 0.1 0.0 0.984432697296 2.77467918396 1.53864586353 0.103                                -0.019 0.105836205688 -0.0290189009492 0.0155673027039 0.00532081604002 0.0321504632619
* 380 38.1540629864 1.0 2.79 1.57079632679 0.1 0.0 0.984751224518 2.78067111969 1.5392768383 0.103                                -0.024 0.109872090912 -0.0278933546015 0.0152487754822 0.00932888031004 0.0315194884923
* 381 38.254693985 1.0 2.8 1.57079632679 0.1 0.0 0.985201358795 2.79039478302 1.53919911385 0.104                                -0.025 0.110138124472 -0.0259770960757 0.0147986412048 0.00960521697996 0.0315972129491
* 382 38.3551490307 1.0 2.81 1.57079632679 0.1 0.0 0.986121177673 2.80313110352 1.53931665421 0.106                                -0.025 0.107339885873 -0.0227678160649 0.0138788223267 0.00686889648436 0.0314796725896
* 383 38.455728054 1.0 2.82 1.57079632679 0.1 0.0 0.987215518951 2.81788730621 1.54035723209 0.107                                -0.025 0.102484311415 -0.020054843038 0.0127844810486 0.0021126937866 0.0304390947011
* 384 38.5565319061 1.0 2.83 1.57079632679 0.1 0.0 0.984417438507 2.82921886444 1.54054999352 0.107                                -0.024 0.101221218402 -0.0316001081956 0.0155825614929 0.000781135559066 0.0302463332799
* 385 38.657337904 1.0 2.84 1.57079632679 0.1 0.0 0.983170032501 2.83703231812 1.53939294815 0.105                                -0.023 0.103487032259 -0.0351359736705 0.0168299674988 0.00296768188475 0.0314033786443
* 386 38.7580900192 1.0 2.85 1.57079632679 0.1 0.0 0.983147144318 2.84555053711 1.53956115246 0.103                                -0.028 0.104984160432 -0.0352149382034 0.0168528556824 0.00444946289061 0.0312351743367
* 387 38.8587510586 1.0 2.86 1.57079632679 0.1 0.0 0.984424591064 2.85607624054 1.54010629654 0.103                                -0.03 0.104405241404 -0.0307345651392 0.0155754089355 0.00392375946043 0.0306900302556
* 388 38.9593930244 1.0 2.87 1.57079632679 0.1 0.0 0.985133171082 2.8603143692 1.5399068594 0.103                                -0.032 0.110213422112 -0.0269844584243 0.0148668289185 0.00968563079832 0.030889467397
* 389 39.0601520538 1.0 2.88 1.57079632679 0.1 0.0 0.984940052032 2.87101650238 1.53875684738 0.103                                -0.03 0.109522858079 -0.0266360926101 0.0150599479675 0.00898349761961 0.0320394794133
* 390 39.1608700752 1.0 2.89 1.57079632679 0.1 0.0 0.98384475708 2.88404846191 1.53875696659 0.106                                -0.028 0.106491809053 -0.0314036507683 0.0161552429199 0.00595153808592 0.032039360204
* 391 39.2614650726 1.0 2.9 1.57079632679 0.1 0.0 0.984263420105 2.90242576599 1.53993344307 0.107                                -0.028 0.0979902360652 -0.0319847177429 0.015736579895 -0.00242576599123 0.0308628837254
* 392 39.3620100021 1.0 2.91 1.57079632679 0.1 0.0 0.985106468201 2.9118719101 1.54043364525 0.106                                -0.029 0.098518073736 -0.0290491052908 0.0148935317993 -0.00187191009523 0.0303626815465
* 393 39.4625809193 1.0 2.92 1.57079632679 0.1 0.0 0.985950946808 2.92020511627 1.54006385803 0.103                                -0.03 0.100182158165 -0.0250958157649 0.0140490531921 -0.000205116271991 0.0307324687627
* 394 39.5630850792 1.0 2.93 1.57079632679 0.1 0.0 0.983881950378 2.92628955841 1.53987514973 0.101                                -0.029 0.104209359828 -0.0326924964411 0.0161180496216 0.00371044158934 0.030921177068
* 395 39.6636469364 1.0 2.94 1.57079632679 0.1 0.0 0.983955860138 2.93226337433 1.53910768032 0.101                                -0.028 0.108289175768 -0.0310971957545 0.0160441398621 0.00773662567137 0.0316886464742
* 396 39.7641251087 1.0 2.95 1.57079632679 0.1 0.0 0.983778476715 2.93867778778 1.53767383099 0.102                                -0.03 0.111939746188 -0.0298330885689 0.0162215232849 0.0113222122192 0.0331224958089
* 397 39.8655171394 1.0 2.96 1.57079632679 0.1 0.0 0.982810974121 2.94694232941 1.53845059872 0.105                                -0.03 0.113716740004 -0.0342994184211 0.0171890258789 0.0130576705932 0.0323457280782
* 398 39.9661009312 1.0 2.97 1.57079632679 0.1 0.0 0.985854148865 2.96803188324 1.53733825684 0.107                                -0.03 0.102413361963 -0.0224312018516 0.0141458511353 0.00196811676023 0.033458069959
* 399 40.0667080879 1.0 2.98 1.57079632679 0.1 0.0 0.987066745758 2.98473834991 1.53701877594 0.108                                -0.03 0.0955928020804 -0.0181631075372 0.0129332542419 -0.00473834991457 0.033777550855
* 400 40.1674320698 1.0 2.99 1.57079632679 0.1 0.0 0.986926078796 2.99307632446 1.53709864616 0.105                                -0.026 0.0972777063491 -0.0185809221423 0.0130739212036 -0.00307632446291 0.033697680631
* 401 40.26781106 1.0 3.0 1.57079632679 0.1 0.0 0.984901428223 2.99841403961 1.53651487827 0.101                                -0.024 0.102068853704 -0.0254509820616 0.0150985717773 0.00158596038816 0.0342814485219
