### Ensaio do Controlador Embarcado da Base ###

# Parâmetros #

# Número do Ensaio: 2
# Frequência de Amostragem: 50.0 Hz
# Número de Amostras: 500
# Velocidade de Referência Esquerda: 15.00 RPM
# Velocidade de Referência Direita: 15.00 RPM

* 1 1488569813.26663 15.000 0.00000 15.000 0.00000 0.00000 0.00000 89.95437 0.00000 0.00000
* 2 1488569813.28667 15.000 2.07613 15.000 0.62014 0.00000 0.00000 89.95437 0.01200 -0.03200
* 3 1488569813.30666 15.000 5.67116 15.000 4.21517 0.00000 0.00000 89.89708 0.04400 -0.03200
* 4 1488569813.32671 15.000 9.55913 15.000 7.96664 0.00000 0.00200 89.83978 0.07800 -0.03500
* 5 1488569813.34677 15.000 12.25259 15.000 11.11510 0.00000 0.00400 89.83978 0.10400 -0.02500
* 6 1488569813.36686 15.000 13.84395 15.000 13.34346 0.00000 0.00600 89.83978 0.12100 -0.01100
* 7 1488569813.38779 15.000 14.60340 15.000 14.83090 0.00000 0.00900 89.83978 0.13100 0.00500
* 8 1488569813.40778 15.000 15.09688 15.000 15.46087 0.00000 0.01100 89.83978 0.13600 0.00800
* 9 1488569813.42782 15.000 15.25332 15.000 15.75381 0.00000 0.01400 89.83978 0.13800 0.01100
* 10 1488569813.44787 15.000 15.25332 15.000 15.75381 0.00000 0.01700 89.83978 0.13800 0.01100
* 11 1488569813.46785 15.000 15.32297 15.000 15.45947 0.00000 0.02000 89.83978 0.13700 0.00300
* 12 1488569813.48789 15.000 15.18928 15.000 15.14378 0.00000 0.02200 89.83978 0.13500 -0.00100
* 13 1488569813.50789 15.000 15.18928 15.000 15.14378 0.00000 0.02500 89.83978 0.13500 -0.00100
* 14 1488569813.52892 15.000 15.03144 15.000 15.07694 0.00000 0.02800 89.83978 0.13400 0.00100
* 15 1488569813.54900 15.000 14.78259 15.000 15.10109 0.00000 0.03100 89.83978 0.13300 0.00700
* 16 1488569813.56894 15.000 14.82950 15.000 14.82950 0.00000 0.03300 89.83978 0.13200 0.00000
* 17 1488569813.58896 15.000 14.85365 15.000 14.58065 0.00000 0.03600 89.83978 0.13100 -0.00600
* 18 1488569813.60898 15.000 15.21624 15.000 14.44275 0.00000 0.03800 89.83978 0.13200 -0.01700
* 19 1488569813.62899 15.000 15.28449 15.000 14.37450 0.00000 0.04100 89.83978 0.13200 -0.02000
* 20 1488569813.64997 15.000 15.23618 15.000 14.87219 0.00000 0.04400 89.78249 0.13400 -0.00800
* 21 1488569813.66999 15.000 14.94184 15.000 14.94184 0.00000 0.04600 89.78249 0.13300 -0.00000
* 22 1488569813.68998 15.000 14.78400 15.000 14.87500 0.00000 0.04900 89.78249 0.13200 0.00200
* 23 1488569813.71002 15.000 14.67165 15.000 14.76265 0.00000 0.05200 89.78249 0.13100 0.00200
* 24 1488569813.73004 15.000 14.87500 15.000 14.78400 0.00000 0.05400 89.78249 0.13200 -0.00200
* 25 1488569813.75000 15.000 15.21484 15.000 14.66884 0.00000 0.05700 89.78249 0.13300 -0.01200
* 26 1488569813.77003 15.000 15.23478 15.000 15.09828 0.00000 0.06000 89.78249 0.13500 -0.00300
* 27 1488569813.79110 15.000 15.27887 15.000 15.27887 0.00000 0.06200 89.78249 0.13600 -0.00000
* 28 1488569813.81107 15.000 14.93903 15.000 15.39403 0.00000 0.06500 89.78249 0.13500 0.01000
* 29 1488569813.83107 15.000 14.75844 15.000 15.34993 0.00000 0.06800 89.83978 0.13400 0.01300
* 30 1488569813.85114 15.000 14.78119 15.000 15.32718 0.00000 0.07100 89.83978 0.13400 0.01200
* 31 1488569813.87113 15.000 15.05419 15.000 15.05419 0.00000 0.07300 89.83978 0.13400 -0.00000
* 32 1488569813.89112 15.000 15.28028 15.000 15.05278 0.00000 0.07600 89.83978 0.13500 -0.00500
* 33 1488569813.91214 15.000 15.12243 15.000 14.98594 0.00000 0.07900 89.83978 0.13400 -0.00300
* 34 1488569813.93214 15.000 14.49246 15.000 14.49246 0.00000 0.08100 89.83978 0.12900 -0.00000
* 35 1488569813.95214 15.000 14.38012 15.000 14.38012 0.00000 0.08400 89.83978 0.12800 -0.00000
* 36 1488569813.97224 15.000 13.99758 15.000 14.08858 0.00000 0.08700 89.83978 0.12500 0.00200
* 37 1488569813.99219 15.000 13.79424 15.000 14.06724 0.00000 0.08900 89.83978 0.12400 0.00600
* 38 1488569814.01217 15.000 13.68190 15.000 13.95489 0.00000 0.09200 89.83978 0.12300 0.00600
* 39 1488569814.03214 15.000 13.39177 15.000 13.34627 0.00000 0.09500 89.83978 0.11900 -0.00100
* 40 1488569814.05326 15.000 13.27942 15.000 13.23392 0.00000 0.09700 89.83978 0.11800 -0.00100
* 41 1488569814.07324 15.000 12.87554 15.000 12.73904 0.00000 0.10000 89.83978 0.11400 -0.00300
* 42 1488569814.09327 15.000 12.26972 15.000 11.99673 0.00000 0.10300 89.83978 0.10800 -0.00600
* 43 1488569814.11326 15.000 12.24697 15.000 12.01947 0.00000 0.10500 89.83978 0.10800 -0.00500
* 44 1488569814.13331 15.000 11.99953 15.000 11.81754 0.00000 0.10800 89.83978 0.10600 -0.00400
* 45 1488569814.15326 15.000 11.75209 15.000 11.61560 0.00000 0.11100 89.83978 0.10400 -0.00300
* 46 1488569814.17525 15.000 14.85084 15.000 15.03284 0.00000 0.11500 89.83978 0.13300 0.00400
* 47 1488569814.19534 15.000 14.94044 15.000 15.16793 0.00000 0.11700 89.83978 0.13400 0.00500
* 48 1488569814.21538 15.000 15.20922 15.000 15.57322 0.00000 0.12000 89.83978 0.13700 0.00800
* 49 1488569814.23529 15.000 15.20782 15.000 15.79931 0.00000 0.12300 89.83978 0.13800 0.01300
* 50 1488569814.25534 15.000 15.27887 15.000 15.27887 0.00000 0.12600 89.83978 0.13600 -0.00000
* 51 1488569814.27529 15.000 15.28028 15.000 15.05278 0.00000 0.12800 89.83978 0.13500 -0.00500
* 52 1488569814.29533 15.000 15.12243 15.000 14.98594 0.00000 0.13100 89.83978 0.13400 -0.00300
* 53 1488569814.31536 15.000 14.94044 15.000 15.16793 0.00000 0.13400 89.83978 0.13400 0.00500
* 54 1488569814.33539 15.000 14.75984 15.000 15.12384 0.00000 0.13600 89.83978 0.13300 0.00800
* 55 1488569814.35635 15.000 14.67025 15.000 14.98874 0.00000 0.13900 89.83978 0.13200 0.00700
* 56 1488569814.37641 15.000 15.00869 15.000 15.09968 0.00000 0.14200 89.83978 0.13400 0.00200
* 57 1488569814.39648 15.000 15.16793 15.000 14.94044 0.00000 0.14400 89.83978 0.13400 -0.00500
* 58 1488569814.41642 15.000 15.19068 15.000 14.91769 0.00000 0.14700 89.83978 0.13400 -0.00600
* 59 1488569814.43645 15.000 15.16653 15.000 15.16653 0.00000 0.15000 89.83978 0.13500 -0.00000
* 60 1488569814.45647 15.000 14.85084 15.000 15.03284 0.00000 0.15200 89.83978 0.13300 0.00400
* 61 1488569814.47645 15.000 14.75984 15.000 15.12384 0.00000 0.15500 89.83978 0.13300 0.00800
* 62 1488569814.49757 15.000 14.89634 15.000 14.98734 0.00000 0.15800 89.83978 0.13300 0.00200
* 63 1488569814.51757 15.000 15.21484 15.000 14.66884 0.00000 0.16000 89.83978 0.13300 -0.01200
* 64 1488569814.53753 15.000 15.12524 15.000 14.53375 0.00000 0.16300 89.83978 0.13200 -0.01300
* 65 1488569814.55757 15.000 15.12243 15.000 14.98594 0.00000 0.16600 89.83978 0.13400 -0.00300
* 66 1488569814.57759 15.000 15.00869 15.000 15.09968 0.00000 0.16800 89.83978 0.13400 0.00200
* 67 1488569814.59757 15.000 14.78259 15.000 15.10109 0.00000 0.17100 89.83978 0.13300 0.00700
* 68 1488569814.61756 15.000 14.71575 15.000 14.94324 0.00000 0.17400 89.83978 0.13200 0.00500
* 69 1488569814.63854 15.000 15.05419 15.000 15.05419 0.00000 0.17600 89.83978 0.13400 -0.00000
* 70 1488569814.65857 15.000 15.14378 15.000 15.18928 0.00000 0.17900 89.83978 0.13500 0.00100
* 71 1488569814.67857 15.000 15.12243 15.000 14.98594 0.00000 0.18200 89.83978 0.13400 -0.00300
* 72 1488569814.69857 15.000 15.09968 15.000 15.00869 0.00000 0.18500 89.83978 0.13400 -0.00200
* 73 1488569814.71857 15.000 14.89634 15.000 14.98734 0.00000 0.18700 89.83978 0.13300 0.00200
* 74 1488569814.73861 15.000 14.82809 15.000 15.05559 0.00000 0.19000 89.83978 0.13300 0.00500
* 75 1488569814.75877 15.000 14.89634 15.000 14.98734 0.00000 0.19300 89.83978 0.13300 0.00200
* 76 1488569814.77865 15.000 15.16793 15.000 14.94044 0.00000 0.19500 89.83978 0.13400 -0.00500
* 77 1488569814.79967 15.000 15.16934 15.000 14.71434 0.00000 0.19800 89.83978 0.13300 -0.01000
* 78 1488569814.81969 15.000 15.28168 15.000 14.82669 0.00000 0.20100 89.83978 0.13400 -0.01000
* 79 1488569814.83967 15.000 14.98874 15.000 14.67025 0.00000 0.20300 89.83978 0.13200 -0.00700
* 80 1488569814.85966 15.000 14.85365 15.000 14.58065 0.00000 0.20600 89.83978 0.13100 -0.00600
* 81 1488569814.87973 15.000 14.76265 15.000 14.67165 0.00000 0.20900 89.78249 0.13100 -0.00200
* 82 1488569814.89971 15.000 15.10109 15.000 14.78259 0.00000 0.21100 89.78249 0.13300 -0.00700
* 83 1488569814.92075 15.000 15.16934 15.000 14.71434 0.00000 0.21400 89.78249 0.13300 -0.01000
* 84 1488569814.93985 15.000 15.12243 15.000 14.98594 0.00000 0.21700 89.78249 0.13400 -0.00300
* 85 1488569814.96074 15.000 14.94044 15.000 15.16793 0.00000 0.21900 89.78249 0.13400 0.00500
* 86 1488569814.98073 15.000 14.82669 15.000 15.28168 0.00000 0.22200 89.78249 0.13400 0.01000
* 87 1488569815.00072 15.000 14.77978 15.000 15.55328 0.00000 0.22500 89.83978 0.13500 0.01700
* 88 1488569815.02080 15.000 15.09688 15.000 15.46087 0.00000 0.22700 89.83978 0.13600 0.00800
* 89 1488569815.04092 15.000 15.23478 15.000 15.09828 0.00000 0.23000 89.83978 0.13500 -0.00300
* 90 1488569815.06177 15.000 15.19068 15.000 14.91769 0.00000 0.23300 89.83978 0.13400 -0.00600
* 91 1488569815.08181 15.000 14.92050 15.000 14.73850 0.00000 0.23500 89.83978 0.13200 -0.00400
* 92 1488569815.10183 15.000 14.46971 15.000 14.51521 0.00000 0.23800 89.83978 0.12900 0.00100
* 93 1488569815.12184 15.000 14.08718 15.000 14.22368 0.00000 0.24100 89.83978 0.12600 0.00300
* 94 1488569815.14178 15.000 13.81839 15.000 13.81839 0.00000 0.24300 89.83978 0.12300 0.00000
* 95 1488569815.16188 15.000 13.97624 15.000 13.88524 0.00000 0.24600 89.83978 0.12400 -0.00200
* 96 1488569815.18285 15.000 13.52686 15.000 13.43586 0.00000 0.24900 89.83978 0.12000 -0.00200
* 97 1488569815.20288 15.000 13.30357 15.000 12.98508 0.00000 0.25100 89.78249 0.11700 -0.00700
* 98 1488569815.22286 15.000 13.12298 15.000 12.94098 0.00000 0.25400 89.78249 0.11600 -0.00400
* 99 1488569815.24284 15.000 12.85420 15.000 12.53570 0.00000 0.25700 89.78249 0.11300 -0.00700
* 100 1488569815.26284 15.000 12.67360 15.000 12.49160 0.00000 0.25900 89.78249 0.11200 -0.00400
* 101 1488569815.28294 15.000 12.13463 15.000 11.90713 0.00000 0.26200 89.78249 0.10700 -0.00500
* 102 1488569815.30392 15.000 11.95544 15.000 11.63694 0.00000 0.26500 89.78249 0.10500 -0.00700
* 103 1488569815.32398 15.000 11.70660 15.000 11.66110 0.00000 0.26700 89.78249 0.10400 -0.00100
* 104 1488569815.34399 15.000 11.45916 15.000 11.45916 0.00000 0.27000 89.78249 0.10200 -0.00000
* 105 1488569815.36497 15.000 14.78119 15.000 15.32718 0.00000 0.27400 89.78249 0.13400 0.01200
* 106 1488569815.38493 15.000 15.12103 15.000 15.21203 0.00000 0.27700 89.78249 0.13500 0.00200
* 107 1488569815.40499 15.000 15.18788 15.000 15.36987 0.00000 0.27900 89.83978 0.13600 0.00400
* 108 1488569815.42500 15.000 15.18788 15.000 15.36987 0.00000 0.28200 89.83978 0.13600 0.00400
* 109 1488569815.44504 15.000 15.25472 15.000 15.52772 0.00000 0.28500 89.83978 0.13700 0.00600
* 110 1488569815.46504 15.000 15.18788 15.000 15.36987 0.00000 0.28800 89.83978 0.13600 0.00400
* 111 1488569815.48504 15.000 15.12384 15.000 14.75984 0.00000 0.29000 89.83978 0.13300 -0.00800
* 112 1488569815.50504 15.000 15.28730 15.000 13.92231 0.00000 0.29300 89.78249 0.13000 -0.03000
* 113 1488569815.52507 15.000 15.21905 15.000 13.99056 0.00000 0.29600 89.78249 0.13000 -0.02700
* 114 1488569815.54511 15.000 14.85646 15.000 14.12847 0.00000 0.29800 89.72519 0.12900 -0.01600
* 115 1488569815.56509 15.000 14.80815 15.000 14.62615 0.00000 0.30100 89.72519 0.13100 -0.00400
* 116 1488569815.58522 15.000 14.75984 15.000 15.12384 0.00000 0.30300 89.72519 0.13300 0.00800
* 117 1488569815.60615 15.000 14.73569 15.000 15.37268 0.00000 0.30600 89.72519 0.13400 0.01400
* 118 1488569815.62616 15.000 15.09688 15.000 15.46087 0.00000 0.30900 89.78249 0.13600 0.00800
* 119 1488569815.64621 15.000 15.32157 15.000 15.68556 0.00000 0.31200 89.78249 0.13800 0.00800
* 120 1488569815.66616 15.000 15.20922 15.000 15.57322 0.00000 0.31400 89.78249 0.13700 0.00800
* 121 1488569815.68621 15.000 14.91488 15.000 15.64287 0.00000 0.31700 89.78249 0.13600 0.01600
* 122 1488569815.70623 15.000 14.73428 15.000 15.59878 0.00000 0.32000 89.83978 0.13500 0.01900
* 123 1488569815.72719 15.000 14.73569 15.000 15.37268 0.00000 0.32300 89.83978 0.13400 0.01400
* 124 1488569815.74719 15.000 15.16653 15.000 15.16653 0.00000 0.32500 89.83978 0.13500 -0.00000
* 125 1488569815.76719 15.000 15.16793 15.000 14.94044 0.00000 0.32800 89.83978 0.13400 -0.00500
* 126 1488569815.78724 15.000 15.19068 15.000 14.91769 0.00000 0.33100 89.83978 0.13400 -0.00600
* 127 1488569815.80724 15.000 14.98734 15.000 14.89634 0.00000 0.33300 89.83978 0.13300 -0.00200
* 128 1488569815.82724 15.000 14.82950 15.000 14.82950 0.00000 0.33600 89.83978 0.13200 0.00000
* 129 1488569815.84725 15.000 14.85225 15.000 14.80675 0.00000 0.33900 89.83978 0.13200 -0.00100
* 130 1488569815.86731 15.000 14.85225 15.000 14.80675 0.00000 0.34100 89.83978 0.13200 -0.00100
* 131 1488569815.88829 15.000 15.19068 15.000 14.91769 0.00000 0.34400 89.83978 0.13400 -0.00600
* 132 1488569815.90827 15.000 15.16793 15.000 14.94044 0.00000 0.34700 89.78249 0.13400 -0.00500
* 133 1488569815.92828 15.000 15.12384 15.000 14.75984 0.00000 0.34900 89.78249 0.13300 -0.00800
* 134 1488569815.94829 15.000 14.85225 15.000 14.80675 0.00000 0.35200 89.78249 0.13200 -0.00100
* 135 1488569815.96837 15.000 14.73990 15.000 14.69440 0.00000 0.35500 89.78249 0.13100 -0.00100
* 136 1488569815.98836 15.000 14.76125 15.000 14.89775 0.00000 0.35700 89.78249 0.13200 0.00300
* 137 1488569816.00930 15.000 15.14238 15.000 15.41537 0.00000 0.36000 89.78249 0.13600 0.00600
* 138 1488569816.02924 15.000 15.32297 15.000 15.45947 0.00000 0.36300 89.83978 0.13700 0.00300
* 139 1488569816.04933 15.000 15.21063 15.000 15.34712 0.00000 0.36500 89.83978 0.13600 0.00300
* 140 1488569816.06938 15.000 14.94184 15.000 14.94184 0.00000 0.36800 89.83978 0.13300 0.00000
* 141 1488569816.08937 15.000 14.76125 15.000 14.89775 0.00000 0.37100 89.83978 0.13200 0.00300
* 142 1488569816.11039 15.000 14.71575 15.000 14.94324 0.00000 0.37300 89.83978 0.13200 0.00500
* 143 1488569816.13049 15.000 15.09968 15.000 15.00869 0.00000 0.37600 89.83978 0.13400 -0.00200
* 144 1488569816.15042 15.000 15.19068 15.000 14.91769 0.00000 0.37900 89.83978 0.13400 -0.00600
* 145 1488569816.17043 15.000 15.19068 15.000 14.91769 0.00000 0.38100 89.83978 0.13400 -0.00600
* 146 1488569816.19051 15.000 14.87500 15.000 14.78400 0.00100 0.38400 89.78249 0.13200 -0.00200
* 147 1488569816.21048 15.000 14.73990 15.000 14.69440 0.00100 0.38700 89.78249 0.13100 -0.00100
* 148 1488569816.23052 15.000 14.67165 15.000 14.76265 0.00100 0.38900 89.78249 0.13100 0.00200
* 149 1488569816.25049 15.000 14.82950 15.000 14.82950 0.00100 0.39200 89.78249 0.13200 0.00000
* 150 1488569816.27145 15.000 15.23478 15.000 15.09828 0.00100 0.39500 89.78249 0.13500 -0.00300
* 151 1488569816.29152 15.000 15.30303 15.000 15.03003 0.00100 0.39700 89.78249 0.13500 -0.00600
* 152 1488569816.31149 15.000 15.25612 15.000 15.30162 0.00100 0.40000 89.78249 0.13600 0.00100
* 153 1488569816.33149 15.000 14.48965 15.000 14.94465 0.00100 0.40300 89.78249 0.13100 0.01000
* 154 1488569816.35148 15.000 14.15262 15.000 14.60762 0.00100 0.40600 89.83978 0.12800 0.01000
* 155 1488569816.37161 15.000 13.90658 15.000 14.17958 0.00100 0.40800 89.83978 0.12500 0.00600
* 156 1488569816.39261 15.000 13.90799 15.000 13.95349 0.00100 0.41100 89.83978 0.12400 0.00100
* 157 1488569816.41258 15.000 13.59511 15.000 13.36761 0.00100 0.41400 89.83978 0.12000 -0.00500
* 158 1488569816.43260 15.000 13.52826 15.000 13.20977 0.00100 0.41600 89.83978 0.11900 -0.00700
* 159 1488569816.45269 15.000 13.21258 15.000 13.07608 0.00100 0.41900 89.83978 0.11700 -0.00300
* 160 1488569816.47258 15.000 13.12298 15.000 12.94098 0.00100 0.42200 89.83978 0.11600 -0.00400
* 161 1488569816.49261 15.000 12.78595 15.000 12.60395 0.00100 0.42400 89.83978 0.11300 -0.00400
* 162 1488569816.51258 15.000 12.26972 15.000 11.99673 0.00100 0.42700 89.78249 0.10800 -0.00600
* 163 1488569816.53274 15.000 12.13322 15.000 12.13322 0.00100 0.43000 89.78249 0.10800 -0.00000
* 164 1488569816.55296 15.000 11.84169 15.000 11.75069 0.00100 0.43200 89.78249 0.10500 -0.00200
* 165 1488569816.57363 15.000 11.88719 15.000 11.70519 0.00100 0.43500 89.78249 0.10500 -0.00400
* 166 1488569816.59358 15.000 11.66250 15.000 11.48050 0.00100 0.43800 89.78249 0.10300 -0.00400
* 167 1488569816.61469 15.000 15.03284 15.000 14.85084 0.00100 0.44100 89.78249 0.13300 -0.00400
* 168 1488569816.63469 15.000 15.05559 15.000 14.82809 0.00100 0.44400 89.78249 0.13300 -0.00500
* 169 1488569816.65472 15.000 15.18928 15.000 15.14378 0.00100 0.44700 89.78249 0.13500 -0.00100
* 170 1488569816.67474 15.000 15.32297 15.000 15.45947 0.00100 0.45000 89.78249 0.13700 0.00300
* 171 1488569816.69469 15.000 15.18928 15.000 15.14378 0.00100 0.45200 89.78249 0.13500 -0.00100
* 172 1488569816.71473 15.000 15.25612 15.000 15.30162 0.00100 0.45500 89.78249 0.13600 0.00100
* 173 1488569816.73491 15.000 15.09828 15.000 15.23478 0.00100 0.45800 89.78249 0.13500 0.00300
* 174 1488569816.75481 15.000 14.94044 15.000 15.16793 0.00100 0.46000 89.78249 0.13400 0.00500
* 175 1488569816.77480 15.000 14.82669 15.000 15.28168 0.00100 0.46300 89.78249 0.13400 0.01000
* 176 1488569816.79579 15.000 14.82669 15.000 15.28168 0.00100 0.46600 89.83978 0.13400 0.01000
* 177 1488569816.81576 15.000 14.89634 15.000 14.98734 0.00100 0.46900 89.83978 0.13300 0.00200
* 178 1488569816.83579 15.000 15.12384 15.000 14.75984 0.00100 0.47100 89.83978 0.13300 -0.00800
* 179 1488569816.85578 15.000 15.16793 15.000 14.94044 0.00100 0.47400 89.78249 0.13400 -0.00500
* 180 1488569816.87581 15.000 15.05559 15.000 14.82809 0.00100 0.47700 89.78249 0.13300 -0.00500
* 181 1488569816.89584 15.000 14.89634 15.000 14.98734 0.00100 0.47900 89.78249 0.13300 0.00200
* 182 1488569816.91584 15.000 14.82950 15.000 14.82950 0.00100 0.48200 89.78249 0.13200 0.00000
* 183 1488569816.93692 15.000 14.82950 15.000 14.82950 0.00100 0.48500 89.78249 0.13200 0.00000
* 184 1488569816.95683 15.000 15.10249 15.000 14.55650 0.00100 0.48700 89.78249 0.13200 -0.01200
* 185 1488569816.97683 15.000 15.17074 15.000 14.48825 0.00100 0.49000 89.78249 0.13200 -0.01500
* 186 1488569816.99681 15.000 15.28028 15.000 15.05278 0.00100 0.49300 89.78249 0.13500 -0.00500
* 187 1488569817.01682 15.000 15.00869 15.000 15.09968 0.00100 0.49500 89.78249 0.13400 0.00200
* 188 1488569817.03685 15.000 14.78259 15.000 15.10109 0.00100 0.49800 89.78249 0.13300 0.00700
* 189 1488569817.05682 15.000 14.82809 15.000 15.05559 0.00100 0.50100 89.78249 0.13300 0.00500
* 190 1488569817.07685 15.000 14.75984 15.000 15.12384 0.00100 0.50300 89.78249 0.13300 0.00800
* 191 1488569817.09687 15.000 15.18788 15.000 15.36987 0.00100 0.50600 89.78249 0.13600 0.00400
* 192 1488569817.11783 15.000 15.27747 15.000 15.50497 0.00100 0.50900 89.83978 0.13700 0.00500
* 193 1488569817.13785 15.000 15.27747 15.000 15.50497 0.00100 0.51100 89.83978 0.13700 0.00500
* 194 1488569817.15786 15.000 15.09968 15.000 15.00869 0.00100 0.51400 89.83978 0.13400 -0.00200
* 195 1488569817.17786 15.000 14.89634 15.000 14.98734 0.00100 0.51700 89.83978 0.13300 0.00200
* 196 1488569817.19785 15.000 14.67165 15.000 14.76265 0.00100 0.51900 89.83978 0.13100 0.00200
* 197 1488569817.21789 15.000 14.82809 15.000 15.05559 0.00100 0.52200 89.83978 0.13300 0.00500
* 198 1488569817.23791 15.000 14.89634 15.000 14.98734 0.00100 0.52500 89.83978 0.13300 0.00200
* 199 1488569817.25794 15.000 15.16653 15.000 15.16653 0.00100 0.52800 89.83978 0.13500 -0.00000
* 200 1488569817.27794 15.000 15.28028 15.000 15.05278 0.00100 0.53000 89.83978 0.13500 -0.00500
* 201 1488569817.29795 15.000 15.19068 15.000 14.91769 0.00100 0.53300 89.83978 0.13400 -0.00600
* 202 1488569817.31805 15.000 14.82950 15.000 14.82950 0.00100 0.53600 89.83978 0.13200 0.00000
* 203 1488569817.33905 15.000 14.71575 15.000 14.94324 0.00100 0.53800 89.83978 0.13200 0.00500
* 204 1488569817.35910 15.000 14.76125 15.000 14.89775 0.00100 0.54100 89.83978 0.13200 0.00300
* 205 1488569817.37912 15.000 15.05559 15.000 14.82809 0.00100 0.54400 89.83978 0.13300 -0.00500
* 206 1488569817.39908 15.000 15.19068 15.000 14.91769 0.00100 0.54600 89.83978 0.13400 -0.00600
* 207 1488569817.41917 15.000 15.28028 15.000 15.05278 0.00100 0.54900 89.78249 0.13500 -0.00500
* 208 1488569817.43914 15.000 15.09968 15.000 15.00869 0.00100 0.55200 89.78249 0.13400 -0.00200
* 209 1488569817.45919 15.000 14.78259 15.000 15.10109 0.00100 0.55400 89.83978 0.13300 0.00700
* 210 1488569817.47924 15.000 14.71434 15.000 15.16934 0.00100 0.55700 89.83978 0.13300 0.01000
* 211 1488569817.50021 15.000 14.78259 15.000 15.10109 0.00100 0.56000 89.83978 0.13300 0.00700
* 212 1488569817.52016 15.000 15.03144 15.000 15.07694 0.00100 0.56200 89.83978 0.13400 0.00100
* 213 1488569817.54018 15.000 15.23478 15.000 15.09828 0.00100 0.56500 89.83978 0.13500 -0.00300
* 214 1488569817.56024 15.000 15.18928 15.000 15.14378 0.00100 0.56800 89.83978 0.13500 -0.00100
* 215 1488569817.58025 15.000 15.00728 15.000 15.32578 0.00100 0.57000 89.83978 0.13500 0.00700
* 216 1488569817.60025 15.000 14.66884 15.000 15.21484 0.00100 0.57300 89.83978 0.13300 0.01200
* 217 1488569817.62126 15.000 14.75984 15.000 15.12384 0.00100 0.57600 89.83978 0.13300 0.00800
* 218 1488569817.64130 15.000 14.85225 15.000 14.80675 0.00100 0.57800 89.83978 0.13200 -0.00100
* 219 1488569817.66130 15.000 15.12243 15.000 14.98594 0.00100 0.58100 89.83978 0.13400 -0.00300
* 220 1488569817.68130 15.000 15.23478 15.000 15.09828 0.00100 0.58400 89.83978 0.13500 -0.00300
* 221 1488569817.70129 15.000 15.23478 15.000 15.09828 0.00100 0.58700 89.83978 0.13500 -0.00300
* 222 1488569817.72133 15.000 15.05559 15.000 14.82809 0.00100 0.58900 89.83978 0.13300 -0.00500
* 223 1488569817.74136 15.000 14.38012 15.000 14.38012 0.00100 0.59200 89.83978 0.12800 -0.00000
* 224 1488569817.76142 15.000 13.97624 15.000 13.88524 0.00100 0.59500 89.83978 0.12400 -0.00200
* 225 1488569817.78232 15.000 13.84114 15.000 13.79564 0.00100 0.59700 89.83978 0.12300 -0.00100
* 226 1488569817.80234 15.000 13.72880 15.000 13.68330 0.00100 0.60000 89.83978 0.12200 -0.00100
* 227 1488569817.82235 15.000 13.72880 15.000 13.68330 0.00100 0.60300 89.83978 0.12200 -0.00100
* 228 1488569817.84238 15.000 13.36902 15.000 13.36902 0.00100 0.60500 89.83978 0.11900 0.00000
* 229 1488569817.86240 15.000 13.16708 15.000 13.12158 0.00100 0.60800 89.83978 0.11700 -0.00100
* 230 1488569817.88243 15.000 13.05473 15.000 13.00923 0.00100 0.61100 89.83978 0.11600 -0.00100
* 231 1488569817.90255 15.000 12.69495 15.000 12.69495 0.00100 0.61300 89.83978 0.11300 0.00000
* 232 1488569817.92346 15.000 12.44751 15.000 12.49301 0.00100 0.61600 89.83978 0.11100 0.00100
* 233 1488569817.94343 15.000 12.26832 15.000 12.22282 0.00100 0.61900 89.83978 0.10900 -0.00100
* 234 1488569817.96344 15.000 12.06778 15.000 11.74929 0.00100 0.62100 89.83978 0.10600 -0.00700
* 235 1488569817.98355 15.000 12.00094 15.000 11.59144 0.00100 0.62400 89.83978 0.10500 -0.00900
* 236 1488569818.00347 15.000 11.68665 15.000 11.23166 0.00100 0.62700 89.83978 0.10200 -0.01000
* 237 1488569818.02551 15.000 14.82809 15.000 15.05559 0.00100 0.63100 89.83978 0.13300 0.00500
* 238 1488569818.04562 15.000 15.07553 15.000 15.25753 0.00100 0.63300 89.83978 0.13500 0.00400
* 239 1488569818.06559 15.000 15.25612 15.000 15.30162 0.00100 0.63600 89.83978 0.13600 0.00100
* 240 1488569818.08450 15.000 15.27747 15.000 15.50497 0.00100 0.63900 89.83978 0.13700 0.00500
* 241 1488569818.10455 15.000 15.27747 15.000 15.50497 0.00100 0.64100 89.83978 0.13700 0.00500
* 242 1488569818.12456 15.000 15.25612 15.000 15.30162 0.00100 0.64400 89.83978 0.13600 0.00100
* 243 1488569818.14558 15.000 15.25612 15.000 15.30162 0.00100 0.64700 89.83978 0.13600 0.00100
* 244 1488569818.16562 15.000 14.89494 15.000 15.21343 0.00100 0.65000 89.83978 0.13400 0.00700
* 245 1488569818.18560 15.000 14.85084 15.000 15.03284 0.00100 0.65200 89.83978 0.13300 0.00400
* 246 1488569818.20565 15.000 14.76125 15.000 14.89775 0.00100 0.65500 89.83978 0.13200 0.00300
* 247 1488569818.22566 15.000 14.96319 15.000 15.14518 0.00100 0.65800 89.83978 0.13400 0.00400
* 248 1488569818.24565 15.000 15.18928 15.000 15.14378 0.00100 0.66000 89.83978 0.13500 -0.00100
* 249 1488569818.26559 15.000 15.25612 15.000 15.30162 0.00100 0.66300 89.83978 0.13600 0.00100
* 250 1488569818.28663 15.000 15.12243 15.000 14.98594 0.00100 0.66600 89.83978 0.13400 -0.00300
* 251 1488569818.30663 15.000 14.89634 15.000 14.98734 0.00100 0.66800 89.83978 0.13300 0.00200
* 252 1488569818.32668 15.000 14.80815 15.000 14.62615 0.00100 0.67100 89.83978 0.13100 -0.00400
* 253 1488569818.34664 15.000 14.87500 15.000 14.78400 0.00100 0.67400 89.83978 0.13200 -0.00200
* 254 1488569818.36675 15.000 14.82809 15.000 15.05559 0.00100 0.67600 89.83978 0.13300 0.00500
* 255 1488569818.38675 15.000 15.03144 15.000 15.07694 0.00100 0.67900 89.83978 0.13400 0.00100
* 256 1488569818.40679 15.000 15.28028 15.000 15.05278 0.00100 0.68200 89.83978 0.13500 -0.00500
* 257 1488569818.42768 15.000 15.16793 15.000 14.94044 0.00100 0.68400 89.83978 0.13400 -0.00500
* 258 1488569818.44690 15.000 15.16793 15.000 14.94044 0.00100 0.68700 89.83978 0.13400 -0.00500
* 259 1488569818.46771 15.000 14.85084 15.000 15.03284 0.00100 0.69000 89.83978 0.13300 0.00400
* 260 1488569818.48781 15.000 14.89634 15.000 14.98734 0.00100 0.69200 89.83978 0.13300 0.00200
* 261 1488569818.50779 15.000 14.78400 15.000 14.87500 0.00100 0.69500 89.83978 0.13200 0.00200
* 262 1488569818.52780 15.000 15.01009 15.000 14.87359 0.00100 0.69800 89.83978 0.13300 -0.00300
* 263 1488569818.54786 15.000 15.19068 15.000 14.91769 0.00100 0.70000 89.83978 0.13400 -0.00600
* 264 1488569818.56882 15.000 15.28028 15.000 15.05278 0.00100 0.70300 89.83978 0.13500 -0.00500
* 265 1488569818.58891 15.000 15.18928 15.000 15.14378 0.00100 0.70600 89.83978 0.13500 -0.00100
* 266 1488569818.60882 15.000 14.82669 15.000 15.28168 0.00100 0.70900 89.83978 0.13400 0.01000
* 267 1488569818.62882 15.000 14.82809 15.000 15.05559 0.00100 0.71100 89.83978 0.13300 0.00500
* 268 1488569818.64883 15.000 14.78400 15.000 14.87500 0.00100 0.71400 89.83978 0.13200 0.00200
* 269 1488569818.66883 15.000 14.85084 15.000 15.03284 0.00100 0.71700 89.83978 0.13300 0.00400
* 270 1488569818.68990 15.000 15.16793 15.000 14.94044 0.00100 0.71900 89.83978 0.13400 -0.00500
* 271 1488569818.70986 15.000 15.19068 15.000 14.91769 0.00100 0.72200 89.83978 0.13400 -0.00600
* 272 1488569818.72994 15.000 15.12384 15.000 14.75984 0.00100 0.72500 89.83978 0.13300 -0.00800
* 273 1488569818.74993 15.000 14.98734 15.000 14.89634 0.00100 0.72700 89.83978 0.13300 -0.00200
* 274 1488569818.76993 15.000 14.85225 15.000 14.80675 0.00100 0.73000 89.83978 0.13200 -0.00100
* 275 1488569818.78999 15.000 14.82950 15.000 14.82950 0.00100 0.73300 89.83978 0.13200 0.00000
* 276 1488569818.80995 15.000 14.85225 15.000 14.80675 0.00100 0.73500 89.83978 0.13200 -0.00100
* 277 1488569818.83092 15.000 15.05559 15.000 14.82809 0.00100 0.73800 89.83978 0.13300 -0.00500
* 278 1488569818.85103 15.000 15.12384 15.000 14.75984 0.00100 0.74100 89.78249 0.13300 -0.00800
* 279 1488569818.87100 15.000 15.28168 15.000 14.82669 0.00100 0.74300 89.78249 0.13400 -0.01000
* 280 1488569818.89100 15.000 14.92050 15.000 14.73850 0.00100 0.74600 89.78249 0.13200 -0.00400
* 281 1488569818.91100 15.000 14.85084 15.000 15.03284 0.00100 0.74900 89.78249 0.13300 0.00400
* 282 1488569818.93097 15.000 14.82528 15.000 15.50778 0.00100 0.75100 89.78249 0.13500 0.01500
* 283 1488569818.95204 15.000 15.03003 15.000 15.30303 0.00100 0.75400 89.83978 0.13500 0.00600
* 284 1488569818.97203 15.000 14.71715 15.000 14.71715 0.00100 0.75700 89.83978 0.13100 0.00000
* 285 1488569818.99206 15.000 14.51521 15.000 14.46971 0.00100 0.75900 89.83978 0.12900 -0.00100
* 286 1488569819.01215 15.000 14.17677 15.000 14.35877 0.00100 0.76200 89.83978 0.12700 0.00400
* 287 1488569819.03214 15.000 14.04168 15.000 14.26918 0.00200 0.76500 89.83978 0.12600 0.00500
* 288 1488569819.05207 15.000 13.68190 15.000 13.95489 0.00200 0.76700 89.83978 0.12300 0.00600
* 289 1488569819.07210 15.000 13.39036 15.000 13.57236 0.00200 0.77000 89.83978 0.12000 0.00400
* 290 1488569819.09211 15.000 13.43586 15.000 13.52686 0.00200 0.77300 89.83978 0.12000 0.00200
* 291 1488569819.11309 15.000 13.00923 15.000 13.05473 0.00200 0.77600 89.83978 0.11600 0.00100
* 292 1488569819.13311 15.000 12.67360 15.000 12.49160 0.00200 0.77800 89.83978 0.11200 -0.00400
* 293 1488569819.15310 15.000 12.56126 15.000 12.37926 0.00200 0.78100 89.83978 0.11100 -0.00400
* 294 1488569819.17321 15.000 12.02088 15.000 12.02088 0.00200 0.78400 89.83978 0.10700 -0.00000
* 295 1488569819.19321 15.000 11.95403 15.000 11.86303 0.00200 0.78600 89.83978 0.10600 -0.00200
* 296 1488569819.21320 15.000 11.57290 15.000 11.34541 0.00200 0.78900 89.83978 0.10200 -0.00500
* 297 1488569819.23323 15.000 11.41646 15.000 11.05247 0.00200 0.79100 89.83978 0.10000 -0.00800
* 298 1488569819.25517 15.000 14.96319 15.000 15.14518 0.00200 0.79500 89.83978 0.13400 0.00400
* 299 1488569819.27522 15.000 15.14378 15.000 15.18928 0.00200 0.79800 89.83978 0.13500 0.00100
* 300 1488569819.29523 15.000 15.27887 15.000 15.27887 0.00200 0.80100 89.83978 0.13600 -0.00000
* 301 1488569819.31520 15.000 15.18928 15.000 15.14378 0.00200 0.80300 89.83978 0.13500 -0.00100
* 302 1488569819.33520 15.000 15.34712 15.000 15.21063 0.00200 0.80600 89.83978 0.13600 -0.00300
* 303 1488569819.35527 15.000 15.27887 15.000 15.27887 0.00200 0.80900 89.83978 0.13600 -0.00000
* 304 1488569819.37526 15.000 15.23478 15.000 15.09828 0.00200 0.81200 89.83978 0.13500 -0.00300
* 305 1488569819.39528 15.000 14.94044 15.000 15.16793 0.00200 0.81400 89.83978 0.13400 0.00500
* 306 1488569819.41530 15.000 14.82669 15.000 15.28168 0.00200 0.81700 89.83978 0.13400 0.01000
* 307 1488569819.43531 15.000 14.82669 15.000 15.28168 0.00200 0.82000 89.83978 0.13400 0.01000
* 308 1488569819.45530 15.000 14.82669 15.000 15.28168 0.00200 0.82200 89.83978 0.13400 0.01000
* 309 1488569819.47530 15.000 15.14378 15.000 15.18928 0.00200 0.82500 89.83978 0.13500 0.00100
* 310 1488569819.49532 15.000 15.19068 15.000 14.91769 0.00200 0.82800 89.83978 0.13400 -0.00600
* 311 1488569819.51635 15.000 15.28730 15.000 13.92231 0.00200 0.83000 89.83978 0.13000 -0.03000
* 312 1488569819.53641 15.000 14.86067 15.000 13.45018 0.00200 0.83300 89.78249 0.12600 -0.03100
* 313 1488569819.55640 15.000 14.69861 15.000 14.06162 0.00200 0.83600 89.78249 0.12800 -0.01400
* 314 1488569819.57641 15.000 14.80815 15.000 14.62615 0.00200 0.83800 89.78249 0.13100 -0.00400
* 315 1488569819.59642 15.000 14.94184 15.000 14.94184 0.00200 0.84100 89.78249 0.13300 -0.00000
* 316 1488569819.61641 15.000 15.16793 15.000 14.94044 0.00200 0.84300 89.72519 0.13400 -0.00500
* 317 1488569819.63741 15.000 15.28028 15.000 15.05278 0.00200 0.84600 89.72519 0.13500 -0.00500
* 318 1488569819.65650 15.000 15.32157 15.000 15.68556 0.00200 0.84900 89.78249 0.13800 0.00800
* 319 1488569819.67756 15.000 14.89072 15.000 15.89171 0.00200 0.85200 89.78249 0.13700 0.02200
* 320 1488569819.69745 15.000 14.77697 15.000 16.00546 0.00200 0.85400 89.78249 0.13700 0.02700
* 321 1488569819.71745 15.000 14.73148 15.000 16.05096 0.00200 0.85700 89.83978 0.13700 0.02900
* 322 1488569819.73751 15.000 14.82388 15.000 15.73387 0.00200 0.86000 89.83978 0.13600 0.02000
* 323 1488569819.75749 15.000 15.18788 15.000 15.36987 0.00200 0.86300 89.89708 0.13600 0.00400
* 324 1488569819.77753 15.000 15.19068 15.000 14.91769 0.00200 0.86500 89.89708 0.13400 -0.00600
* 325 1488569819.79757 15.000 15.23618 15.000 14.87219 0.00200 0.86800 89.83978 0.13400 -0.00800
* 326 1488569819.81852 15.000 14.92050 15.000 14.73850 0.00200 0.87100 89.83978 0.13200 -0.00400
* 327 1488569819.83857 15.000 14.76265 15.000 14.67165 0.00200 0.87300 89.83978 0.13100 -0.00200
* 328 1488569819.85856 15.000 14.67306 15.000 14.53656 0.00200 0.87600 89.83978 0.13000 -0.00300
* 329 1488569819.87853 15.000 14.92050 15.000 14.73850 0.00200 0.87900 89.83978 0.13200 -0.00400
* 330 1488569819.89861 15.000 15.23478 15.000 15.09828 0.00200 0.88100 89.83978 0.13500 -0.00300
* 331 1488569819.91863 15.000 15.18928 15.000 15.14378 0.00200 0.88400 89.83978 0.13500 -0.00100
* 332 1488569819.93961 15.000 15.09968 15.000 15.00869 0.00200 0.88700 89.83978 0.13400 -0.00200
* 333 1488569819.95872 15.000 14.89634 15.000 14.98734 0.00200 0.88900 89.83978 0.13300 0.00200
* 334 1488569819.97959 15.000 14.76125 15.000 14.89775 0.00200 0.89200 89.83978 0.13200 0.00300
* 335 1488569819.99963 15.000 14.78400 15.000 14.87500 0.00200 0.89500 89.83978 0.13200 0.00200
* 336 1488569820.01971 15.000 15.16653 15.000 15.16653 0.00200 0.89700 89.83978 0.13500 -0.00000
* 337 1488569820.03968 15.000 15.28028 15.000 15.05278 0.00200 0.90000 89.83978 0.13500 -0.00500
* 338 1488569820.05972 15.000 15.25753 15.000 15.07553 0.00200 0.90300 89.83978 0.13500 -0.00400
* 339 1488569820.07977 15.000 15.00869 15.000 15.09968 0.00200 0.90600 89.83978 0.13400 0.00200
* 340 1488569820.10070 15.000 14.78259 15.000 15.10109 0.00200 0.90800 89.83978 0.13300 0.00700
* 341 1488569820.12075 15.000 14.75984 15.000 15.12384 0.00200 0.91100 89.83978 0.13300 0.00800
* 342 1488569820.14068 15.000 14.82809 15.000 15.05559 0.00200 0.91400 89.83978 0.13300 0.00500
* 343 1488569820.16071 15.000 15.16653 15.000 15.16653 0.00200 0.91600 89.83978 0.13500 -0.00000
* 344 1488569820.18073 15.000 15.28028 15.000 15.05278 0.00200 0.91900 89.83978 0.13500 -0.00500
* 345 1488569820.20074 15.000 15.16934 15.000 14.71434 0.00200 0.92200 89.83978 0.13300 -0.01000
* 346 1488569820.22173 15.000 14.85365 15.000 14.58065 0.00200 0.92400 89.83978 0.13100 -0.00600
* 347 1488569820.24181 15.000 14.51521 15.000 14.46971 0.00200 0.92700 89.83978 0.12900 -0.00100
* 348 1488569820.26179 15.000 14.26777 15.000 14.26777 0.00200 0.93000 89.83978 0.12700 -0.00000
* 349 1488569820.28177 15.000 14.02174 15.000 13.83974 0.00200 0.93200 89.83978 0.12400 -0.00400
* 350 1488569820.30186 15.000 13.88945 15.000 13.29796 0.00200 0.93500 89.83978 0.12100 -0.01300
* 351 1488569820.32180 15.000 13.82261 15.000 13.14011 0.00200 0.93700 89.78249 0.12000 -0.01500
* 352 1488569820.34181 15.000 13.59651 15.000 13.14152 0.00200 0.94000 89.78249 0.11900 -0.01000
* 353 1488569820.36288 15.000 13.41451 15.000 13.32352 0.00200 0.94300 89.78249 0.11900 -0.00200
* 354 1488569820.38282 15.000 13.03198 15.000 13.03198 0.00200 0.94500 89.78249 0.11600 -0.00000
* 355 1488569820.40291 15.000 12.87414 15.000 12.96514 0.00200 0.94800 89.78249 0.11500 0.00200
* 356 1488569820.42289 15.000 12.58120 15.000 12.80870 0.00200 0.95100 89.78249 0.11300 0.00500
* 357 1488569820.44293 15.000 12.44751 15.000 12.49301 0.00200 0.95400 89.83978 0.11100 0.00100
* 358 1488569820.46290 15.000 12.17732 15.000 12.31382 0.00200 0.95600 89.83978 0.10900 0.00300
* 359 1488569820.48290 15.000 11.90853 15.000 11.90853 0.00200 0.95900 89.83978 0.10600 0.00000
* 360 1488569820.50387 15.000 11.81894 15.000 11.77344 0.00200 0.96200 89.83978 0.10500 -0.00100
* 361 1488569820.52392 15.000 11.59425 15.000 11.54875 0.00200 0.96400 89.83978 0.10300 -0.00100
* 362 1488569820.54494 15.000 14.75984 15.000 15.12384 0.00200 0.96800 89.83978 0.13300 0.00800
* 363 1488569820.56496 15.000 15.01009 15.000 14.87359 0.00200 0.97100 89.83978 0.13300 -0.00300
* 364 1488569820.58507 15.000 15.19068 15.000 14.91769 0.00200 0.97400 89.83978 0.13400 -0.00600
* 365 1488569820.60506 15.000 15.12243 15.000 14.98594 0.00200 0.97600 89.83978 0.13400 -0.00300
* 366 1488569820.62504 15.000 15.12384 15.000 14.75984 0.00200 0.97900 89.83978 0.13300 -0.00800
* 367 1488569820.64500 15.000 15.21484 15.000 14.66884 0.00200 0.98200 89.78249 0.13300 -0.01200
* 368 1488569820.66506 15.000 15.16934 15.000 14.71434 0.00200 0.98400 89.78249 0.13300 -0.01000
* 369 1488569820.68504 15.000 15.27887 15.000 15.27887 0.00200 0.98700 89.78249 0.13600 -0.00000
* 370 1488569820.70507 15.000 15.00728 15.000 15.32578 0.00200 0.99000 89.78249 0.13500 0.00700
* 371 1488569820.72506 15.000 14.89353 15.000 15.43953 0.00200 0.99200 89.78249 0.13500 0.01200
* 372 1488569820.74509 15.000 14.78119 15.000 15.32718 0.00200 0.99500 89.83978 0.13400 0.01200
* 373 1488569820.76513 15.000 14.85084 15.000 15.03284 0.00200 0.99800 89.83978 0.13300 0.00400
* 374 1488569820.78607 15.000 15.05559 15.000 14.82809 0.00200 1.00100 89.83978 0.13300 -0.00500
* 375 1488569820.80606 15.000 15.16793 15.000 14.94044 0.00200 1.00300 89.83978 0.13400 -0.00500
* 376 1488569820.82605 15.000 15.19068 15.000 14.91769 0.00200 1.00600 89.83978 0.13400 -0.00600
* 377 1488569820.84608 15.000 14.82950 15.000 14.82950 0.00200 1.00900 89.83978 0.13200 0.00000
* 378 1488569820.86612 15.000 14.89634 15.000 14.98734 0.00200 1.01100 89.83978 0.13300 0.00200
* 379 1488569820.88849 15.000 14.76125 15.000 14.89775 0.00200 1.01400 89.83978 0.13200 0.00300
* 380 1488569820.90617 15.000 15.12243 15.000 14.98594 0.00200 1.01700 89.83978 0.13400 -0.00300
* 381 1488569820.92717 15.000 15.18928 15.000 15.14378 0.00200 1.01900 89.83978 0.13500 -0.00100
* 382 1488569820.94719 15.000 15.23618 15.000 14.87219 0.00200 1.02200 89.78249 0.13400 -0.00800
* 383 1488569820.96724 15.000 14.94324 15.000 14.71575 0.00200 1.02500 89.78249 0.13200 -0.00500
* 384 1488569820.98726 15.000 14.87640 15.000 14.55790 0.00200 1.02700 89.78249 0.13100 -0.00700
* 385 1488569821.00726 15.000 14.82950 15.000 14.82950 0.00200 1.03000 89.78249 0.13200 0.00000
* 386 1488569821.02721 15.000 14.89353 15.000 15.43953 0.00200 1.03300 89.78249 0.13500 0.01200
* 387 1488569821.04730 15.000 15.18788 15.000 15.36987 0.00200 1.03500 89.78249 0.13600 0.00400
* 388 1488569821.06822 15.000 15.21063 15.000 15.34712 0.00200 1.03800 89.78249 0.13600 0.00300
* 389 1488569821.08829 15.000 15.25612 15.000 15.30162 0.00200 1.04100 89.83978 0.13600 0.00100
* 390 1488569821.10824 15.000 14.89634 15.000 14.98734 0.00200 1.04300 89.83978 0.13300 0.00200
* 391 1488569821.12826 15.000 14.85084 15.000 15.03284 0.00200 1.04600 89.83978 0.13300 0.00400
* 392 1488569821.14830 15.000 14.78259 15.000 15.10109 0.00200 1.04900 89.83978 0.13300 0.00700
* 393 1488569821.16830 15.000 14.94184 15.000 14.94184 0.00200 1.05100 89.83978 0.13300 0.00000
* 394 1488569821.18838 15.000 15.16793 15.000 14.94044 0.00200 1.05400 89.83978 0.13400 -0.00500
* 395 1488569821.20938 15.000 15.23618 15.000 14.87219 0.00200 1.05700 89.83978 0.13400 -0.00800
* 396 1488569821.22936 15.000 15.12243 15.000 14.98594 0.00200 1.06000 89.83978 0.13400 -0.00300
* 397 1488569821.24941 15.000 14.85084 15.000 15.03284 0.00200 1.06200 89.83978 0.13300 0.00400
* 398 1488569821.26938 15.000 14.82809 15.000 15.05559 0.00200 1.06500 89.83978 0.13300 0.00500
* 399 1488569821.28939 15.000 14.78400 15.000 14.87500 0.00200 1.06800 89.83978 0.13200 0.00200
* 400 1488569821.30940 15.000 15.10109 15.000 14.78259 0.00200 1.07000 89.83978 0.13300 -0.00700
* 401 1488569821.33034 15.000 15.19209 15.000 14.69159 0.00200 1.07300 89.78249 0.13300 -0.01100
* 402 1488569821.35038 15.000 15.28168 15.000 14.82669 0.00200 1.07600 89.78249 0.13400 -0.01000
* 403 1488569821.37036 15.000 14.94184 15.000 14.94184 0.00200 1.07800 89.78249 0.13300 -0.00000
* 404 1488569821.39044 15.000 14.85225 15.000 14.80675 0.00200 1.08100 89.78249 0.13200 -0.00100
* 405 1488569821.41045 15.000 14.76125 15.000 14.89775 0.00200 1.08400 89.78249 0.13200 0.00300
* 406 1488569821.43043 15.000 14.78259 15.000 15.10109 0.00200 1.08600 89.78249 0.13300 0.00700
* 407 1488569821.45149 15.000 15.09828 15.000 15.23478 0.00200 1.08900 89.78249 0.13500 0.00300
* 408 1488569821.47151 15.000 15.32297 15.000 15.45947 0.00200 1.09200 89.78249 0.13700 0.00300
* 409 1488569821.49149 15.000 15.25612 15.000 15.30162 0.00200 1.09400 89.83978 0.13600 0.00100
* 410 1488569821.51151 15.000 14.94184 15.000 14.94184 0.00200 1.09700 89.83978 0.13300 -0.00000
* 411 1488569821.53151 15.000 14.38012 15.000 14.38012 0.00200 1.10000 89.83978 0.12800 -0.00000
* 412 1488569821.55150 15.000 14.26777 15.000 14.26777 0.00200 1.10200 89.83978 0.12700 0.00000
* 413 1488569821.57154 15.000 13.90799 15.000 13.95349 0.00200 1.10500 89.83978 0.12400 0.00100
* 414 1488569821.59158 15.000 13.81699 15.000 14.04449 0.00200 1.10800 89.83978 0.12400 0.00500
* 415 1488569821.61250 15.000 13.86249 15.000 13.99899 0.00200 1.11000 89.83978 0.12400 0.00300
* 416 1488569821.63247 15.000 13.48276 15.000 13.25527 0.00200 1.11300 89.83978 0.11900 -0.00500
* 417 1488569821.65247 15.000 13.21398 15.000 12.84998 0.00200 1.11600 89.83978 0.11600 -0.00800
* 418 1488569821.67251 15.000 13.10163 15.000 12.73764 0.00200 1.11800 89.83978 0.11500 -0.00800
* 419 1488569821.69256 15.000 12.62810 15.000 12.53710 0.00200 1.12100 89.78249 0.11200 -0.00200
* 420 1488569821.71270 15.000 12.56126 15.000 12.37926 0.00200 1.12400 89.78249 0.11100 -0.00400
* 421 1488569821.73272 15.000 12.06638 15.000 11.97538 0.00200 1.12600 89.78249 0.10700 -0.00200
* 422 1488569821.75275 15.000 11.77484 15.000 11.59285 0.00200 1.12900 89.78249 0.10400 -0.00400
* 423 1488569821.77365 15.000 11.70660 15.000 11.66110 0.00200 1.13200 89.78249 0.10400 -0.00100
* 424 1488569821.79376 15.000 11.59565 15.000 11.32266 0.00200 1.13400 89.78249 0.10200 -0.00600
* 425 1488569821.81367 15.000 11.46056 15.000 11.23306 0.00200 1.13700 89.78249 0.10100 -0.00500
* 426 1488569821.83469 15.000 14.93903 15.000 15.39403 0.00200 1.14100 89.78249 0.13500 0.01000
* 427 1488569821.85466 15.000 15.03144 15.000 15.07694 0.00300 1.14400 89.78249 0.13400 0.00100
* 428 1488569821.87461 15.000 15.21063 15.000 15.34712 0.00300 1.14600 89.78249 0.13600 0.00300
* 429 1488569821.89473 15.000 15.27887 15.000 15.27887 0.00300 1.14900 89.78249 0.13600 -0.00000
* 430 1488569821.91470 15.000 15.32297 15.000 15.45947 0.00300 1.15200 89.78249 0.13700 0.00300
* 431 1488569821.93474 15.000 15.32297 15.000 15.45947 0.00300 1.15500 89.78249 0.13700 0.00300
* 432 1488569821.95472 15.000 15.25612 15.000 15.30162 0.00300 1.15700 89.78249 0.13600 0.00100
* 433 1488569821.97479 15.000 14.96319 15.000 15.14518 0.00300 1.16000 89.78249 0.13400 0.00400
* 434 1488569821.99481 15.000 14.80815 15.000 14.62615 0.00300 1.16300 89.78249 0.13100 -0.00400
* 435 1488569822.01482 15.000 14.85225 15.000 14.80675 0.00300 1.16500 89.78249 0.13200 -0.00100
* 436 1488569822.03584 15.000 14.85225 15.000 14.80675 0.00300 1.16800 89.78249 0.13200 -0.00100
* 437 1488569822.05574 15.000 15.12384 15.000 14.75984 0.00300 1.17100 89.78249 0.13300 -0.00800
* 438 1488569822.07586 15.000 15.12243 15.000 14.98594 0.00300 1.17300 89.78249 0.13400 -0.00300
* 439 1488569822.09584 15.000 15.14378 15.000 15.18928 0.00300 1.17600 89.78249 0.13500 0.00100
* 440 1488569822.11589 15.000 14.96319 15.000 15.14518 0.00300 1.17900 89.78249 0.13400 0.00400
* 441 1488569822.13587 15.000 14.89494 15.000 15.21343 0.00300 1.18100 89.78249 0.13400 0.00700
* 442 1488569822.15610 15.000 14.82669 15.000 15.28168 0.00300 1.18400 89.83978 0.13400 0.01000
* 443 1488569822.17684 15.000 14.84944 15.000 15.25893 0.00300 1.18700 89.83978 0.13400 0.00900
* 444 1488569822.19688 15.000 15.16653 15.000 15.16653 0.00300 1.18900 89.83978 0.13500 -0.00000
* 445 1488569822.21692 15.000 15.28168 15.000 14.82669 0.00300 1.19200 89.83978 0.13400 -0.01000
* 446 1488569822.23690 15.000 15.05559 15.000 14.82809 0.00300 1.19500 89.78249 0.13300 -0.00500
* 447 1488569822.25709 15.000 14.94184 15.000 14.94184 0.00300 1.19800 89.78249 0.13300 -0.00000
* 448 1488569822.27796 15.000 14.78259 15.000 15.10109 0.00300 1.20000 89.78249 0.13300 0.00700
* 449 1488569822.29799 15.000 14.78400 15.000 14.87500 0.00300 1.20300 89.83978 0.13200 0.00200
* 450 1488569822.31794 15.000 15.10109 15.000 14.78259 0.00300 1.20500 89.78249 0.13300 -0.00700
* 451 1488569822.33800 15.000 15.19209 15.000 14.69159 0.00300 1.20800 89.78249 0.13300 -0.01100
* 452 1488569822.35800 15.000 15.23478 15.000 15.09828 0.00300 1.21100 89.78249 0.13500 -0.00300
* 453 1488569822.37802 15.000 14.96178 15.000 15.37128 0.00300 1.21400 89.78249 0.13500 0.00900
* 454 1488569822.39898 15.000 14.82669 15.000 15.28168 0.00300 1.21600 89.78249 0.13400 0.01000
* 455 1488569822.41812 15.000 14.85084 15.000 15.03284 0.00300 1.21900 89.83978 0.13300 0.00400
* 456 1488569822.43902 15.000 14.78400 15.000 14.87500 0.00300 1.22200 89.83978 0.13200 0.00200
* 457 1488569822.45904 15.000 15.05559 15.000 14.82809 0.00300 1.22400 89.83978 0.13300 -0.00500
* 458 1488569822.47904 15.000 15.19068 15.000 14.91769 0.00300 1.22700 89.83978 0.13400 -0.00600
* 459 1488569822.49904 15.000 15.19068 15.000 14.91769 0.00300 1.23000 89.78249 0.13400 -0.00600
* 460 1488569822.51905 15.000 14.87500 15.000 14.78400 0.00300 1.23200 89.78249 0.13200 -0.00200
* 461 1488569822.54009 15.000 14.73990 15.000 14.69440 0.00300 1.23500 89.78249 0.13100 -0.00100
* 462 1488569822.56010 15.000 14.80815 15.000 14.62615 0.00300 1.23800 89.78249 0.13100 -0.00400
* 463 1488569822.58011 15.000 14.87500 15.000 14.78400 0.00300 1.24000 89.78249 0.13200 -0.00200
* 464 1488569822.60012 15.000 15.09828 15.000 15.23478 0.00300 1.24300 89.78249 0.13500 0.00300
* 465 1488569822.62019 15.000 15.25472 15.000 15.52772 0.00300 1.24600 89.78249 0.13700 0.00600
* 466 1488569822.64021 15.000 15.25472 15.000 15.52772 0.00300 1.24800 89.78249 0.13700 0.00600
* 467 1488569822.66020 15.000 14.96319 15.000 15.14518 0.00300 1.25100 89.83978 0.13400 0.00400
* 468 1488569822.68020 15.000 14.76125 15.000 14.89775 0.00300 1.25400 89.83978 0.13200 0.00300
* 469 1488569822.70116 15.000 14.82809 15.000 15.05559 0.00300 1.25600 89.83978 0.13300 0.00500
* 470 1488569822.72121 15.000 14.89634 15.000 14.98734 0.00300 1.25900 89.83978 0.13300 0.00200
* 471 1488569822.74119 15.000 15.19068 15.000 14.91769 0.00300 1.26200 89.83978 0.13400 -0.00600
* 472 1488569822.76120 15.000 15.28168 15.000 14.82669 0.00300 1.26400 89.78249 0.13400 -0.01000
* 473 1488569822.78226 15.000 14.74131 15.000 14.46831 0.00300 1.26700 89.78249 0.13000 -0.00600
* 474 1488569822.80226 15.000 14.17677 15.000 14.35877 0.00300 1.27000 89.78249 0.12700 0.00400
* 475 1488569822.82226 15.000 13.86108 15.000 14.22508 0.00300 1.27300 89.78249 0.12500 0.00800
* 476 1488569822.84229 15.000 13.61505 15.000 13.79705 0.00300 1.27500 89.83978 0.12200 0.00400
* 477 1488569822.86234 15.000 13.52686 15.000 13.43586 0.00300 1.27800 89.83978 0.12000 -0.00200
* 478 1488569822.88229 15.000 13.21398 15.000 12.84998 0.00300 1.28100 89.83978 0.11600 -0.00800
* 479 1488569822.90232 15.000 12.92104 15.000 12.69354 0.00300 1.28300 89.83978 0.11400 -0.00500
* 480 1488569822.92325 15.000 12.87554 15.000 12.73904 0.00300 1.28600 89.78249 0.11400 -0.00300
* 481 1488569822.94334 15.000 12.49301 15.000 12.44751 0.00300 1.28900 89.78249 0.11100 -0.00100
* 482 1488569822.96331 15.000 12.38066 15.000 12.33516 0.00300 1.29100 89.78249 0.11000 -0.00100
* 483 1488569822.98334 15.000 12.13322 15.000 12.13322 0.00300 1.29400 89.78249 0.10800 -0.00000
* 484 1488569823.00338 15.000 11.77344 15.000 11.81894 0.00300 1.29700 89.83978 0.10500 0.00100
* 485 1488569823.02336 15.000 11.48050 15.000 11.66250 0.00300 1.29900 89.83978 0.10300 0.00400
* 486 1488569823.04539 15.000 14.89494 15.000 15.21343 0.00300 1.30300 89.83978 0.13400 0.00700
* 487 1488569823.06445 15.000 15.18928 15.000 15.14378 0.00300 1.30600 89.83978 0.13500 -0.00100
* 488 1488569823.08446 15.000 15.25612 15.000 15.30162 0.00300 1.30900 89.83978 0.13600 0.00100
* 489 1488569823.10443 15.000 15.27887 15.000 15.27887 0.00300 1.31100 89.83978 0.13600 -0.00000
* 490 1488569823.12445 15.000 15.23618 15.000 14.87219 0.00300 1.31400 89.83978 0.13400 -0.00800
* 491 1488569823.14449 15.000 15.19068 15.000 14.91769 0.00300 1.31700 89.83978 0.13400 -0.00600
* 492 1488569823.16447 15.000 15.19068 15.000 14.91769 0.00300 1.31900 89.78249 0.13400 -0.00600
* 493 1488569823.18441 15.000 14.94184 15.000 14.94184 0.00300 1.32200 89.78249 0.13300 -0.00000
* 494 1488569823.20458 15.000 14.73990 15.000 14.69440 0.00300 1.32500 89.78249 0.13100 -0.00100
* 495 1488569823.22464 15.000 14.87500 15.000 14.78400 0.00300 1.32700 89.78249 0.13200 -0.00200
* 496 1488569823.24546 15.000 15.05559 15.000 14.82809 0.00300 1.33000 89.78249 0.13300 -0.00500
* 497 1488569823.26549 15.000 15.25612 15.000 15.30162 0.00300 1.33300 89.78249 0.13600 0.00100
* 498 1488569823.28554 15.000 15.27747 15.000 15.50497 0.00300 1.33600 89.78249 0.13700 0.00500
* 499 1488569823.30553 15.000 14.93903 15.000 15.39403 0.00300 1.33800 89.83978 0.13500 0.01000
* 500 1488569823.32557 15.000 14.76125 15.000 14.89775 0.00300 1.34100 89.83978 0.13200 0.00300
