### Ensaio do Controlador Embarcado da Base ###

# Parâmetros #

# Número do Ensaio: 1
# Frequência de Amostragem: 50.0 Hz
# Número de Amostras: 500
# Velocidade de Referência Esquerda: 15.00 RPM
# Velocidade de Referência Direita: 15.00 RPM

* 1 0.0 15.0 0.0 15.0 0.0 -0.0 0.0 1.57 0.0 -0.0
* 2 0.0200891494751 15.0 0.112344665712 15.0 0.112344665712 -0.0 0.0 1.57 0.001 0.0
* 3 0.0402250289917 15.0 0.80916245479 15.0 0.763662865177 -0.0 0.0 1.57 0.007 0.001
* 4 0.0603361129761 15.0 2.02220398281 15.0 2.02220398281 -0.0 0.0 1.57 0.018 0.0
* 5 0.08043217659 15.0 3.25799530565 15.0 3.25799530565 -0.0 0.0 1.57 0.029 -0.0
* 6 0.100533008575 15.0 4.44828703886 15.0 4.53928621809 -0.0 0.0 1.57 0.04 -0.002
* 7 0.120634078979 15.0 5.32429456975 15.0 5.46079333859 -0.0 0.001 1.57 0.048 -0.003
* 8 0.140719175339 15.0 6.08795743493 15.0 6.26995579338 -0.0 0.001 1.57 0.055 -0.004
* 9 0.160815954208 15.0 6.87437009491 15.0 7.05636845337 0.0 0.002 1.57 0.062 -0.004
* 10 0.180938005447 15.0 7.54843808918 15.0 7.73043644764 0.0 0.002 1.57 0.068 -0.004
* 11 0.201058149338 15.0 8.24525587826 15.0 8.3817546471 0.0 0.003 1.57 0.074 -0.003
* 12 0.221225976944 15.0 8.78422941202 15.0 8.96622777047 0.0 0.004 1.57 0.079 -0.004
* 13 0.241384029388 15.0 9.36870253538 15.0 9.50520130422 0.0 0.004 1.57 0.084 -0.003
* 14 0.261540174484 15.0 9.93042586394 15.0 10.0669246328 0.0 0.005 1.57 0.089 -0.003
* 15 0.281697034836 15.0 10.2447100663 15.0 10.4267084247 0.0 0.006 1.57 0.092 -0.004
* 16 0.30184006691 15.0 10.6940887291 15.0 10.8760870876 0.0 0.007 1.57 0.096 -0.004
* 17 0.322046041489 15.0 11.0311227263 15.0 11.2131210847 0.0 0.008 1.57 0.099 -0.004
* 18 0.342153072357 15.0 11.3909065182 15.0 11.527405287 0.0 0.008 1.57 0.102 -0.003
* 19 0.36230301857 15.0 11.7279405153 15.0 11.8644392842 0.0 0.009 1.57 0.105 -0.003
* 20 0.382452011108 15.0 11.9526298468 15.0 12.0891286156 0.0 0.01 1.57 0.107 -0.003
* 21 0.402615070343 15.0 12.2896638439 15.0 12.4261626127 0.0 0.011 1.57 0.11 -0.003
* 22 0.422775030136 15.0 12.5143531753 15.0 12.6508519442 0.0 0.012 1.57 0.112 -0.003
* 23 0.442932128906 15.0 12.7390425067 15.0 12.8755412756 0.0 0.013 1.57 0.114 -0.003
* 24 0.463087081909 15.0 12.9637318382 15.0 13.100230607 0.0 0.014 1.57 0.116 -0.003
* 25 0.483291149139 15.0 13.0988262987 15.0 13.1898254779 0.0 0.015 1.57 0.117 -0.002
* 26 0.503430128098 15.0 13.2111709644 15.0 13.3021701436 0.0 0.016 1.57 0.118 -0.002
* 27 0.523604154587 15.0 13.3235156301 15.0 13.4145148093 0.0 0.018 1.57 0.119 -0.002
* 28 0.54377913475 15.0 13.5482049615 15.0 13.6392041408 0.0 0.019 1.57 0.121 -0.002
* 29 0.563987016678 15.0 13.6605496272 15.0 13.7515488065 0.0 0.02 1.57 0.122 -0.002
* 30 0.584148168564 15.0 13.7956440878 15.0 13.8411436774 0.0 0.021 1.57 0.123 -0.001
* 31 0.60431098938 15.0 13.9079887535 15.0 13.9534883431 0.0 0.022 1.57 0.124 -0.001
* 32 0.624466180801 15.0 14.0203334192 15.0 14.0658330088 0.0 0.023 1.57 0.125 -0.001
* 33 0.644646167755 15.0 14.0203334192 15.0 14.0658330088 0.0 0.024 1.57 0.125 -0.001
* 34 0.664808034897 15.0 14.1326780849 15.0 14.1781776745 0.0 0.025 1.57 0.126 -0.001
* 35 0.684970140457 15.0 14.2450227506 15.0 14.2905223402 0.0 0.026 1.569 0.127 -0.001
* 36 0.705106973648 15.0 14.2450227506 15.0 14.2905223402 0.0 0.027 1.569 0.127 -0.001
* 37 0.725258111954 15.0 14.3573674163 15.0 14.4028670059 0.0 0.029 1.569 0.128 -0.001
* 38 0.745416164398 15.0 14.3346176215 15.0 14.4256168007 0.0 0.03 1.569 0.128 -0.002
* 39 0.765547990799 15.0 14.3118678267 15.0 14.4483665955 0.0 0.031 1.569 0.128 -0.003
* 40 0.785716056824 15.0 14.4469622872 15.0 14.5379614665 0.0 0.032 1.569 0.129 -0.002
* 41 0.805900096893 15.0 14.4469622872 15.0 14.5379614665 0.0 0.033 1.569 0.129 -0.002
* 42 0.826061010361 15.0 14.4469622872 15.0 14.5379614665 0.0 0.034 1.569 0.129 -0.002
* 43 0.846228122711 15.0 14.5820567477 15.0 14.6275563374 0.0 0.035 1.569 0.13 -0.001
* 44 0.866378068924 15.0 14.6944014135 15.0 14.7399010031 0.0 0.037 1.569 0.131 -0.001
* 45 0.886564016342 15.0 14.5820567477 15.0 14.6275563374 0.0 0.038 1.569 0.13 -0.001
* 46 0.906710147858 15.0 14.7171512083 15.0 14.7171512083 0.0 0.039 1.569 0.131 -0.0
* 47 0.926895141602 15.0 14.7171512083 15.0 14.7171512083 0.0 0.04 1.569 0.131 0.0
* 48 0.947065114975 15.0 14.7171512083 15.0 14.7171512083 0.0 0.041 1.569 0.131 0.0
* 49 0.967218160629 15.0 14.829495874 15.0 14.829495874 0.0 0.043 1.569 0.132 0.0
* 50 0.987400054932 15.0 14.829495874 15.0 14.829495874 0.0 0.044 1.569 0.132 0.0
* 51 1.00763106346 15.0 14.829495874 15.0 14.829495874 0.0 0.045 1.569 0.132 0.0
* 52 1.02778410912 15.0 14.829495874 15.0 14.829495874 0.0 0.046 1.569 0.132 0.0
* 53 1.04793906212 15.0 14.829495874 15.0 14.829495874 0.0 0.047 1.569 0.132 0.0
* 54 1.06814718246 15.0 14.829495874 15.0 14.829495874 0.0 0.048 1.569 0.132 0.0
* 55 1.08828210831 15.0 14.829495874 15.0 14.829495874 0.0 0.05 1.569 0.132 0.0
* 56 1.10843801498 15.0 14.829495874 15.0 14.829495874 0.0 0.051 1.569 0.132 0.0
* 57 1.12859606743 15.0 14.829495874 15.0 14.829495874 0.0 0.052 1.569 0.132 0.0
* 58 1.14877700806 15.0 14.829495874 15.0 14.829495874 0.0 0.053 1.569 0.132 -0.0
* 59 1.16897296906 15.0 14.9418405397 15.0 14.9418405397 0.0 0.054 1.569 0.133 -0.0
* 60 1.18913698196 15.0 14.9418405397 15.0 14.9418405397 0.0 0.055 1.569 0.133 -0.0
* 61 1.20928096771 15.0 14.9418405397 15.0 14.9418405397 0.0 0.057 1.569 0.133 -0.0
* 62 1.22941017151 15.0 14.829495874 15.0 14.829495874 0.0 0.058 1.569 0.132 -0.0
* 63 1.24952912331 15.0 14.9418405397 15.0 14.9418405397 0.0 0.059 1.569 0.133 -0.0
* 64 1.2696480751 15.0 14.9418405397 15.0 14.9418405397 0.0 0.06 1.569 0.133 -0.0
* 65 1.28975105286 15.0 14.9418405397 15.0 14.9418405397 0.0 0.061 1.569 0.133 0.0
* 66 1.30985212326 15.0 14.9418405397 15.0 14.9418405397 0.0 0.062 1.569 0.133 -0.0
* 67 1.32997298241 15.0 14.9418405397 15.0 14.9418405397 0.0 0.064 1.569 0.133 -0.0
* 68 1.35007405281 15.0 14.9418405397 15.0 14.9418405397 0.0 0.065 1.569 0.133 -0.0
* 69 1.37019300461 15.0 14.9418405397 15.0 14.9418405397 0.0 0.066 1.569 0.133 -0.0
* 70 1.39030599594 15.0 14.9418405397 15.0 14.9418405397 0.0 0.067 1.569 0.133 -0.0
* 71 1.41039705276 15.0 14.9418405397 15.0 14.9418405397 0.0 0.069 1.569 0.133 0.0
* 72 1.43049407005 15.0 14.9418405397 15.0 14.9418405397 0.0 0.07 1.569 0.133 0.0
* 73 1.4505841732 15.0 14.9418405397 15.0 14.9418405397 0.0 0.071 1.569 0.133 0.0
* 74 1.47067809105 15.0 14.9418405397 15.0 14.9418405397 0.0 0.072 1.569 0.133 -0.0
* 75 1.49077916145 15.0 14.9418405397 15.0 14.9418405397 0.0 0.073 1.569 0.133 -0.0
* 76 1.5108730793 15.0 14.9418405397 15.0 14.9418405397 0.0 0.074 1.569 0.133 -0.0
* 77 1.53097295761 15.0 14.9418405397 15.0 14.9418405397 0.0 0.075 1.569 0.133 -0.0
* 78 1.55106806755 15.0 14.9418405397 15.0 14.9418405397 0.0 0.077 1.569 0.133 0.0
* 79 1.57115316391 15.0 14.9418405397 15.0 14.9418405397 0.0 0.078 1.569 0.133 -0.0
* 80 1.59125208855 15.0 14.9418405397 15.0 14.9418405397 0.0 0.079 1.569 0.133 -0.0
* 81 1.61134195328 15.0 14.9418405397 15.0 14.9418405397 0.0 0.08 1.569 0.133 -0.0
* 82 1.63142800331 15.0 15.0541852054 15.0 15.0541852054 0.0 0.081 1.569 0.134 -0.0
* 83 1.6515250206 15.0 14.9418405397 15.0 14.9418405397 0.0 0.083 1.569 0.133 -0.0
* 84 1.67161512375 15.0 14.9418405397 15.0 14.9418405397 0.0 0.084 1.569 0.133 0.0
* 85 1.69171905518 15.0 14.9418405397 15.0 14.9418405397 0.0 0.085 1.569 0.133 0.0
* 86 1.71183013916 15.0 14.9418405397 15.0 14.9418405397 0.0 0.086 1.569 0.133 0.0
* 87 1.73191595078 15.0 14.9418405397 15.0 14.9418405397 0.0 0.087 1.569 0.133 0.0
* 88 1.75200796127 15.0 14.9418405397 15.0 14.9418405397 0.0 0.088 1.569 0.133 0.0
* 89 1.77211904526 15.0 14.9418405397 15.0 14.9418405397 0.0 0.09 1.569 0.133 0.0
* 90 1.7922000885 15.0 14.9418405397 15.0 14.9418405397 0.0 0.091 1.569 0.133 0.0
* 91 1.81228613853 15.0 14.9418405397 15.0 14.9418405397 0.0 0.092 1.569 0.133 -0.0
* 92 1.83236598969 15.0 14.9418405397 15.0 14.9418405397 0.0 0.093 1.569 0.133 -0.0
* 93 1.85243296623 15.0 14.9418405397 15.0 14.9418405397 0.0 0.094 1.569 0.133 -0.0
* 94 1.87253808975 15.0 14.9418405397 15.0 14.9418405397 0.0 0.096 1.569 0.133 -0.0
* 95 1.89263105392 15.0 14.9418405397 15.0 14.9418405397 0.0 0.097 1.569 0.133 0.0
* 96 1.91272807121 15.0 14.9418405397 15.0 14.9418405397 0.0 0.098 1.569 0.133 0.0
* 97 1.93282198906 15.0 14.9418405397 15.0 14.9418405397 0.0 0.099 1.569 0.133 0.0
* 98 1.95292210579 15.0 14.9418405397 15.0 14.9418405397 0.0 0.1 1.569 0.133 -0.0
* 99 1.97302818298 15.0 14.9418405397 15.0 14.9418405397 0.0 0.101 1.569 0.133 -0.0
* 100 1.99312210083 15.0 14.9418405397 15.0 14.9418405397 0.0 0.103 1.569 0.133 -0.0
* 101 2.01320314407 15.0 14.9418405397 15.0 14.9418405397 0.0 0.104 1.569 0.133 -0.0
* 102 2.03329014778 15.0 14.9418405397 15.0 14.9418405397 0.0 0.105 1.569 0.133 -0.0
* 103 2.05338001251 15.0 14.9418405397 15.0 14.9418405397 0.0 0.106 1.569 0.133 -0.0
* 104 2.07348203659 15.0 14.9418405397 15.0 14.9418405397 0.0 0.107 1.569 0.133 -0.0
* 105 2.09357500076 15.0 14.9418405397 15.0 14.9418405397 0.0 0.109 1.569 0.133 0.0
* 106 2.11366796494 15.0 15.0541852054 15.0 15.0541852054 0.0 0.11 1.569 0.134 0.0
* 107 2.13377213478 15.0 14.9418405397 15.0 14.9418405397 0.0 0.111 1.569 0.133 0.0
* 108 2.15387797356 15.0 14.9418405397 15.0 14.9418405397 0.0 0.112 1.569 0.133 0.0
* 109 2.17395997047 15.0 14.9418405397 15.0 14.9418405397 0.0 0.113 1.569 0.133 0.0
* 110 2.19405198097 15.0 14.9418405397 15.0 14.9418405397 0.0 0.115 1.569 0.133 0.0
* 111 2.21413016319 15.0 15.0541852054 15.0 15.0541852054 0.0 0.116 1.569 0.134 0.0
* 112 2.23423194885 15.0 14.9418405397 15.0 14.9418405397 0.0 0.117 1.569 0.133 0.0
* 113 2.25432705879 15.0 14.9418405397 15.0 14.9418405397 0.0 0.118 1.569 0.133 0.0
* 114 2.27442502975 15.0 14.9418405397 15.0 14.9418405397 0.0 0.119 1.569 0.133 0.0
* 115 2.29452300072 15.0 14.9418405397 15.0 14.9418405397 0.0 0.12 1.569 0.133 -0.0
* 116 2.31461405754 15.0 14.9418405397 15.0 14.9418405397 0.0 0.122 1.569 0.133 -0.0
* 117 2.33469414711 15.0 14.9418405397 15.0 14.9418405397 0.0 0.123 1.569 0.133 -0.0
* 118 2.35479402542 15.0 14.9418405397 15.0 14.9418405397 0.0 0.124 1.569 0.133 -0.0
* 119 2.37488007545 15.0 14.9418405397 15.0 14.9418405397 0.0 0.125 1.569 0.133 -0.0
* 120 2.39497518539 15.0 14.9418405397 15.0 14.9418405397 0.0 0.126 1.569 0.133 0.0
* 121 2.41507005692 15.0 14.9418405397 15.0 14.9418405397 0.0 0.128 1.569 0.133 -0.0
* 122 2.43516612053 15.0 14.9418405397 15.0 14.9418405397 0.0 0.129 1.569 0.133 0.0
* 123 2.45525813103 15.0 14.9418405397 15.0 14.9418405397 0.0 0.13 1.569 0.133 0.0
* 124 2.47535014153 15.0 14.9418405397 15.0 14.9418405397 0.0 0.131 1.569 0.133 0.0
* 125 2.4954431057 15.0 14.9418405397 15.0 14.9418405397 0.0 0.132 1.569 0.133 0.0
* 126 2.51553201675 15.0 14.9418405397 15.0 14.9418405397 0.0 0.133 1.569 0.133 0.0
* 127 2.53562402725 15.0 14.9418405397 15.0 14.9418405397 0.0 0.135 1.569 0.133 0.0
* 128 2.5557050705 15.0 14.9418405397 15.0 14.9418405397 0.0 0.136 1.569 0.133 0.0
* 129 2.57581114769 15.0 14.9418405397 15.0 14.9418405397 0.0 0.137 1.569 0.133 -0.0
* 130 2.59591197968 15.0 14.9418405397 15.0 14.9418405397 0.0 0.138 1.569 0.133 0.0
* 131 2.61601209641 15.0 14.9418405397 15.0 14.9418405397 0.0 0.139 1.569 0.133 0.0
* 132 2.63611006737 15.0 14.9418405397 15.0 14.9418405397 0.0 0.141 1.569 0.133 0.0
* 133 2.6561961174 15.0 14.9418405397 15.0 14.9418405397 0.0 0.142 1.569 0.133 -0.0
* 134 2.67628216743 15.0 15.0541852054 15.0 15.0541852054 0.0 0.143 1.569 0.134 -0.0
* 135 2.69638514519 15.0 14.9418405397 15.0 14.9418405397 0.0 0.144 1.569 0.133 -0.0
* 136 2.71646499634 15.0 14.9418405397 15.0 14.9418405397 0.0 0.145 1.569 0.133 -0.0
* 137 2.73657011986 15.0 14.9418405397 15.0 14.9418405397 0.0 0.146 1.569 0.133 -0.0
* 138 2.75665616989 15.0 14.9418405397 15.0 14.9418405397 0.0 0.148 1.569 0.133 -0.0
* 139 2.77673316002 15.0 14.9418405397 15.0 14.9418405397 0.0 0.149 1.569 0.133 -0.0
* 140 2.79683303833 15.0 14.9418405397 15.0 14.9418405397 0.0 0.15 1.569 0.133 -0.0
* 141 2.81692409515 15.0 14.9418405397 15.0 14.9418405397 0.0 0.151 1.569 0.133 -0.0
* 142 2.83701610565 15.0 14.9418405397 15.0 14.9418405397 0.0 0.152 1.569 0.133 0.0
* 143 2.8571100235 15.0 14.9418405397 15.0 14.9418405397 0.0 0.154 1.569 0.133 -0.0
* 144 2.87720513344 15.0 14.9418405397 15.0 14.9418405397 0.0 0.155 1.569 0.133 -0.0
* 145 2.89731907845 15.0 15.0541852054 15.0 15.0541852054 0.0 0.156 1.569 0.134 -0.0
* 146 2.91747808456 15.0 14.9418405397 15.0 14.9418405397 0.0 0.157 1.569 0.133 -0.0
* 147 2.93758106232 15.0 14.9418405397 15.0 14.9418405397 0.0 0.158 1.569 0.133 -0.0
* 148 2.95767402649 15.0 14.9418405397 15.0 14.9418405397 0.0 0.159 1.569 0.133 0.0
* 149 2.97777199745 15.0 14.9418405397 15.0 14.9418405397 0.0 0.161 1.569 0.133 0.0
* 150 2.99784111977 15.0 14.9418405397 15.0 14.9418405397 0.0 0.162 1.569 0.133 0.0
* 151 3.01793313026 15.0 14.9418405397 15.0 14.9418405397 0.0 0.163 1.569 0.133 -0.0
* 152 3.03800106049 15.0 14.9418405397 15.0 14.9418405397 0.0 0.164 1.569 0.133 -0.0
* 153 3.05810809135 15.0 14.9418405397 15.0 14.9418405397 0.0 0.165 1.569 0.133 -0.0
* 154 3.07821512222 15.0 14.9418405397 15.0 14.9418405397 0.0 0.166 1.569 0.133 -0.0
* 155 3.09829711914 15.0 15.0541852054 15.0 15.0541852054 0.0 0.168 1.569 0.134 -0.0
* 156 3.11840295792 15.0 14.9418405397 15.0 14.9418405397 0.0 0.169 1.569 0.133 -0.0
* 157 3.13848209381 15.0 14.9418405397 15.0 14.9418405397 0.0 0.17 1.569 0.133 -0.0
* 158 3.15858101845 15.0 14.9418405397 15.0 14.9418405397 0.0 0.171 1.569 0.133 -0.0
* 159 3.17868304253 15.0 14.9418405397 15.0 14.9418405397 0.0 0.172 1.569 0.133 -0.0
* 160 3.1987631321 15.0 14.9418405397 15.0 14.9418405397 0.0 0.174 1.569 0.133 -0.0
* 161 3.21886706352 15.0 14.9418405397 15.0 14.9418405397 0.0 0.175 1.569 0.133 -0.0
* 162 3.23897600174 15.0 14.9418405397 15.0 14.9418405397 0.0 0.176 1.569 0.133 -0.0
* 163 3.25905704498 15.0 14.9418405397 15.0 14.9418405397 0.0 0.177 1.569 0.133 -0.0
* 164 3.27915000916 15.0 14.9418405397 15.0 14.9418405397 0.0 0.178 1.569 0.133 -0.0
* 165 3.29922795296 15.0 14.9418405397 15.0 14.9418405397 0.0 0.179 1.569 0.133 -0.0
* 166 3.31931710243 15.0 15.0541852054 15.0 15.0541852054 0.0 0.181 1.569 0.134 0.0
* 167 3.33940911293 15.0 14.9418405397 15.0 14.9418405397 0.0 0.182 1.569 0.133 0.0
* 168 3.35949206352 15.0 14.9418405397 15.0 14.9418405397 0.0 0.183 1.569 0.133 0.0
* 169 3.37958717346 15.0 14.9418405397 15.0 14.9418405397 0.0 0.184 1.569 0.133 0.0
* 170 3.39968204498 15.0 14.9418405397 15.0 14.9418405397 0.0 0.185 1.569 0.133 -0.0
* 171 3.41975712776 15.0 14.9418405397 15.0 14.9418405397 0.0 0.187 1.569 0.133 -0.0
* 172 3.43985795975 15.0 14.9418405397 15.0 14.9418405397 0.0 0.188 1.569 0.133 -0.0
* 173 3.45993995667 15.0 14.9418405397 15.0 14.9418405397 0.0 0.189 1.569 0.133 -0.0
* 174 3.48003315926 15.0 14.9418405397 15.0 14.9418405397 0.0 0.19 1.569 0.133 -0.0
* 175 3.50011205673 15.0 14.9418405397 15.0 14.9418405397 0.0 0.191 1.569 0.133 -0.0
* 176 3.52018904686 15.0 14.9418405397 15.0 14.9418405397 0.0 0.192 1.569 0.133 -0.0
* 177 3.54023313522 15.0 15.0541852054 15.0 15.0541852054 0.0 0.194 1.569 0.134 -0.0
* 178 3.56027317047 15.0 14.9418405397 15.0 14.9418405397 0.0 0.195 1.569 0.133 -0.0
* 179 3.58036398888 15.0 14.9418405397 15.0 14.9418405397 0.0 0.196 1.569 0.133 0.0
* 180 3.60044813156 15.0 14.9418405397 15.0 14.9418405397 0.0 0.197 1.569 0.133 0.0
* 181 3.62054204941 15.0 14.9418405397 15.0 14.9418405397 0.0 0.198 1.569 0.133 0.0
* 182 3.64064717293 15.0 14.9418405397 15.0 14.9418405397 0.0 0.2 1.569 0.133 0.0
* 183 3.66077399254 15.0 14.9418405397 15.0 14.9418405397 0.0 0.201 1.569 0.133 0.0
* 184 3.68089199066 15.0 14.9418405397 15.0 14.9418405397 0.0 0.202 1.569 0.133 0.0
* 185 3.70100903511 15.0 14.9418405397 15.0 14.9418405397 0.0 0.203 1.569 0.133 0.0
* 186 3.72117400169 15.0 14.9418405397 15.0 14.9418405397 0.0 0.204 1.569 0.133 0.0
* 187 3.7413289547 15.0 14.9418405397 15.0 14.9418405397 0.0 0.206 1.569 0.133 0.0
* 188 3.76147007942 15.0 14.9418405397 15.0 14.9418405397 0.0 0.207 1.569 0.133 -0.0
* 189 3.7816619873 15.0 14.9418405397 15.0 14.9418405397 0.0 0.208 1.569 0.133 0.0
* 190 3.80180001259 15.0 14.9418405397 15.0 14.9418405397 0.0 0.209 1.569 0.133 0.0
* 191 3.82196807861 15.0 14.9418405397 15.0 14.9418405397 0.0 0.21 1.569 0.133 0.0
* 192 3.84211111069 15.0 14.9418405397 15.0 14.9418405397 0.0 0.211 1.569 0.133 0.0
* 193 3.86227297783 15.0 14.9418405397 15.0 14.9418405397 0.0 0.213 1.569 0.133 0.0
* 194 3.88242197037 15.0 14.9418405397 15.0 14.9418405397 0.0 0.214 1.569 0.133 0.0
* 195 3.90257000923 15.0 14.9418405397 15.0 14.9418405397 0.0 0.215 1.569 0.133 -0.0
* 196 3.92274212837 15.0 14.9418405397 15.0 14.9418405397 0.0 0.216 1.569 0.133 -0.0
* 197 3.94287800789 15.0 14.9418405397 15.0 14.9418405397 0.0 0.217 1.569 0.133 -0.0
* 198 3.9630689621 15.0 14.9418405397 15.0 14.9418405397 0.0 0.219 1.569 0.133 -0.0
* 199 3.98323297501 15.0 14.9418405397 15.0 14.9418405397 0.0 0.22 1.569 0.133 -0.0
* 200 4.00339412689 15.0 14.9418405397 15.0 14.9418405397 0.0 0.221 1.569 0.133 -0.0
* 201 4.02354001999 15.0 14.9418405397 15.0 14.9418405397 0.0 0.222 1.569 0.133 -0.0
* 202 4.04371404648 15.0 14.9418405397 15.0 14.9418405397 0.0 0.223 1.569 0.133 0.0
* 203 4.06387209892 15.0 14.9418405397 15.0 14.9418405397 0.0 0.225 1.569 0.133 0.0
* 204 4.08403706551 15.0 15.0541852054 15.0 15.0541852054 0.0 0.226 1.569 0.134 0.0
* 205 4.10416913033 15.0 14.9418405397 15.0 14.9418405397 0.0 0.227 1.569 0.133 0.0
* 206 4.12434411049 15.0 14.9418405397 15.0 14.9418405397 0.0 0.228 1.569 0.133 -0.0
* 207 4.14457416534 15.0 14.9418405397 15.0 14.9418405397 0.0 0.229 1.569 0.133 -0.0
* 208 4.16473007202 15.0 14.9418405397 15.0 14.9418405397 0.0 0.231 1.569 0.133 0.0
* 209 4.18488907814 15.0 14.9418405397 15.0 14.9418405397 0.0 0.232 1.569 0.133 0.0
* 210 4.20505404472 15.0 14.9418405397 15.0 14.9418405397 0.0 0.233 1.569 0.133 0.0
* 211 4.22526097298 15.0 15.0541852054 15.0 15.0541852054 0.0 0.234 1.569 0.134 0.0
* 212 4.24540400505 15.0 14.9418405397 15.0 14.9418405397 0.0 0.235 1.569 0.133 0.0
* 213 4.2655479908 15.0 14.9418405397 15.0 14.9418405397 0.0 0.236 1.569 0.133 0.0
* 214 4.28573203087 15.0 14.9418405397 15.0 14.9418405397 0.0 0.238 1.569 0.133 0.0
* 215 4.30591607094 15.0 14.9418405397 15.0 14.9418405397 0.0 0.239 1.569 0.133 0.0
* 216 4.32604908943 15.0 14.9418405397 15.0 14.9418405397 0.0 0.24 1.569 0.133 0.0
* 217 4.34620118141 15.0 15.0541852054 15.0 15.0541852054 0.0 0.241 1.569 0.134 0.0
* 218 4.36633014679 15.0 14.9418405397 15.0 14.9418405397 0.0 0.242 1.569 0.133 -0.0
* 219 4.38649916649 15.0 14.9418405397 15.0 14.9418405397 0.0 0.244 1.569 0.133 -0.0
* 220 4.40665912628 15.0 14.9418405397 15.0 14.9418405397 0.0 0.245 1.569 0.133 0.0
* 221 4.42684102058 15.0 14.9418405397 15.0 14.9418405397 0.0 0.246 1.569 0.133 0.0
* 222 4.44701004028 15.0 14.9418405397 15.0 14.9418405397 0.0 0.247 1.569 0.133 -0.0
* 223 4.46718001366 15.0 14.9418405397 15.0 14.9418405397 0.0 0.248 1.569 0.133 -0.0
* 224 4.48732805252 15.0 14.9418405397 15.0 14.9418405397 0.0 0.249 1.569 0.133 -0.0
* 225 4.50747513771 15.0 14.9418405397 15.0 14.9418405397 0.0 0.251 1.569 0.133 -0.0
* 226 4.52762198448 15.0 14.9418405397 15.0 14.9418405397 0.0 0.252 1.569 0.133 0.0
* 227 4.54778003693 15.0 14.9418405397 15.0 14.9418405397 0.0 0.253 1.569 0.133 0.0
* 228 4.56797218323 15.0 14.9418405397 15.0 14.9418405397 0.0 0.254 1.569 0.133 0.0
* 229 4.58812618256 15.0 15.0541852054 15.0 15.0541852054 0.0 0.255 1.569 0.134 -0.0
* 230 4.60829901695 15.0 14.9418405397 15.0 14.9418405397 0.0 0.257 1.569 0.133 -0.0
* 231 4.62847709656 15.0 14.9418405397 15.0 14.9418405397 0.0 0.258 1.569 0.133 -0.0
* 232 4.64862513542 15.0 14.9418405397 15.0 14.9418405397 0.0 0.259 1.569 0.133 0.0
* 233 4.66880106926 15.0 14.9418405397 15.0 14.9418405397 0.0 0.26 1.569 0.133 -0.0
* 234 4.68897104263 15.0 14.9418405397 15.0 14.9418405397 0.0 0.261 1.569 0.133 -0.0
* 235 4.70913696289 15.0 14.9418405397 15.0 14.9418405397 0.0 0.262 1.569 0.133 -0.0
* 236 4.72937703133 15.0 14.9418405397 15.0 14.9418405397 0.0 0.264 1.569 0.133 -0.0
* 237 4.7495341301 15.0 14.9418405397 15.0 14.9418405397 0.0 0.265 1.569 0.133 -0.0
* 238 4.7697019577 15.0 14.9418405397 15.0 14.9418405397 0.0 0.266 1.569 0.133 -0.0
* 239 4.7898709774 15.0 14.9418405397 15.0 14.9418405397 0.0 0.267 1.569 0.133 -0.0
* 240 4.81001710892 15.0 14.9418405397 15.0 14.9418405397 0.0 0.268 1.569 0.133 0.0
* 241 4.83019399643 15.0 14.9418405397 15.0 14.9418405397 0.0 0.269 1.569 0.133 -0.0
* 242 4.85041117668 15.0 14.9418405397 15.0 14.9418405397 0.0 0.271 1.569 0.133 -0.0
* 243 4.8705701828 15.0 14.9418405397 15.0 14.9418405397 0.0 0.272 1.569 0.133 -0.0
* 244 4.8907160759 15.0 14.9418405397 15.0 14.9418405397 0.0 0.273 1.569 0.133 0.0
* 245 4.91088914871 15.0 14.9418405397 15.0 14.9418405397 0.0 0.274 1.569 0.133 0.0
* 246 4.9310631752 15.0 14.9418405397 15.0 14.9418405397 0.0 0.275 1.569 0.133 0.0
* 247 4.9511950016 15.0 15.0541852054 15.0 15.0541852054 0.0 0.277 1.569 0.134 -0.0
* 248 4.97135901451 15.0 14.9418405397 15.0 14.9418405397 0.0 0.278 1.569 0.133 -0.0
* 249 4.99153709412 15.0 14.9418405397 15.0 14.9418405397 0.0 0.279 1.569 0.133 0.0
* 250 5.01168298721 15.0 14.9418405397 15.0 14.9418405397 0.0 0.28 1.569 0.133 0.0
* 251 5.0318441391 15.0 14.9418405397 15.0 14.9418405397 0.0 0.281 1.569 0.133 0.0
* 252 5.05196404457 15.0 14.9418405397 15.0 14.9418405397 0.0 0.282 1.569 0.133 -0.0
* 253 5.0721180439 15.0 14.9190907449 15.0 14.9645903345 0.0 0.284 1.569 0.133 -0.001
* 254 5.09229016304 15.0 14.9190907449 15.0 14.9645903345 0.0 0.285 1.569 0.133 -0.001
* 255 5.11246013641 15.0 14.9190907449 15.0 14.9645903345 0.0 0.286 1.569 0.133 -0.001
* 256 5.13264203072 15.0 14.9418405397 15.0 14.9418405397 0.0 0.287 1.569 0.133 -0.0
* 257 5.15280508995 15.0 14.9418405397 15.0 14.9418405397 0.0 0.289 1.569 0.133 -0.0
* 258 5.17300415039 15.0 14.9418405397 15.0 14.9418405397 0.0 0.29 1.569 0.133 -0.0
* 259 5.1931810379 15.0 15.0541852054 15.0 15.0541852054 0.0 0.291 1.569 0.134 -0.0
* 260 5.21333217621 15.0 14.9418405397 15.0 14.9418405397 0.0 0.292 1.569 0.133 0.0
* 261 5.23350214958 15.0 14.9418405397 15.0 14.9418405397 0.0 0.293 1.569 0.133 0.0
* 262 5.25367712975 15.0 14.9645903345 15.0 14.9190907449 0.0 0.294 1.569 0.133 0.001
* 263 5.27383708954 15.0 14.9645903345 15.0 14.9190907449 0.0 0.296 1.569 0.133 0.001
* 264 5.29397916794 15.0 14.9645903345 15.0 14.9190907449 0.0 0.297 1.569 0.133 0.001
* 265 5.31414198875 15.0 15.0541852054 15.0 15.0541852054 0.0 0.298 1.569 0.134 0.0
* 266 5.33429002762 15.0 15.0541852054 15.0 15.0541852054 0.0 0.299 1.569 0.134 0.0
* 267 5.35448217392 15.0 14.9418405397 15.0 14.9418405397 0.0 0.3 1.569 0.133 0.0
* 268 5.37460708618 15.0 14.9418405397 15.0 14.9418405397 0.0 0.302 1.569 0.133 0.0
* 269 5.39478111267 15.0 14.9418405397 15.0 14.9418405397 0.0 0.303 1.569 0.133 0.0
* 270 5.41490316391 15.0 14.9418405397 15.0 14.9418405397 0.0 0.304 1.569 0.133 0.0
* 271 5.43506598473 15.0 14.9418405397 15.0 14.9418405397 0.0 0.305 1.569 0.133 0.0
* 272 5.45523405075 15.0 15.0541852054 15.0 15.0541852054 0.0 0.306 1.569 0.134 0.0
* 273 5.47538900375 15.0 14.9418405397 15.0 14.9418405397 0.0 0.307 1.569 0.133 0.0
* 274 5.49551415443 15.0 14.9418405397 15.0 14.9418405397 0.0 0.309 1.569 0.133 0.0
* 275 5.51567697525 15.0 14.9418405397 15.0 14.9418405397 0.0 0.31 1.569 0.133 0.0
* 276 5.53581809998 15.0 14.9418405397 15.0 14.9418405397 0.0 0.311 1.569 0.133 0.0
* 277 5.55598211288 15.0 14.9418405397 15.0 14.9418405397 0.0 0.312 1.569 0.133 0.0
* 278 5.57612705231 15.0 15.0541852054 15.0 15.0541852054 0.0 0.313 1.569 0.134 -0.0
* 279 5.59630417824 15.0 14.9418405397 15.0 14.9418405397 0.0 0.315 1.569 0.133 -0.0
* 280 5.61646914482 15.0 14.9418405397 15.0 14.9418405397 0.0 0.316 1.569 0.133 -0.0
* 281 5.63660597801 15.0 14.9418405397 15.0 14.9418405397 0.0 0.317 1.569 0.133 0.0
* 282 5.65675616264 15.0 14.9418405397 15.0 14.9418405397 0.0 0.318 1.569 0.133 0.0
* 283 5.67694401741 15.0 14.9418405397 15.0 14.9418405397 0.0 0.319 1.569 0.133 0.0
* 284 5.69710302353 15.0 14.9418405397 15.0 14.9418405397 0.0 0.32 1.569 0.133 0.0
* 285 5.7172601223 15.0 14.9418405397 15.0 14.9418405397 0.0 0.322 1.569 0.133 -0.0
* 286 5.73739910126 15.0 14.9418405397 15.0 14.9418405397 0.0 0.323 1.569 0.133 0.0
* 287 5.75752305984 15.0 14.9418405397 15.0 14.9418405397 0.0 0.324 1.569 0.133 0.0
* 288 5.77763199806 15.0 14.9418405397 15.0 14.9418405397 0.0 0.325 1.569 0.133 0.0
* 289 5.79776501656 15.0 14.9418405397 15.0 14.9418405397 0.0 0.326 1.569 0.133 0.0
* 290 5.81790208817 15.0 14.9418405397 15.0 14.9418405397 0.0 0.328 1.569 0.133 0.0
* 291 5.83802604675 15.0 15.0541852054 15.0 15.0541852054 0.0 0.329 1.569 0.134 -0.0
* 292 5.85819506645 15.0 14.9418405397 15.0 14.9418405397 0.0 0.33 1.569 0.133 -0.0
* 293 5.87835502625 15.0 14.9418405397 15.0 14.9418405397 0.0 0.331 1.569 0.133 -0.0
* 294 5.89851403236 15.0 14.9418405397 15.0 14.9418405397 0.0 0.332 1.569 0.133 -0.0
* 295 5.91866898537 15.0 14.9418405397 15.0 14.9418405397 0.0 0.334 1.569 0.133 -0.0
* 296 5.93882608414 15.0 14.9418405397 15.0 14.9418405397 0.0 0.335 1.569 0.133 -0.0
* 297 5.95898318291 15.0 14.9418405397 15.0 14.9418405397 0.0 0.336 1.569 0.133 -0.0
* 298 5.97916817665 15.0 15.0541852054 15.0 15.0541852054 0.0 0.337 1.569 0.134 -0.0
* 299 5.99931907654 15.0 14.9418405397 15.0 14.9418405397 0.0 0.338 1.569 0.133 0.0
* 300 6.0194811821 15.0 14.9418405397 15.0 14.9418405397 0.0 0.339 1.569 0.133 0.0
* 301 6.03964209557 15.0 14.9418405397 15.0 14.9418405397 0.0 0.341 1.569 0.133 0.0
* 302 6.05979800224 15.0 14.9418405397 15.0 14.9418405397 0.0 0.342 1.569 0.133 0.0
* 303 6.07996511459 15.0 14.9418405397 15.0 14.9418405397 0.0 0.343 1.569 0.133 0.0
* 304 6.10014414787 15.0 15.0541852054 15.0 15.0541852054 0.0 0.344 1.569 0.134 0.0
* 305 6.1202981472 15.0 14.9418405397 15.0 14.9418405397 0.0 0.345 1.569 0.133 0.0
* 306 6.14046001434 15.0 14.9418405397 15.0 14.9418405397 0.0 0.347 1.569 0.133 0.0
* 307 6.16060614586 15.0 14.9418405397 15.0 14.9418405397 0.0 0.348 1.569 0.133 0.0
* 308 6.18077516556 15.0 14.9418405397 15.0 14.9418405397 0.0 0.349 1.569 0.133 0.0
* 309 6.20092511177 15.0 14.9418405397 15.0 14.9418405397 0.0 0.35 1.569 0.133 0.0
* 310 6.22113204002 15.0 14.9418405397 15.0 14.9418405397 0.0 0.351 1.569 0.133 0.0
* 311 6.24132204056 15.0 14.9418405397 15.0 14.9418405397 0.0 0.352 1.569 0.133 0.0
* 312 6.26145505905 15.0 14.9418405397 15.0 14.9418405397 0.0 0.354 1.569 0.133 -0.0
* 313 6.28161406517 15.0 14.9418405397 15.0 14.9418405397 0.0 0.355 1.569 0.133 -0.0
* 314 6.30181407928 15.0 14.9418405397 15.0 14.9418405397 0.0 0.356 1.569 0.133 -0.0
* 315 6.32197904587 15.0 14.9418405397 15.0 14.9418405397 0.0 0.357 1.569 0.133 -0.0
* 316 6.3421561718 15.0 14.9418405397 15.0 14.9418405397 0.0 0.358 1.569 0.133 -0.0
* 317 6.36228609085 15.0 15.0541852054 15.0 15.0541852054 0.0 0.36 1.569 0.134 0.0
* 318 6.38248205185 15.0 14.9418405397 15.0 14.9418405397 0.0 0.361 1.569 0.133 0.0
* 319 6.4026260376 15.0 14.9418405397 15.0 14.9418405397 0.0 0.362 1.569 0.133 -0.0
* 320 6.42279314995 15.0 14.9418405397 15.0 14.9418405397 0.0 0.363 1.569 0.133 -0.0
* 321 6.44293999672 15.0 14.9418405397 15.0 14.9418405397 0.0 0.364 1.569 0.133 0.0
* 322 6.46311616898 15.0 14.9418405397 15.0 14.9418405397 0.0 0.365 1.569 0.133 0.0
* 323 6.48333096504 15.0 15.0541852054 15.0 15.0541852054 0.0 0.367 1.569 0.134 0.0
* 324 6.5034840107 15.0 14.9418405397 15.0 14.9418405397 0.0 0.368 1.569 0.133 -0.0
* 325 6.52361798286 15.0 14.9418405397 15.0 14.9418405397 0.0 0.369 1.569 0.133 -0.0
* 326 6.54375505447 15.0 14.9418405397 15.0 14.9418405397 0.0 0.37 1.569 0.133 -0.0
* 327 6.56398105621 15.0 14.9418405397 15.0 14.9418405397 0.0 0.371 1.569 0.133 0.0
* 328 6.58413100243 15.0 14.9418405397 15.0 14.9418405397 0.0 0.373 1.569 0.133 0.0
* 329 6.60429096222 15.0 15.0541852054 15.0 15.0541852054 0.0 0.374 1.569 0.134 -0.0
* 330 6.62442803383 15.0 14.9418405397 15.0 14.9418405397 0.0 0.375 1.569 0.133 -0.0
* 331 6.64459705353 15.0 14.9418405397 15.0 14.9418405397 0.0 0.376 1.569 0.133 -0.0
* 332 6.66477799416 15.0 14.9418405397 15.0 14.9418405397 0.0 0.377 1.569 0.133 -0.0
* 333 6.68490314484 15.0 14.9418405397 15.0 14.9418405397 0.0 0.379 1.569 0.133 -0.0
* 334 6.705037117 15.0 14.9418405397 15.0 14.9418405397 0.0 0.38 1.569 0.133 0.0
* 335 6.72521209717 15.0 15.0541852054 15.0 15.0541852054 0.0 0.381 1.569 0.134 0.0
* 336 6.74538016319 15.0 14.9418405397 15.0 14.9418405397 0.0 0.382 1.569 0.133 -0.0
* 337 6.76552200317 15.0 14.9418405397 15.0 14.9418405397 0.0 0.383 1.569 0.133 -0.0
* 338 6.78568506241 15.0 14.9418405397 15.0 14.9418405397 0.0 0.384 1.569 0.133 -0.0
* 339 6.80587911606 15.0 14.9418405397 15.0 14.9418405397 0.0 0.386 1.569 0.133 0.0
* 340 6.82606816292 15.0 14.9418405397 15.0 14.9418405397 0.0 0.387 1.569 0.133 0.0
* 341 6.8462600708 15.0 15.0541852054 15.0 15.0541852054 0.0 0.388 1.569 0.134 0.0
* 342 6.86644601822 15.0 14.9418405397 15.0 14.9418405397 0.0 0.389 1.569 0.133 0.0
* 343 6.88660097122 15.0 14.9418405397 15.0 14.9418405397 0.0 0.39 1.569 0.133 -0.0
* 344 6.90675616264 15.0 14.9418405397 15.0 14.9418405397 0.0 0.392 1.569 0.133 0.0
* 345 6.92696499825 15.0 14.9418405397 15.0 14.9418405397 0.0 0.393 1.569 0.133 0.0
* 346 6.94713616371 15.0 14.9418405397 15.0 14.9418405397 0.0 0.394 1.569 0.133 0.0
* 347 6.96732115746 15.0 15.0541852054 15.0 15.0541852054 0.0 0.395 1.569 0.134 0.0
* 348 6.98749995232 15.0 14.9418405397 15.0 14.9418405397 0.0 0.396 1.569 0.133 -0.0
* 349 7.00767803192 15.0 14.9418405397 15.0 14.9418405397 0.0 0.397 1.569 0.133 -0.0
* 350 7.02785015106 15.0 14.9418405397 15.0 14.9418405397 0.0 0.399 1.569 0.133 -0.0
* 351 7.0479991436 15.0 14.9418405397 15.0 14.9418405397 0.0 0.4 1.569 0.133 -0.0
* 352 7.06811904907 15.0 14.9418405397 15.0 14.9418405397 0.0 0.401 1.569 0.133 -0.0
* 353 7.08828496933 15.0 15.0541852054 15.0 15.0541852054 0.0 0.402 1.569 0.134 -0.0
* 354 7.1084420681 15.0 14.9418405397 15.0 14.9418405397 0.0 0.403 1.569 0.133 -0.0
* 355 7.1286740303 15.0 14.9418405397 15.0 14.9418405397 0.0 0.405 1.569 0.133 -0.0
* 356 7.14887309074 15.0 14.9418405397 15.0 14.9418405397 0.0 0.406 1.569 0.133 -0.0
* 357 7.16904211044 15.0 14.9418405397 15.0 14.9418405397 0.0 0.407 1.569 0.133 -0.0
* 358 7.18919801712 15.0 14.9418405397 15.0 14.9418405397 0.0 0.408 1.569 0.133 -0.0
* 359 7.2093641758 15.0 14.9418405397 15.0 14.9418405397 0.0 0.409 1.569 0.133 -0.0
* 360 7.2295191288 15.0 14.9418405397 15.0 14.9418405397 0.0 0.41 1.569 0.133 -0.0
* 361 7.24966001511 15.0 14.9418405397 15.0 14.9418405397 0.0 0.412 1.569 0.133 0.0
* 362 7.26982903481 15.0 14.9418405397 15.0 14.9418405397 0.0 0.413 1.569 0.133 0.0
* 363 7.29000616074 15.0 14.9418405397 15.0 14.9418405397 0.0 0.414 1.569 0.133 0.0
* 364 7.31016016006 15.0 14.9418405397 15.0 14.9418405397 0.0 0.415 1.569 0.133 0.0
* 365 7.33032298088 15.0 14.9418405397 15.0 14.9418405397 0.0 0.416 1.569 0.133 0.0
* 366 7.35045695305 15.0 14.9418405397 15.0 14.9418405397 0.0 0.418 1.569 0.133 0.0
* 367 7.37061500549 15.0 14.9418405397 15.0 14.9418405397 0.0 0.419 1.569 0.133 -0.0
* 368 7.39078712463 15.0 14.9418405397 15.0 14.9418405397 0.0 0.42 1.569 0.133 -0.0
* 369 7.41098403931 15.0 14.9418405397 15.0 14.9418405397 0.0 0.421 1.569 0.133 0.0
* 370 7.43115711212 15.0 14.9418405397 15.0 14.9418405397 0.0 0.422 1.569 0.133 0.0
* 371 7.45133018494 15.0 14.9418405397 15.0 14.9418405397 0.0 0.424 1.569 0.133 0.0
* 372 7.47147512436 15.0 14.9418405397 15.0 14.9418405397 0.0 0.425 1.569 0.133 0.0
* 373 7.49164104462 15.0 14.9418405397 15.0 14.9418405397 0.0 0.426 1.569 0.133 -0.0
* 374 7.51178908348 15.0 14.9418405397 15.0 14.9418405397 0.0 0.427 1.569 0.133 -0.0
* 375 7.53191018105 15.0 14.9418405397 15.0 14.9418405397 0.0 0.428 1.569 0.133 -0.0
* 376 7.55205798149 15.0 14.9418405397 15.0 14.9418405397 0.0 0.429 1.569 0.133 0.0
* 377 7.57221102715 15.0 14.9418405397 15.0 14.9418405397 0.0 0.431 1.569 0.133 0.0
* 378 7.59236907959 15.0 14.9418405397 15.0 14.9418405397 0.0 0.432 1.569 0.133 0.0
* 379 7.61248707771 15.0 14.9418405397 15.0 14.9418405397 0.0 0.433 1.569 0.133 0.0
* 380 7.63266897202 15.0 14.9418405397 15.0 14.9418405397 0.0 0.434 1.569 0.133 0.0
* 381 7.65285015106 15.0 14.9418405397 15.0 14.9418405397 0.0 0.435 1.569 0.133 0.0
* 382 7.67298007011 15.0 14.9418405397 15.0 14.9418405397 0.0 0.437 1.569 0.133 0.0
* 383 7.69317603111 15.0 15.0541852054 15.0 15.0541852054 0.0 0.438 1.569 0.134 0.0
* 384 7.71334695816 15.0 14.9418405397 15.0 14.9418405397 0.0 0.439 1.569 0.133 0.0
* 385 7.73347711563 15.0 14.9418405397 15.0 14.9418405397 0.0 0.44 1.569 0.133 -0.0
* 386 7.75362610817 15.0 14.9418405397 15.0 14.9418405397 0.0 0.441 1.569 0.133 -0.0
* 387 7.77378797531 15.0 14.9418405397 15.0 14.9418405397 0.0 0.443 1.569 0.133 0.0
* 388 7.79395008087 15.0 14.9418405397 15.0 14.9418405397 0.0 0.444 1.569 0.133 0.0
* 389 7.8141169548 15.0 14.9418405397 15.0 14.9418405397 0.0 0.445 1.569 0.133 0.0
* 390 7.83424901962 15.0 14.9418405397 15.0 14.9418405397 0.0 0.446 1.569 0.133 0.0
* 391 7.85439109802 15.0 14.9418405397 15.0 14.9418405397 0.0 0.447 1.569 0.133 -0.0
* 392 7.87456703186 15.0 14.9418405397 15.0 14.9418405397 0.0 0.449 1.569 0.133 -0.0
* 393 7.89474105835 15.0 14.9418405397 15.0 14.9418405397 0.0 0.45 1.569 0.133 -0.0
* 394 7.91491603851 15.0 14.9418405397 15.0 14.9418405397 0.0 0.451 1.569 0.133 0.0
* 395 7.93505501747 15.0 14.9418405397 15.0 14.9418405397 0.0 0.452 1.569 0.133 0.0
* 396 7.95520401001 15.0 14.9418405397 15.0 14.9418405397 0.0 0.453 1.569 0.133 -0.0
* 397 7.97535800934 15.0 14.9418405397 15.0 14.9418405397 0.0 0.454 1.569 0.133 -0.0
* 398 7.99550914764 15.0 14.9418405397 15.0 14.9418405397 0.0 0.456 1.569 0.133 -0.0
* 399 8.01569604874 15.0 14.9418405397 15.0 14.9418405397 0.0 0.457 1.569 0.133 -0.0
* 400 8.03583407402 15.0 14.9418405397 15.0 14.9418405397 0.0 0.458 1.569 0.133 0.0
* 401 8.05599212646 15.0 14.9418405397 15.0 14.9418405397 0.0 0.459 1.569 0.133 0.0
* 402 8.07615017891 15.0 14.9418405397 15.0 14.9418405397 0.0 0.46 1.569 0.133 -0.0
* 403 8.09630799294 15.0 14.9418405397 15.0 14.9418405397 0.0 0.462 1.569 0.133 -0.0
* 404 8.11646318436 15.0 14.9418405397 15.0 14.9418405397 0.0 0.463 1.569 0.133 -0.0
* 405 8.13663601875 15.0 14.9418405397 15.0 14.9418405397 0.0 0.464 1.569 0.133 0.0
* 406 8.15681815147 15.0 14.9418405397 15.0 14.9418405397 0.0 0.465 1.569 0.133 0.0
* 407 8.17697906494 15.0 14.9418405397 15.0 14.9418405397 0.0 0.466 1.569 0.133 0.0
* 408 8.19713115692 15.0 15.0541852054 15.0 15.0541852054 0.0 0.467 1.569 0.134 -0.0
* 409 8.21729207039 15.0 14.9418405397 15.0 14.9418405397 0.0 0.469 1.569 0.133 -0.0
* 410 8.23745703697 15.0 14.9418405397 15.0 14.9418405397 0.0 0.47 1.569 0.133 -0.0
* 411 8.257625103 15.0 14.9418405397 15.0 14.9418405397 0.0 0.471 1.569 0.133 -0.0
* 412 8.27778911591 15.0 14.9418405397 15.0 14.9418405397 0.0 0.472 1.569 0.133 -0.0
* 413 8.29795718193 15.0 14.9418405397 15.0 14.9418405397 0.0 0.473 1.569 0.133 -0.0
* 414 8.31811308861 15.0 14.9418405397 15.0 14.9418405397 0.0 0.475 1.569 0.133 -0.0
* 415 8.33828902245 15.0 14.9418405397 15.0 14.9418405397 0.0 0.476 1.569 0.133 -0.0
* 416 8.35844016075 15.0 14.9418405397 15.0 14.9418405397 0.0 0.477 1.569 0.133 -0.0
* 417 8.37861800194 15.0 14.9418405397 15.0 14.9418405397 0.0 0.478 1.569 0.133 -0.0
* 418 8.39877796173 15.0 14.9418405397 15.0 14.9418405397 0.0 0.479 1.569 0.133 -0.0
* 419 8.41893911362 15.0 14.9418405397 15.0 14.9418405397 0.0 0.481 1.569 0.133 -0.0
* 420 8.43911910057 15.0 14.9418405397 15.0 14.9418405397 0.0 0.482 1.569 0.133 -0.0
* 421 8.45932006836 15.0 14.9418405397 15.0 14.9418405397 0.0 0.483 1.569 0.133 -0.0
* 422 8.47949099541 15.0 14.9418405397 15.0 14.9418405397 0.0 0.484 1.569 0.133 -0.0
* 423 8.49963212013 15.0 14.9418405397 15.0 14.9418405397 0.0 0.485 1.569 0.133 -0.0
* 424 8.51980209351 15.0 14.9418405397 15.0 14.9418405397 0.0 0.486 1.569 0.133 -0.0
* 425 8.53997302055 15.0 14.9418405397 15.0 14.9418405397 0.0 0.488 1.569 0.133 -0.0
* 426 8.56010103226 15.0 14.9418405397 15.0 14.9418405397 0.0 0.489 1.569 0.133 -0.0
* 427 8.58026409149 15.0 14.9418405397 15.0 14.9418405397 0.0 0.49 1.569 0.133 -0.0
* 428 8.60041213036 15.0 14.9418405397 15.0 14.9418405397 0.0 0.491 1.569 0.133 -0.0
* 429 8.62058615685 15.0 14.9418405397 15.0 14.9418405397 0.0 0.492 1.569 0.133 -0.0
* 430 8.64073395729 15.0 14.9418405397 15.0 14.9418405397 0.0 0.494 1.569 0.133 -0.0
* 431 8.66087698936 15.0 14.9418405397 15.0 14.9418405397 0.0 0.495 1.569 0.133 -0.0
* 432 8.68102812767 15.0 14.9418405397 15.0 14.9418405397 0.0 0.496 1.569 0.133 -0.0
* 433 8.70116710663 15.0 14.9418405397 15.0 14.9418405397 0.0 0.497 1.569 0.133 -0.0
* 434 8.72128200531 15.0 14.9418405397 15.0 14.9418405397 0.0 0.498 1.569 0.133 -0.0
* 435 8.74140000343 15.0 14.9418405397 15.0 14.9418405397 0.0 0.5 1.569 0.133 0.0
* 436 8.76151609421 15.0 14.9418405397 15.0 14.9418405397 0.0 0.501 1.569 0.133 0.0
* 437 8.78162717819 15.0 14.9418405397 15.0 14.9418405397 0.0 0.502 1.569 0.133 0.0
* 438 8.80176210403 15.0 14.9418405397 15.0 14.9418405397 0.0 0.503 1.569 0.133 -0.0
* 439 8.82186412811 15.0 14.9418405397 15.0 14.9418405397 0.0 0.504 1.569 0.133 -0.0
* 440 8.84199714661 15.0 14.9418405397 15.0 14.9418405397 0.0 0.505 1.569 0.133 -0.0
* 441 8.86215114594 15.0 14.9418405397 15.0 14.9418405397 0.0 0.507 1.569 0.133 0.0
* 442 8.88230204582 15.0 14.9418405397 15.0 14.9418405397 0.0 0.508 1.569 0.133 0.0
* 443 8.90242815018 15.0 14.9418405397 15.0 14.9418405397 0.0 0.509 1.569 0.133 0.0
* 444 8.922549963 15.0 14.9418405397 15.0 14.9418405397 0.0 0.51 1.569 0.133 0.0
* 445 8.94273614883 15.0 14.9418405397 15.0 14.9418405397 0.0 0.511 1.569 0.133 0.0
* 446 8.96291804314 15.0 15.0541852054 15.0 15.0541852054 0.0 0.513 1.569 0.134 0.0
* 447 8.98304414749 15.0 14.9418405397 15.0 14.9418405397 0.0 0.514 1.569 0.133 0.0
* 448 9.00319004059 15.0 14.9418405397 15.0 14.9418405397 0.0 0.515 1.569 0.133 0.0
* 449 9.0233540535 15.0 14.9418405397 15.0 14.9418405397 0.0 0.516 1.569 0.133 0.0
* 450 9.04349803925 15.0 14.9418405397 15.0 14.9418405397 0.0 0.517 1.569 0.133 0.0
* 451 9.06365895271 15.0 14.9418405397 15.0 14.9418405397 0.0 0.518 1.569 0.133 -0.0
* 452 9.08382296562 15.0 14.9418405397 15.0 14.9418405397 0.0 0.52 1.569 0.133 -0.0
* 453 9.10401701927 15.0 14.9418405397 15.0 14.9418405397 0.0 0.521 1.569 0.133 -0.0
* 454 9.12416505814 15.0 14.9418405397 15.0 14.9418405397 0.0 0.522 1.569 0.133 0.0
* 455 9.14429211617 15.0 14.9418405397 15.0 14.9418405397 0.0 0.523 1.569 0.133 0.0
* 456 9.16444516182 15.0 14.9418405397 15.0 14.9418405397 0.0 0.524 1.569 0.133 -0.0
* 457 9.18464016914 15.0 14.9418405397 15.0 14.9418405397 0.0 0.526 1.569 0.133 -0.0
* 458 9.2047791481 15.0 14.9418405397 15.0 14.9418405397 0.0 0.527 1.569 0.133 0.0
* 459 9.22495412827 15.0 14.9418405397 15.0 14.9418405397 0.0 0.528 1.569 0.133 0.0
* 460 9.24510002136 15.0 15.0541852054 15.0 15.0541852054 0.0 0.529 1.569 0.134 0.0
* 461 9.26522302628 15.0 14.9418405397 15.0 14.9418405397 0.0 0.53 1.569 0.133 0.0
* 462 9.28539609909 15.0 14.9418405397 15.0 14.9418405397 0.0 0.532 1.569 0.133 0.0
* 463 9.30551099777 15.0 14.9418405397 15.0 14.9418405397 0.0 0.533 1.569 0.133 0.0
* 464 9.32564210892 15.0 14.9418405397 15.0 14.9418405397 0.0 0.534 1.569 0.133 0.0
* 465 9.34575605392 15.0 14.9418405397 15.0 14.9418405397 0.0 0.535 1.569 0.133 0.0
* 466 9.36585617065 15.0 14.9418405397 15.0 14.9418405397 0.0 0.536 1.569 0.133 0.0
* 467 9.38598299026 15.0 14.9418405397 15.0 14.9418405397 0.0 0.537 1.569 0.133 -0.0
* 468 9.40609002113 15.0 14.9190907449 15.0 14.9645903345 0.0 0.539 1.569 0.133 -0.001
* 469 9.42619609833 15.0 14.9190907449 15.0 14.9645903345 0.0 0.54 1.569 0.133 -0.001
* 470 9.44629716873 15.0 14.9190907449 15.0 14.9645903345 0.0 0.541 1.569 0.133 -0.001
* 471 9.46638703346 15.0 14.9418405397 15.0 14.9418405397 0.0 0.542 1.569 0.133 -0.0
* 472 9.48649001122 15.0 14.9418405397 15.0 14.9418405397 0.0 0.543 1.569 0.133 -0.0
* 473 9.50658798218 15.0 14.9418405397 15.0 14.9418405397 0.0 0.545 1.569 0.133 -0.0
* 474 9.52667713165 15.0 14.9418405397 15.0 14.9418405397 0.0 0.546 1.569 0.133 -0.0
* 475 9.54676413536 15.0 14.9418405397 15.0 14.9418405397 0.0 0.547 1.569 0.133 0.0
* 476 9.56685495377 15.0 14.9418405397 15.0 14.9418405397 0.0 0.548 1.569 0.133 0.0
* 477 9.58695411682 15.0 14.9418405397 15.0 14.9418405397 0.0 0.549 1.569 0.133 0.0
* 478 9.60701799393 15.0 15.0541852054 15.0 15.0541852054 0.0 0.55 1.569 0.134 0.0
* 479 9.62710404396 15.0 15.0541852054 15.0 15.0541852054 0.0 0.552 1.569 0.134 0.0
* 480 9.64720201492 15.0 14.9418405397 15.0 14.9418405397 0.0 0.553 1.569 0.133 0.0
* 481 9.66731405258 15.0 14.9418405397 15.0 14.9418405397 0.0 0.554 1.569 0.133 0.0
* 482 9.68741106987 15.0 14.9418405397 15.0 14.9418405397 0.0 0.555 1.569 0.133 0.0
* 483 9.70750498772 15.0 14.9418405397 15.0 14.9418405397 0.0 0.556 1.569 0.133 0.0
* 484 9.72761917114 15.0 15.0541852054 15.0 15.0541852054 0.0 0.558 1.569 0.134 0.0
* 485 9.74771595001 15.0 14.9418405397 15.0 14.9418405397 0.0 0.559 1.569 0.133 0.0
* 486 9.76782107353 15.0 14.9418405397 15.0 14.9418405397 0.0 0.56 1.569 0.133 0.0
* 487 9.78790807724 15.0 14.9418405397 15.0 14.9418405397 0.0 0.561 1.569 0.133 0.0
* 488 9.80801200867 15.0 14.9418405397 15.0 14.9418405397 0.0 0.562 1.569 0.133 0.0
* 489 9.82810306549 15.0 15.0541852054 15.0 15.0541852054 0.0 0.563 1.569 0.134 0.0
* 490 9.84817910194 15.0 14.9418405397 15.0 14.9418405397 0.0 0.565 1.569 0.133 0.0
* 491 9.86824417114 15.0 14.9418405397 15.0 14.9418405397 0.0 0.566 1.569 0.133 0.0
* 492 9.88833999634 15.0 14.9418405397 15.0 14.9418405397 0.0 0.567 1.569 0.133 0.0
* 493 9.90842008591 15.0 14.9418405397 15.0 14.9418405397 0.0 0.568 1.569 0.133 0.0
* 494 9.92852497101 15.0 14.9418405397 15.0 14.9418405397 0.0 0.569 1.569 0.133 0.0
* 495 9.94862103462 15.0 14.9418405397 15.0 14.9418405397 0.0 0.571 1.569 0.133 0.0
* 496 9.96870398521 15.0 14.9418405397 15.0 14.9418405397 0.0 0.572 1.569 0.133 0.0
* 497 9.98880910873 15.0 14.9418405397 15.0 14.9418405397 0.0 0.573 1.569 0.133 0.0
* 498 10.0088889599 15.0 14.9418405397 15.0 14.9418405397 0.0 0.574 1.569 0.133 -0.0
* 499 10.0289700031 15.0 15.0541852054 15.0 15.0541852054 0.0 0.575 1.569 0.134 0.0
* 500 10.0490691662 15.0 14.9418405397 15.0 14.9418405397 0.0 0.576 1.569 0.133 0.0
