### Ensaio dos Controladores de Velocidade dos Motores ###

# Parâmetros #

# Número do Ensaio: 1
# Frequência de Amostragem: 50.0 Hz
# Número de Amostras: 500
# Velocidade de Referência Direita: 15.000 
# Velocidade de Referência Esquerda: 15.000 

* 1 0.0 15.0 0.0 15.0 0.0
* 2 0.0200769901276 15.0 0.0 15.0 0.004
* 3 0.0401539802551 15.0 0.126 15.0 0.141
* 4 0.0602388381958 15.0 0.389 15.0 0.391
* 5 0.0803060531616 15.0 0.697 15.0 0.69
* 6 0.100386857986 15.0 1.094 15.0 1.075
* 7 0.120461940765 15.0 1.502 15.0 1.471
* 8 0.140529870987 15.0 1.91 15.0 1.869
* 9 0.160601854324 15.0 2.376 15.0 2.318
* 10 0.180670976639 15.0 2.802 15.0 2.728
* 11 0.200747966766 15.0 3.269 15.0 3.182
* 12 0.220820903778 15.0 3.646 15.0 3.55
* 13 0.240890026093 15.0 4.127 15.0 4.019
* 14 0.26096701622 15.0 4.519 15.0 4.401
* 15 0.281038999557 15.0 4.945 15.0 4.814
* 16 0.301111936569 15.0 5.314 15.0 5.176
* 17 0.321185827255 15.0 5.695 15.0 5.547
* 18 0.341258049011 15.0 6.065 15.0 5.913
* 19 0.361336946487 15.0 6.39 15.0 6.239
* 20 0.381413936615 15.0 6.732 15.0 6.579
* 21 0.401481866837 15.0 7.037 15.0 6.881
* 22 0.421561002731 15.0 7.334 15.0 7.177
* 23 0.441637992859 15.0 7.644 15.0 7.486
* 24 0.461706876755 15.0 7.923 15.0 7.759
* 25 0.481786966324 15.0 8.218 15.0 8.056
* 26 0.501859903336 15.0 8.432 15.0 8.277
* 27 0.521935939789 15.0 8.728 15.0 8.581
* 28 0.542012929916 15.0 8.958 15.0 8.809
* 29 0.562087059021 15.0 9.207 15.0 9.048
* 30 0.582161903381 15.0 9.423 15.0 9.266
* 31 0.602239847183 15.0 9.646 15.0 9.498
* 32 0.622307062149 15.0 9.859 15.0 9.716
* 33 0.642379999161 15.0 10.047 15.0 9.905
* 34 0.662459850311 15.0 10.246 15.0 10.101
* 35 0.682528972626 15.0 10.394 15.0 10.238
* 36 0.702600002289 15.0 10.626 15.0 10.475
* 37 0.722669839859 15.0 10.75 15.0 10.608
* 38 0.742739915848 15.0 10.961 15.0 10.827
* 39 0.762814044952 15.0 11.066 15.0 10.939
* 40 0.782883882523 15.0 11.258 15.0 11.139
* 41 0.802958965302 15.0 11.394 15.0 11.274
* 42 0.823039054871 15.0 11.54 15.0 11.409
* 43 0.843111991882 15.0 11.669 15.0 11.532
* 44 0.863189935684 15.0 11.801 15.0 11.662
* 45 0.883525848389 15.0 11.928 15.0 11.794
* 46 0.903597831726 15.0 12.038 15.0 11.917
* 47 0.923677921295 15.0 12.149 15.0 12.045
* 48 0.943750858307 15.0 12.204 15.0 12.114
* 49 0.963829994202 15.0 12.366 15.0 12.27
* 50 0.983906030655 15.0 12.424 15.0 12.327
* 51 1.00397491455 15.0 12.575 15.0 12.468
* 52 1.02405190468 15.0 12.662 15.0 12.554
* 53 1.04412889481 15.0 12.757 15.0 12.638
* 54 1.06420898438 15.0 12.842 15.0 12.718
* 55 1.08429002762 15.0 12.923 15.0 12.804
* 56 1.10435605049 15.0 13.004 15.0 12.891
* 57 1.12443494797 15.0 13.075 15.0 12.979
* 58 1.14451003075 15.0 13.148 15.0 13.069
* 59 1.16458106041 15.0 13.172 15.0 13.106
* 60 1.18465900421 15.0 13.237 15.0 13.183
* 61 1.2047328949 15.0 13.312 15.0 13.26
* 62 1.22480297089 15.0 13.391 15.0 13.329
* 63 1.24488091469 15.0 13.466 15.0 13.396
* 64 1.26495099068 15.0 13.537 15.0 13.458
* 65 1.28503203392 15.0 13.604 15.0 13.515
* 66 1.30510783195 15.0 13.651 15.0 13.572
* 67 1.32517385483 15.0 13.691 15.0 13.622
* 68 1.34522795677 15.0 13.734 15.0 13.671
* 69 1.36530804634 15.0 13.782 15.0 13.718
* 70 1.38537788391 15.0 13.828 15.0 13.771
* 71 1.40545487404 15.0 13.835 15.0 13.782
* 72 1.42552495003 15.0 13.876 15.0 13.836
* 73 1.44559597969 15.0 13.921 15.0 13.896
* 74 1.46567106247 15.0 13.965 15.0 13.949
* 75 1.48573994637 15.0 14.01 15.0 14.001
* 76 1.50581502914 15.0 14.009 15.0 14.002
* 77 1.52589392662 15.0 14.101 15.0 14.094
* 78 1.54596090317 15.0 14.128 15.0 14.128
* 79 1.56602883339 15.0 14.157 15.0 14.163
* 80 1.58610296249 15.0 14.181 15.0 14.191
* 81 1.60616898537 15.0 14.208 15.0 14.217
* 82 1.62624287605 15.0 14.241 15.0 14.24
* 83 1.64631199837 15.0 14.283 15.0 14.276
* 84 1.66638493538 15.0 14.325 15.0 14.314
* 85 1.6864669323 15.0 14.307 15.0 14.304
* 86 1.70653486252 15.0 14.339 15.0 14.341
* 87 1.72661089897 15.0 14.369 15.0 14.373
* 88 1.74667286873 15.0 14.413 15.0 14.406
* 89 1.76674485207 15.0 14.443 15.0 14.437
* 90 1.78682303429 15.0 14.429 15.0 14.421
* 91 1.80689191818 15.0 14.498 15.0 14.495
* 92 1.82696700096 15.0 14.523 15.0 14.518
* 93 1.84704089165 15.0 14.541 15.0 14.538
* 94 1.86711096764 15.0 14.556 15.0 14.555
* 95 1.88718795776 15.0 14.562 15.0 14.568
* 96 1.90726304054 15.0 14.538 15.0 14.578
* 97 1.92733287811 15.0 14.504 15.0 14.6
* 98 1.9474029541 15.0 14.438 15.0 14.572
* 99 1.96747303009 15.0 14.444 15.0 14.59
* 100 1.9875459671 15.0 14.47 15.0 14.612
* 101 2.00762295723 15.0 14.501 15.0 14.629
* 102 2.02769184113 15.0 14.531 15.0 14.651
* 103 2.0477669239 15.0 14.57 15.0 14.666
* 104 2.06783986092 15.0 14.567 15.0 14.639
* 105 2.08790802956 15.0 14.674 15.0 14.698
* 106 2.10799503326 15.0 14.718 15.0 14.716
* 107 2.12807297707 15.0 14.744 15.0 14.728
* 108 2.14814090729 15.0 14.768 15.0 14.743
* 109 2.16821098328 15.0 14.786 15.0 14.752
* 110 2.18827986717 15.0 14.805 15.0 14.76
* 111 2.20835494995 15.0 14.824 15.0 14.773
* 112 2.22842884064 15.0 14.838 15.0 14.783
* 113 2.24849796295 15.0 14.803 15.0 14.746
* 114 2.2685739994 15.0 14.818 15.0 14.757
* 115 2.28864884377 15.0 14.831 15.0 14.766
* 116 2.30871796608 15.0 14.841 15.0 14.779
* 117 2.32879304886 15.0 14.849 15.0 14.788
* 118 2.34886193275 15.0 14.806 15.0 14.752
* 119 2.36893701553 15.0 14.849 15.0 14.806
* 120 2.38901495934 15.0 14.847 15.0 14.817
* 121 2.409085989 15.0 14.851 15.0 14.823
* 122 2.4291639328 15.0 14.857 15.0 14.832
* 123 2.44924402237 15.0 14.855 15.0 14.836
* 124 2.46931695938 15.0 14.861 15.0 14.84
* 125 2.48939800262 15.0 14.872 15.0 14.849
* 126 2.50947594643 15.0 14.878 15.0 14.856
* 127 2.52954101562 15.0 14.836 15.0 14.814
* 128 2.54962086678 15.0 14.854 15.0 14.825
* 129 2.56969094276 15.0 14.86 15.0 14.835
* 130 2.58976387978 15.0 14.868 15.0 14.85
* 131 2.60984396935 15.0 14.874 15.0 14.864
* 132 2.62991499901 15.0 14.882 15.0 14.877
* 133 2.64998602867 15.0 14.898 15.0 14.887
* 134 2.67006087303 15.0 14.903 15.0 14.893
* 135 2.69011282921 15.0 14.891 15.0 14.893
* 136 2.71017599106 15.0 14.885 15.0 14.899
* 137 2.7302479744 15.0 14.893 15.0 14.896
* 138 2.75032305717 15.0 14.903 15.0 14.896
* 139 2.7704000473 15.0 14.921 15.0 14.902
* 140 2.7904689312 15.0 14.931 15.0 14.905
* 141 2.81054401398 15.0 14.897 15.0 14.872
* 142 2.83061885834 15.0 14.956 15.0 14.932
* 143 2.85068583488 15.0 14.921 15.0 14.894
* 144 2.87076592445 15.0 14.976 15.0 14.942
* 145 2.89087700844 15.0 14.935 15.0 14.901
* 146 2.91095304489 15.0 14.981 15.0 14.947
* 147 2.93103694916 15.0 14.978 15.0 14.95
* 148 2.95111584663 15.0 14.969 15.0 14.947
* 149 2.9711959362 15.0 14.963 15.0 14.946
* 150 2.99127602577 15.0 14.964 15.0 14.952
* 151 3.01134800911 15.0 14.907 15.0 14.905
* 152 3.03142094612 15.0 14.901 15.0 14.91
* 153 3.05149698257 15.0 14.909 15.0 14.922
* 154 3.07156586647 15.0 14.928 15.0 14.932
* 155 3.0916428566 15.0 14.956 15.0 14.946
* 156 3.11171197891 15.0 14.966 15.0 14.959
* 157 3.13178300858 15.0 14.933 15.0 14.925
* 158 3.15185785294 15.0 14.982 15.0 14.979
* 159 3.17192983627 15.0 14.983 15.0 14.982
* 160 3.19200897217 15.0 14.981 15.0 14.977
* 161 3.21208286285 15.0 14.982 15.0 14.98
* 162 3.23215293884 15.0 14.978 15.0 14.979
* 163 3.25222396851 15.0 14.969 15.0 14.977
* 164 3.2722890377 15.0 14.969 15.0 14.978
* 165 3.29236388206 15.0 14.926 15.0 14.93
* 166 3.31244397163 15.0 14.945 15.0 14.933
* 167 3.33250999451 15.0 14.954 15.0 14.946
* 168 3.35257983208 15.0 14.954 15.0 14.956
* 169 3.37265300751 15.0 14.955 15.0 14.969
* 170 3.39272499084 15.0 14.965 15.0 14.98
* 171 3.41280293465 15.0 14.931 15.0 14.939
* 172 3.4328789711 15.0 14.992 15.0 14.992
* 173 3.45295095444 15.0 14.991 15.0 14.995
* 174 3.47302293777 15.0 14.986 15.0 14.993
* 175 3.49309492111 15.0 14.982 15.0 14.994
* 176 3.51317286491 15.0 14.97 15.0 14.988
* 177 3.53324985504 15.0 14.971 15.0 14.982
* 178 3.55332303047 15.0 14.975 15.0 14.985
* 179 3.57340097427 15.0 14.984 15.0 14.984
* 180 3.59347701073 15.0 14.949 15.0 14.946
* 181 3.61356782913 15.0 14.965 15.0 14.962
* 182 3.63366293907 15.0 14.978 15.0 14.968
* 183 3.65375185013 15.0 14.991 15.0 14.978
* 184 3.67385983467 15.0 14.999 15.0 14.987
* 185 3.69397187233 15.0 14.947 15.0 14.951
* 186 3.71407794952 15.0 14.98 15.0 15.004
* 187 3.7342069149 15.0 14.965 15.0 15.002
* 188 3.75430583954 15.0 14.974 15.0 15.004
* 189 3.77444601059 15.0 14.94 15.0 14.955
* 190 3.79455304146 15.0 14.949 15.0 14.956
* 191 3.81465196609 15.0 14.963 15.0 14.968
* 192 3.8347568512 15.0 14.978 15.0 14.974
* 193 3.85486602783 15.0 14.996 15.0 14.984
* 194 3.87497901917 15.0 15.005 15.0 14.992
* 195 3.89507198334 15.0 15.013 15.0 14.996
* 196 3.91520404816 15.0 15.01 15.0 14.996
* 197 3.93531990051 15.0 15.006 15.0 14.991
* 198 3.95546793938 15.0 15.01 15.0 14.993
* 199 3.97559285164 15.0 15.014 15.0 14.993
* 200 3.99570894241 15.0 14.98 15.0 14.957
* 201 4.01583790779 15.0 15.034 15.0 15.016
* 202 4.03593802452 15.0 15.026 15.0 15.019
* 203 4.05604100227 15.0 15.006 15.0 15.016
* 204 4.07614898682 15.0 15.001 15.0 15.011
* 205 4.09626102448 15.0 15.004 15.0 15.01
* 206 4.11640906334 15.0 14.963 15.0 14.962
* 207 4.13650894165 15.0 14.973 15.0 14.964
* 208 4.15661001205 15.0 14.98 15.0 14.974
* 209 4.17675089836 15.0 14.988 15.0 14.981
* 210 4.19686985016 15.0 14.996 15.0 14.99
* 211 4.21696996689 15.0 15.009 15.0 14.999
* 212 4.23712205887 15.0 15.016 15.0 15.003
* 213 4.25723290443 15.0 15.018 15.0 15.0
* 214 4.27737498283 15.0 15.02 15.0 14.991
* 215 4.29747486115 15.0 15.024 15.0 14.993
* 216 4.31760883331 15.0 15.034 15.0 14.997
* 217 4.3377058506 15.0 15.002 15.0 14.963
* 218 4.35782003403 15.0 15.049 15.0 15.021
* 219 4.37796401978 15.0 15.042 15.0 15.026
* 220 4.39807105064 15.0 15.027 15.0 15.022
* 221 4.41818499565 15.0 15.02 15.0 15.019
* 222 4.43830800056 15.0 15.017 15.0 15.022
* 223 4.45844602585 15.0 14.964 15.0 14.973
* 224 4.47857284546 15.0 14.962 15.0 14.972
* 225 4.49868988991 15.0 14.972 15.0 14.978
* 226 4.51879882812 15.0 14.983 15.0 14.982
* 227 4.5389008522 15.0 15.003 15.0 14.994
* 228 4.55900001526 15.0 15.025 15.0 15.004
* 229 4.57912492752 15.0 15.037 15.0 15.004
* 230 4.59926605225 15.0 15.04 15.0 15.009
* 231 4.61938405037 15.0 14.993 15.0 14.967
* 232 4.63949990273 15.0 15.003 15.0 14.973
* 233 4.6596159935 15.0 15.016 15.0 14.985
* 234 4.67971992493 15.0 15.027 15.0 14.995
* 235 4.69988298416 15.0 15.031 15.0 15.008
* 236 4.71999001503 15.0 15.032 15.0 15.018
* 237 4.74010396004 15.0 15.036 15.0 15.025
* 238 4.76020884514 15.0 15.043 15.0 15.021
* 239 4.78032183647 15.0 15.046 15.0 15.019
* 240 4.80044293404 15.0 15.055 15.0 15.021
* 241 4.82057785988 15.0 15.054 15.0 15.019
* 242 4.84067893028 15.0 15.011 15.0 14.976
* 243 4.86079502106 15.0 15.056 15.0 15.025
* 244 4.88091182709 15.0 15.001 15.0 14.981
* 245 4.90101599693 15.0 15.033 15.0 15.026
* 246 4.92110204697 15.0 15.022 15.0 15.028
* 247 4.94123101234 15.0 15.002 15.0 15.021
* 248 4.96137285233 15.0 14.982 15.0 15.018
* 249 4.98148083687 15.0 14.977 15.0 15.021
* 250 5.0015668869 15.0 14.972 15.0 15.021
* 251 5.02169895172 15.0 14.935 15.0 14.972
* 252 5.04182600975 15.0 14.95 15.0 14.978
* 253 5.06193685532 15.0 14.957 15.0 14.982
* 254 5.08204698563 15.0 14.981 15.0 14.991
* 255 5.10218191147 15.0 14.997 15.0 14.997
* 256 5.12227702141 15.0 15.005 15.0 14.998
* 257 5.14240384102 15.0 15.018 15.0 15.002
* 258 5.16253304482 15.0 15.021 15.0 15.005
* 259 5.18264102936 15.0 14.978 15.0 14.963
* 260 5.20273900032 15.0 15.027 15.0 15.017
* 261 5.22286200523 15.0 14.981 15.0 14.975
* 262 5.24297904968 15.0 15.024 15.0 15.021
* 263 5.26308584213 15.0 15.025 15.0 15.023
* 264 5.28318500519 15.0 15.017 15.0 15.021
* 265 5.3033080101 15.0 15.017 15.0 15.017
* 266 5.32341384888 15.0 15.025 15.0 15.02
* 267 5.34356403351 15.0 15.026 15.0 15.018
* 268 5.36366295815 15.0 14.977 15.0 14.974
* 269 5.38377690315 15.0 15.015 15.0 15.019
* 270 5.40384793282 15.0 14.967 15.0 14.976
* 271 5.42395401001 15.0 15.021 15.0 15.021
* 272 5.44406795502 15.0 15.024 15.0 15.026
* 273 5.46418499947 15.0 15.023 15.0 15.024
* 274 5.48433685303 15.0 15.025 15.0 15.022
* 275 5.50442004204 15.0 15.034 15.0 15.025
* 276 5.52453494072 15.0 15.039 15.0 15.023
* 277 5.54462385178 15.0 14.999 15.0 14.972
* 278 5.56472682953 15.0 15.009 15.0 14.974
* 279 5.58483195305 15.0 15.017 15.0 14.976
* 280 5.60497999191 15.0 15.018 15.0 14.981
* 281 5.62512993813 15.0 15.018 15.0 14.985
* 282 5.64523005486 15.0 15.02 15.0 14.984
* 283 5.66533899307 15.0 15.031 15.0 14.987
* 284 5.6854660511 15.0 15.039 15.0 14.99
* 285 5.70560789108 15.0 14.989 15.0 14.951
* 286 5.72577905655 15.0 14.996 15.0 14.965
* 287 5.74589085579 15.0 15.004 15.0 14.971
* 288 5.76598000526 15.0 15.021 15.0 14.985
* 289 5.78608989716 15.0 15.032 15.0 14.992
* 290 5.80620884895 15.0 15.048 15.0 14.993
* 291 5.82632184029 15.0 15.065 15.0 14.997
* 292 5.84644293785 15.0 15.029 15.0 14.952
* 293 5.86653399467 15.0 15.039 15.0 14.963
* 294 5.8866379261 15.0 15.045 15.0 14.973
* 295 5.90681385994 15.0 15.027 15.0 14.98
* 296 5.92691087723 15.0 14.984 15.0 14.993
* 297 5.94701004028 15.0 14.933 15.0 15.002
* 298 5.96713805199 15.0 14.897 15.0 15.0
* 299 5.98724389076 15.0 14.904 15.0 15.005
* 300 6.00735092163 15.0 14.861 15.0 14.959
* 301 6.02745699883 15.0 14.873 15.0 14.969
* 302 6.04755687714 15.0 14.886 15.0 14.98
* 303 6.06767106056 15.0 14.912 15.0 14.988
* 304 6.08780503273 15.0 14.953 15.0 15.0
* 305 6.10791897774 15.0 15.007 15.0 15.008
* 306 6.12801289558 15.0 15.038 15.0 15.012
* 307 6.1481359005 15.0 15.054 15.0 15.006
* 308 6.16825699806 15.0 15.073 15.0 15.002
* 309 6.18834900856 15.0 15.095 15.0 15.003
* 310 6.20845484734 15.0 15.103 15.0 15.003
* 311 6.22855496407 15.0 15.056 15.0 14.959
* 312 6.24868702888 15.0 15.064 15.0 14.973
* 313 6.26878786087 15.0 15.065 15.0 14.983
* 314 6.28888893127 15.0 15.067 15.0 14.99
* 315 6.30899500847 15.0 15.064 15.0 14.996
* 316 6.32914185524 15.0 15.05 15.0 14.997
* 317 6.34924197197 15.0 15.05 15.0 15.004
* 318 6.36935091019 15.0 15.0 15.0 14.962
* 319 6.38944196701 15.0 15.0 15.0 14.972
* 320 6.40957188606 15.0 15.014 15.0 14.983
* 321 6.42968297005 15.0 15.022 15.0 14.991
* 322 6.44977998734 15.0 15.036 15.0 15.002
* 323 6.4698908329 15.0 15.037 15.0 15.011
* 324 6.49002194405 15.0 15.045 15.0 15.012
* 325 6.51011800766 15.0 15.036 15.0 15.011
* 326 6.53021883965 15.0 15.03 15.0 15.006
* 327 6.55034685135 15.0 15.033 15.0 15.001
* 328 6.57045793533 15.0 15.036 15.0 15.005
* 329 6.59059906006 15.0 14.991 15.0 14.965
* 330 6.6106979847 15.0 14.998 15.0 14.978
* 331 6.63079690933 15.0 14.997 15.0 14.988
* 332 6.65092682838 15.0 15.002 15.0 14.997
* 333 6.6710319519 15.0 15.0 15.0 15.001
* 334 6.69116997719 15.0 14.986 15.0 14.997
* 335 6.71127891541 15.0 14.978 15.0 15.003
* 336 6.73138785362 15.0 14.92 15.0 14.962
* 337 6.75149202347 15.0 14.916 15.0 14.969
* 338 6.7715909481 15.0 14.922 15.0 14.984
* 339 6.79170584679 15.0 14.929 15.0 14.99
* 340 6.81181693077 15.0 14.941 15.0 14.999
* 341 6.83192396164 15.0 14.948 15.0 15.005
* 342 6.85203099251 15.0 14.957 15.0 15.009
* 343 6.87212991714 15.0 14.96 15.0 15.01
* 344 6.89224600792 15.0 14.961 15.0 15.002
* 345 6.91241884232 15.0 14.956 15.0 15.004
* 346 6.93253684044 15.0 14.955 15.0 15.003
* 347 6.95268106461 15.0 14.917 15.0 14.966
* 348 6.97283506393 15.0 14.977 15.0 15.024
* 349 6.99294805527 15.0 14.979 15.0 15.027
* 350 7.01305484772 15.0 14.97 15.0 15.021
* 351 7.03316783905 15.0 14.952 15.0 15.011
* 352 7.05327796936 15.0 14.943 15.0 15.01
* 353 7.07338786125 15.0 14.952 15.0 15.007
* 354 7.09350895882 15.0 14.915 15.0 14.963
* 355 7.11361694336 15.0 14.928 15.0 14.978
* 356 7.13374185562 15.0 14.936 15.0 14.984
* 357 7.15386295319 15.0 14.959 15.0 14.993
* 358 7.17398095131 15.0 14.97 15.0 14.999
* 359 7.19411492348 15.0 14.972 15.0 15.0
* 360 7.21421289444 15.0 14.981 15.0 15.007
* 361 7.234333992 15.0 14.942 15.0 14.967
* 362 7.25442504883 15.0 14.958 15.0 14.979
* 363 7.27453994751 15.0 14.974 15.0 14.987
* 364 7.29464697838 15.0 14.98 15.0 14.993
* 365 7.31475400925 15.0 14.991 15.0 15.004
* 366 7.3351328373 15.0 14.996 15.0 15.012
* 367 7.35524106026 15.0 14.986 15.0 15.01
* 368 7.3753490448 15.0 14.931 15.0 14.965
* 369 7.39547491074 15.0 14.981 15.0 15.021
* 370 7.41557598114 15.0 14.942 15.0 14.977
* 371 7.43570494652 15.0 14.954 15.0 14.987
* 372 7.45580983162 15.0 14.967 15.0 14.992
* 373 7.4759209156 15.0 14.993 15.0 15.0
* 374 7.4960360527 15.0 15.001 15.0 15.002
* 375 7.51617598534 15.0 15.003 15.0 15.0
* 376 7.53634190559 15.0 15.01 15.0 15.006
* 377 7.55646085739 15.0 15.015 15.0 15.014
* 378 7.57660388947 15.0 14.973 15.0 14.972
* 379 7.59671497345 15.0 14.986 15.0 14.984
* 380 7.61683297157 15.0 14.988 15.0 14.989
* 381 7.6369600296 15.0 15.001 15.0 14.998
* 382 7.65707492828 15.0 15.008 15.0 15.004
* 383 7.67719984055 15.0 15.0 15.0 15.002
* 384 7.69731283188 15.0 14.989 15.0 15.01
* 385 7.71742296219 15.0 14.935 15.0 14.97
* 386 7.73754096031 15.0 14.951 15.0 14.979
* 387 7.75763487816 15.0 14.969 15.0 14.991
* 388 7.77775096893 15.0 14.978 15.0 14.994
* 389 7.79786992073 15.0 14.996 15.0 15.003
* 390 7.81796503067 15.0 15.004 15.0 15.008
* 391 7.83805990219 15.0 15.003 15.0 15.006
* 392 7.8581700325 15.0 15.015 15.0 15.01
* 393 7.87828683853 15.0 14.976 15.0 14.968
* 394 7.89839291573 15.0 14.983 15.0 14.975
* 395 7.91850686073 15.0 14.994 15.0 14.986
* 396 7.93861484528 15.0 15.006 15.0 14.993
* 397 7.95873785019 15.0 15.018 15.0 15.004
* 398 7.9788479805 15.0 15.03 15.0 15.012
* 399 7.99895906448 15.0 15.033 15.0 15.016
* 400 8.01909303665 15.0 15.03 15.0 15.016
* 401 8.03919291496 15.0 15.016 15.0 15.011
* 402 8.05929493904 15.0 15.008 15.0 15.013
* 403 8.07940483093 15.0 14.963 15.0 14.969
* 404 8.09952497482 15.0 14.963 15.0 14.978
* 405 8.11964392662 15.0 14.969 15.0 14.988
* 406 8.13975596428 15.0 14.965 15.0 14.995
* 407 8.1598739624 15.0 14.975 15.0 15.006
* 408 8.17996191978 15.0 14.983 15.0 15.014
* 409 8.20009183884 15.0 14.993 15.0 15.009
* 410 8.22023200989 15.0 15.003 15.0 15.015
* 411 8.24037885666 15.0 14.965 15.0 14.973
* 412 8.26047801971 15.0 14.975 15.0 14.982
* 413 8.28058695793 15.0 14.987 15.0 14.995
* 414 8.30068302155 15.0 15.002 15.0 15.002
* 415 8.32075405121 15.0 15.017 15.0 15.012
* 416 8.34085297585 15.0 15.026 15.0 15.022
* 417 8.36097502708 15.0 15.023 15.0 15.025
* 418 8.38107204437 15.0 15.01 15.0 15.016
* 419 8.40116500854 15.0 15.001 15.0 15.011
* 420 8.42130303383 15.0 15.009 15.0 15.012
* 421 8.44144797325 15.0 15.011 15.0 15.011
* 422 8.46155905724 15.0 14.963 15.0 14.971
* 423 8.48169493675 15.0 14.971 15.0 14.983
* 424 8.50183486938 15.0 14.967 15.0 14.991
* 425 8.52193903923 15.0 14.983 15.0 14.999
* 426 8.54204893112 15.0 14.995 15.0 15.003
* 427 8.56214499474 15.0 15.008 15.0 15.003
* 428 8.58225083351 15.0 15.013 15.0 15.009
* 429 8.60234189034 15.0 14.967 15.0 14.967
* 430 8.62243294716 15.0 14.981 15.0 14.979
* 431 8.64252686501 15.0 14.997 15.0 14.991
* 432 8.66261291504 15.0 15.011 15.0 14.996
* 433 8.68266201019 15.0 15.018 15.0 15.006
* 434 8.70274090767 15.0 15.016 15.0 15.015
* 435 8.72280693054 15.0 15.012 15.0 15.021
* 436 8.74288105965 15.0 15.017 15.0 15.024
* 437 8.76295185089 15.0 15.019 15.0 15.024
* 438 8.78302598 15.0 15.018 15.0 15.02
* 439 8.80310201645 15.0 15.011 15.0 15.012
* 440 8.82317185402 15.0 15.009 15.0 15.013
* 441 8.84324502945 15.0 15.011 15.0 15.014
* 442 8.86331605911 15.0 14.968 15.0 14.97
* 443 8.88338398933 15.0 14.98 15.0 14.983
* 444 8.90346193314 15.0 14.987 15.0 14.99
* 445 8.92354083061 15.0 14.998 15.0 14.999
* 446 8.94360685349 15.0 14.998 15.0 15.008
* 447 8.96368598938 15.0 14.961 15.0 14.974
* 448 8.98376393318 15.0 15.02 15.0 15.028
* 449 9.00383496284 15.0 15.026 15.0 15.033
* 450 9.02390694618 15.0 15.016 15.0 15.027
* 451 9.04396986961 15.0 15.002 15.0 15.027
* 452 9.06403899193 15.0 15.002 15.0 15.021
* 453 9.08411884308 15.0 15.004 15.0 15.016
* 454 9.10419082642 15.0 15.016 15.0 15.017
* 455 9.12426304817 15.0 14.972 15.0 14.966
* 456 9.14434099197 15.0 14.981 15.0 14.971
* 457 9.16441702843 15.0 14.993 15.0 14.982
* 458 9.184486866 15.0 15.0 15.0 14.99
* 459 9.2045519352 15.0 15.01 15.0 15.001
* 460 9.22462487221 15.0 15.016 15.0 15.01
* 461 9.24469685555 15.0 14.975 15.0 14.971
* 462 9.26476502419 15.0 15.023 15.0 15.021
* 463 9.28484106064 15.0 15.02 15.0 15.024
* 464 9.30494189262 15.0 15.016 15.0 15.019
* 465 9.3250169754 15.0 15.015 15.0 15.019
* 466 9.34511590004 15.0 15.003 15.0 15.013
* 467 9.36520886421 15.0 14.985 15.0 15.008
* 468 9.38528084755 15.0 14.984 15.0 15.007
* 469 9.40538597107 15.0 14.997 15.0 15.004
* 470 9.4254899025 15.0 14.971 15.0 14.965
* 471 9.44560003281 15.0 15.032 15.0 15.021
* 472 9.46570587158 15.0 14.988 15.0 14.978
* 473 9.48582983017 15.0 15.036 15.0 15.022
* 474 9.50594592094 15.0 15.032 15.0 15.022
* 475 9.52603983879 15.0 15.026 15.0 15.016
* 476 9.54617094994 15.0 15.018 15.0 15.013
* 477 9.56633090973 15.0 15.02 15.0 15.014
* 478 9.58641505241 15.0 15.01 15.0 15.01
* 479 9.60653305054 15.0 14.955 15.0 14.962
* 480 9.62666392326 15.0 14.966 15.0 14.973
* 481 9.6467769146 15.0 14.986 15.0 14.981
* 482 9.66688203812 15.0 15.001 15.0 14.992
* 483 9.68699598312 15.0 15.006 15.0 14.999
* 484 9.70710897446 15.0 15.001 15.0 14.997
* 485 9.72726798058 15.0 15.001 15.0 15.001
* 486 9.74738287926 15.0 14.968 15.0 14.96
* 487 9.7674639225 15.0 14.972 15.0 14.97
* 488 9.78756904602 15.0 14.977 15.0 14.982
* 489 9.80766797066 15.0 14.971 15.0 14.99
* 490 9.82778096199 15.0 14.976 15.0 14.997
* 491 9.84787297249 15.0 14.981 15.0 15.005
* 492 9.86797904968 15.0 14.99 15.0 15.011
* 493 9.88810801506 15.0 14.982 15.0 15.012
* 494 9.90821003914 15.0 14.939 15.0 15.009
* 495 9.92832493782 15.0 14.891 15.0 15.012
* 496 9.94841885567 15.0 14.852 15.0 15.008
* 497 9.96854496002 15.0 14.807 15.0 14.967
* 498 9.98865795135 15.0 14.872 15.0 15.023
* 499 10.00877285 15.0 14.839 15.0 14.982
* 500 10.0288820267 15.0 14.9 15.0 15.025
