### Ensaio dos Controladores de Velocidade dos Motores ###

# Parâmetros #

# Número do Ensaio: 5
# Frequência de Amostragem: 50.0 Hz
# Número de Amostras: 500
# Velocidade de Referência Direita: 15.000 
# Velocidade de Referência Esquerda: 15.000 

* 1 0.0 15.0 0.0 15.0 0.0
* 2 0.0200698375702 15.0 0.208 15.0 0.185
* 3 0.0401480197906 15.0 1.141 15.0 1.114
* 4 0.0602188110352 15.0 2.107 15.0 2.148
* 5 0.0802879333496 15.0 3.513 15.0 3.587
* 6 0.100366830826 15.0 4.824 15.0 4.917
* 7 0.120429992676 15.0 6.118 15.0 6.275
* 8 0.140504837036 15.0 7.083 15.0 7.27
* 9 0.160580873489 15.0 7.942 15.0 8.14
* 10 0.180651903152 15.0 8.618 15.0 8.829
* 11 0.200726032257 15.0 9.123 15.0 9.333
* 12 0.220798969269 15.0 9.591 15.0 9.788
* 13 0.24086689949 15.0 9.934 15.0 10.114
* 14 0.260941982269 15.0 10.221 15.0 10.399
* 15 0.281014919281 15.0 10.454 15.0 10.636
* 16 0.301085948944 15.0 10.602 15.0 10.788
* 17 0.321165800095 15.0 10.681 15.0 10.874
* 18 0.341234922409 15.0 10.645 15.0 10.844
* 19 0.361305952072 15.0 10.582 15.0 10.789
* 20 0.381378889084 15.0 10.414 15.0 10.638
* 21 0.401448965073 15.0 9.893 15.0 10.162
* 22 0.42152094841 15.0 9.309 15.0 9.583
* 23 0.441603899002 15.0 8.689 15.0 8.969
* 24 0.461674928665 15.0 8.114 15.0 8.394
* 25 0.481750965118 15.0 7.637 15.0 7.908
* 26 0.501827955246 15.0 7.141 15.0 7.401
* 27 0.521910905838 15.0 6.681 15.0 6.927
* 28 0.541987895966 15.0 6.29 15.0 6.526
* 29 0.562053918839 15.0 5.882 15.0 6.108
* 30 0.582132816315 15.0 5.53 15.0 5.753
* 31 0.602208852768 15.0 5.159 15.0 5.374
* 32 0.622277021408 15.0 4.844 15.0 5.05
* 33 0.642356872559 15.0 4.525 15.0 4.714
* 34 0.662456989288 15.0 4.261 15.0 4.441
* 35 0.682543992996 15.0 3.988 15.0 4.157
* 36 0.702628850937 15.0 3.732 15.0 3.89
* 37 0.722719907761 15.0 3.516 15.0 3.667
* 38 0.742834806442 15.0 3.291 15.0 3.432
* 39 0.76292681694 15.0 3.1 15.0 3.234
* 40 0.783053874969 15.0 2.902 15.0 3.027
* 41 0.803175926208 15.0 2.741 15.0 2.86
* 42 0.82329583168 15.0 2.643 15.0 2.77
* 43 0.843410968781 15.0 2.64 15.0 2.783
* 44 0.86353302002 15.0 2.744 15.0 2.89
* 45 0.883615970612 15.0 2.946 15.0 3.092
* 46 0.903710842133 15.0 3.214 15.0 3.355
* 47 0.923815011978 15.0 3.594 15.0 3.729
* 48 0.943931818008 15.0 4.024 15.0 4.144
* 49 0.964037895203 15.0 4.511 15.0 4.617
* 50 0.984139919281 15.0 5.122 15.0 5.207
* 51 1.00425887108 15.0 5.741 15.0 5.798
* 52 1.02435803413 15.0 6.486 15.0 6.51
* 53 1.044454813 15.0 7.215 15.0 7.209
* 54 1.06456899643 15.0 8.072 15.0 8.029
* 55 1.08468198776 15.0 8.984 15.0 8.902
* 56 1.10477995872 15.0 9.858 15.0 9.741
* 57 1.12490487099 15.0 10.635 15.0 10.583
* 58 1.145403862 15.0 11.243 15.0 11.308
* 59 1.16551280022 15.0 11.67 15.0 11.799
* 60 1.18562698364 15.0 11.96 15.0 12.094
* 61 1.20572090149 15.0 12.194 15.0 12.304
* 62 1.22580981255 15.0 12.302 15.0 12.392
* 63 1.24595785141 15.0 12.453 15.0 12.541
* 64 1.26607680321 15.0 12.466 15.0 12.552
* 65 1.28622484207 15.0 12.476 15.0 12.563
* 66 1.30633997917 15.0 12.424 15.0 12.518
* 67 1.32645082474 15.0 12.32 15.0 12.431
* 68 1.34662079811 15.0 12.131 15.0 12.262
* 69 1.36673283577 15.0 11.857 15.0 12.019
* 70 1.38684201241 15.0 11.521 15.0 11.722
* 71 1.40694499016 15.0 10.918 15.0 11.173
* 72 1.42703485489 15.0 10.193 15.0 10.466
* 73 1.44713592529 15.0 9.58 15.0 9.86
* 74 1.46722197533 15.0 8.945 15.0 9.228
* 75 1.48733592033 15.0 8.406 15.0 8.694
* 76 1.50744390488 15.0 7.851 15.0 8.137
* 77 1.52757287025 15.0 7.334 15.0 7.616
* 78 1.54767990112 15.0 6.898 15.0 7.175
* 79 1.56777691841 15.0 6.44 15.0 6.715
* 80 1.58787894249 15.0 6.011 15.0 6.285
* 81 1.60800290108 15.0 5.654 15.0 5.921
* 82 1.62809801102 15.0 5.287 15.0 5.542
* 83 1.64822983742 15.0 4.981 15.0 5.221
* 84 1.66837286949 15.0 4.662 15.0 4.887
* 85 1.68846702576 15.0 4.392 15.0 4.604
* 86 1.70858693123 15.0 4.111 15.0 4.309
* 87 1.72869586945 15.0 3.866 15.0 4.056
* 88 1.74880099297 15.0 3.725 15.0 3.928
* 89 1.76892495155 15.0 3.669 15.0 3.888
* 90 1.78902983665 15.0 3.709 15.0 3.933
* 91 1.8091468811 15.0 3.852 15.0 4.072
* 92 1.82926082611 15.0 4.107 15.0 4.314
* 93 1.84936690331 15.0 4.418 15.0 4.613
* 94 1.86946892738 15.0 4.841 15.0 5.018
* 95 1.8895637989 15.0 5.34 15.0 5.502
* 96 1.9096570015 15.0 5.863 15.0 6.006
* 97 1.92981386185 15.0 6.448 15.0 6.577
* 98 1.94991993904 15.0 7.15 15.0 7.258
* 99 1.97004079819 15.0 7.852 15.0 7.927
* 100 1.99019694328 15.0 8.68 15.0 8.724
* 101 2.01030802727 15.0 9.487 15.0 9.497
* 102 2.0304248333 15.0 10.413 15.0 10.391
* 103 2.05052685738 15.0 11.181 15.0 11.228
* 104 2.0706448555 15.0 11.664 15.0 11.795
* 105 2.09076189995 15.0 11.977 15.0 12.149
* 106 2.11086583138 15.0 12.241 15.0 12.404
* 107 2.13097190857 15.0 12.423 15.0 12.561
* 108 2.1510720253 15.0 12.571 15.0 12.679
* 109 2.17117381096 15.0 12.656 15.0 12.753
* 110 2.19128894806 15.0 12.684 15.0 12.787
* 111 2.21143484116 15.0 12.671 15.0 12.782
* 112 2.23153781891 15.0 12.601 15.0 12.721
* 113 2.25165295601 15.0 12.474 15.0 12.602
* 114 2.27176380157 15.0 12.306 15.0 12.447
* 115 2.29187393188 15.0 12.04 15.0 12.204
* 116 2.31199288368 15.0 11.65 15.0 11.841
* 117 2.33211684227 15.0 11.012 15.0 11.252
* 118 2.35223984718 15.0 10.281 15.0 10.531
* 119 2.37234902382 15.0 9.661 15.0 9.922
* 120 2.39246201515 15.0 9.025 15.0 9.286
* 121 2.41255497932 15.0 8.438 15.0 8.691
* 122 2.43269085884 15.0 7.938 15.0 8.188
* 123 2.45280599594 15.0 7.415 15.0 7.663
* 124 2.47289991379 15.0 6.917 15.0 7.168
* 125 2.49300479889 15.0 6.498 15.0 6.754
* 126 2.51315188408 15.0 6.074 15.0 6.321
* 127 2.53326892853 15.0 5.721 15.0 5.955
* 128 2.55339503288 15.0 5.352 15.0 5.573
* 129 2.57350993156 15.0 5.042 15.0 5.251
* 130 2.59363102913 15.0 4.719 15.0 4.914
* 131 2.61375284195 15.0 4.416 15.0 4.6
* 132 2.63386797905 15.0 4.161 15.0 4.333
* 133 2.65398788452 15.0 3.894 15.0 4.056
* 134 2.67410302162 15.0 3.697 15.0 3.857
* 135 2.69420385361 15.0 3.577 15.0 3.751
* 136 2.71431398392 15.0 3.542 15.0 3.735
* 137 2.73442697525 15.0 3.636 15.0 3.845
* 138 2.75453996658 15.0 3.823 15.0 4.034
* 139 2.77464389801 15.0 4.078 15.0 4.288
* 140 2.794713974 15.0 4.412 15.0 4.616
* 141 2.81486392021 15.0 4.863 15.0 5.056
* 142 2.83498501778 15.0 5.343 15.0 5.52
* 143 2.85510897636 15.0 5.948 15.0 6.099
* 144 2.87522387505 15.0 6.555 15.0 6.687
* 145 2.89535689354 15.0 7.286 15.0 7.392
* 146 2.9154779911 15.0 8.086 15.0 8.158
* 147 2.93559384346 15.0 8.862 15.0 8.899
* 148 2.95571494102 15.0 9.701 15.0 9.696
* 149 2.97584295273 15.0 10.606 15.0 10.604
* 150 2.99595284462 15.0 11.259 15.0 11.327
* 151 3.01605582237 15.0 11.766 15.0 11.895
* 152 3.03615498543 15.0 12.075 15.0 12.236
* 153 3.05626893044 15.0 12.325 15.0 12.477
* 154 3.07637691498 15.0 12.497 15.0 12.621
* 155 3.09648394585 15.0 12.618 15.0 12.73
* 156 3.11659502983 15.0 12.694 15.0 12.796
* 157 3.13670682907 15.0 12.732 15.0 12.83
* 158 3.15681195259 15.0 12.724 15.0 12.823
* 159 3.17691087723 15.0 12.626 15.0 12.735
* 160 3.19701600075 15.0 12.521 15.0 12.649
* 161 3.21712589264 15.0 12.341 15.0 12.493
* 162 3.23725700378 15.0 12.118 15.0 12.297
* 163 3.25736188889 15.0 11.804 15.0 12.009
* 164 3.27751588821 15.0 11.192 15.0 11.446
* 165 3.29761886597 15.0 10.531 15.0 10.794
* 166 3.31772398949 15.0 9.837 15.0 10.1
* 167 3.33783888817 15.0 9.198 15.0 9.453
* 168 3.35797286034 15.0 8.659 15.0 8.906
* 169 3.37807202339 15.0 8.097 15.0 8.335
* 170 3.39823889732 15.0 7.621 15.0 7.853
* 171 3.41835594177 15.0 7.121 15.0 7.35
* 172 3.43850302696 15.0 6.639 15.0 6.879
* 173 3.45861196518 15.0 6.241 15.0 6.481
* 174 3.47873187065 15.0 5.832 15.0 6.066
* 175 3.49882698059 15.0 5.456 15.0 5.677
* 176 3.51894187927 15.0 5.14 15.0 5.348
* 177 3.53904485703 15.0 4.811 15.0 5.006
* 178 3.55915784836 15.0 4.532 15.0 4.716
* 179 3.57927298546 15.0 4.242 15.0 4.416
* 180 3.59941601753 15.0 3.997 15.0 4.16
* 181 3.61952280998 15.0 3.74 15.0 3.894
* 182 3.63964891434 15.0 3.501 15.0 3.646
* 183 3.65975785255 15.0 3.338 15.0 3.49
* 184 3.67989301682 15.0 3.258 15.0 3.418
* 185 3.69999194145 15.0 3.273 15.0 3.437
* 186 3.72008895874 15.0 3.393 15.0 3.552
* 187 3.74022483826 15.0 3.616 15.0 3.771
* 188 3.76032280922 15.0 3.901 15.0 4.047
* 189 3.78042984009 15.0 4.299 15.0 4.433
* 190 3.80053091049 15.0 4.78 15.0 4.895
* 191 3.82063102722 15.0 5.287 15.0 5.38
* 192 3.840736866 15.0 5.913 15.0 5.985
* 193 3.86084103584 15.0 6.554 15.0 6.602
* 194 3.88095593452 15.0 7.231 15.0 7.259
* 195 3.90106201172 15.0 8.036 15.0 8.037
* 196 3.92120099068 15.0 8.819 15.0 8.792
* 197 3.94131302834 15.0 9.729 15.0 9.674
* 198 3.96145796776 15.0 10.554 15.0 10.505
* 199 3.98155593872 15.0 11.241 15.0 11.294
* 200 4.00168085098 15.0 11.713 15.0 11.84
* 201 4.0218038559 15.0 12.029 15.0 12.162
* 202 4.04189300537 15.0 12.308 15.0 12.391
* 203 4.06201601028 15.0 12.44 15.0 12.505
* 204 4.08214592934 15.0 12.632 15.0 12.69
* 205 4.102257967 15.0 12.721 15.0 12.778
* 206 4.12237787247 15.0 12.777 15.0 12.837
* 207 4.1425139904 15.0 12.8 15.0 12.86
* 208 4.16262102127 15.0 12.792 15.0 12.856
* 209 4.1827340126 15.0 12.697 15.0 12.768
* 210 4.20281982422 15.0 12.554 15.0 12.668
* 211 4.22293400764 15.0 12.346 15.0 12.515
* 212 4.24302697182 15.0 12.03 15.0 12.267
* 213 4.2631278038 15.0 11.58 15.0 11.894
* 214 4.28322196007 15.0 10.819 15.0 11.181
* 215 4.30333399773 15.0 10.158 15.0 10.534
* 216 4.32346892357 15.0 9.484 15.0 9.859
* 217 4.34357500076 15.0 8.855 15.0 9.227
* 218 4.36370182037 15.0 8.322 15.0 8.693
* 219 4.38381099701 15.0 7.765 15.0 8.136
* 220 4.40390491486 15.0 7.249 15.0 7.615
* 221 4.42400789261 15.0 6.813 15.0 7.174
* 222 4.44410395622 15.0 6.346 15.0 6.713
* 223 4.46422886848 15.0 5.947 15.0 6.324
* 224 4.48432803154 15.0 5.535 15.0 5.919
* 225 4.5045208931 15.0 5.15 15.0 5.54
* 226 4.5246348381 15.0 4.836 15.0 5.219
* 227 4.54473686218 15.0 4.512 15.0 4.885
* 228 4.56484484673 15.0 4.211 15.0 4.572
* 229 4.58494186401 15.0 3.961 15.0 4.309
* 230 4.6051068306 15.0 3.7 15.0 4.035
* 231 4.62521791458 15.0 3.474 15.0 3.804
* 232 4.64533495903 15.0 3.242 15.0 3.56
* 233 4.66545581818 15.0 3.078 15.0 3.392
* 234 4.68552899361 15.0 2.979 15.0 3.309
* 235 4.70563387871 15.0 2.975 15.0 3.329
* 236 4.72573781013 15.0 3.073 15.0 3.44
* 237 4.74582600594 15.0 3.282 15.0 3.65
* 238 4.76592183113 15.0 3.535 15.0 3.892
* 239 4.786028862 15.0 3.971 15.0 4.3
* 240 4.80614089966 15.0 4.378 15.0 4.674
* 241 4.82625389099 15.0 4.978 15.0 5.238
* 242 4.84634590149 15.0 5.556 15.0 5.778
* 243 4.8664598465 15.0 6.253 15.0 6.433
* 244 4.88656187057 15.0 7.028 15.0 7.154
* 245 4.906665802 15.0 7.794 15.0 7.857
* 246 4.92676281929 15.0 8.698 15.0 8.688
* 247 4.94685292244 15.0 9.575 15.0 9.498
* 248 4.96698498726 15.0 10.432 15.0 10.333
* 249 4.98710489273 15.0 11.132 15.0 11.163
* 250 5.00720000267 15.0 11.59 15.0 11.72
* 251 5.02734494209 15.0 11.958 15.0 12.119
* 252 5.04744696617 15.0 12.227 15.0 12.366
* 253 5.06753587723 15.0 12.417 15.0 12.531
* 254 5.08762192726 15.0 12.53 15.0 12.617
* 255 5.10771203041 15.0 12.63 15.0 12.717
* 256 5.12780499458 15.0 12.68 15.0 12.775
* 257 5.14787602425 15.0 12.686 15.0 12.79
* 258 5.16797280312 15.0 12.654 15.0 12.762
* 259 5.18805003166 15.0 12.575 15.0 12.678
* 260 5.20813202858 15.0 12.423 15.0 12.525
* 261 5.22821092606 15.0 12.248 15.0 12.352
* 262 5.24828195572 15.0 12.009 15.0 12.115
* 263 5.2683608532 15.0 11.632 15.0 11.746
* 264 5.2884349823 15.0 10.991 15.0 11.141
* 265 5.3085038662 15.0 10.271 15.0 10.429
* 266 5.32858300209 15.0 9.601 15.0 9.76
* 267 5.34865880013 15.0 9.038 15.0 9.196
* 268 5.36873102188 15.0 8.447 15.0 8.606
* 269 5.38880801201 15.0 7.947 15.0 8.109
* 270 5.40887784958 15.0 7.426 15.0 7.589
* 271 5.42895483971 15.0 6.987 15.0 7.15
* 272 5.44903087616 15.0 6.532 15.0 6.692
* 273 5.46910500526 15.0 6.15 15.0 6.305
* 274 5.48918294907 15.0 5.753 15.0 5.901
* 275 5.50925803185 15.0 5.421 15.0 5.559
* 276 5.52932691574 15.0 5.073 15.0 5.203
* 277 5.54940295219 15.0 4.78 15.0 4.902
* 278 5.56948280334 15.0 4.473 15.0 4.588
* 279 5.58955287933 15.0 4.187 15.0 4.296
* 280 5.60962796211 15.0 3.944 15.0 4.049
* 281 5.62969779968 15.0 3.692 15.0 3.794
* 282 5.64977288246 15.0 3.455 15.0 3.553
* 283 5.66984701157 15.0 3.267 15.0 3.362
* 284 5.68991303444 15.0 3.144 15.0 3.24
* 285 5.70998597145 15.0 3.129 15.0 3.225
* 286 5.73005986214 15.0 3.221 15.0 3.303
* 287 5.75008296967 15.0 3.393 15.0 3.463
* 288 5.77015590668 15.0 3.675 15.0 3.726
* 289 5.79024481773 15.0 4.009 15.0 4.038
* 290 5.81031894684 15.0 4.461 15.0 4.462
* 291 5.83039689064 15.0 4.942 15.0 4.914
* 292 5.85046482086 15.0 5.539 15.0 5.478
* 293 5.87054085732 15.0 6.21 15.0 6.111
* 294 5.89061880112 15.0 6.878 15.0 6.743
* 295 5.91068696976 15.0 7.672 15.0 7.497
* 296 5.930768013 15.0 8.377 15.0 8.168
* 297 5.95084691048 15.0 9.347 15.0 9.095
* 298 5.9709148407 15.0 10.203 15.0 9.927
* 299 5.9909889698 15.0 10.918 15.0 10.753
* 300 6.0110578537 15.0 11.487 15.0 11.46
* 301 6.03112792969 15.0 11.864 15.0 11.9
* 302 6.05120182037 15.0 12.161 15.0 12.212
* 303 6.07126903534 15.0 12.358 15.0 12.394
* 304 6.0913438797 15.0 12.512 15.0 12.529
* 305 6.11141991615 15.0 12.614 15.0 12.621
* 306 6.13148784637 15.0 12.669 15.0 12.68
* 307 6.15153288841 15.0 12.675 15.0 12.696
* 308 6.17159986496 15.0 12.646 15.0 12.675
* 309 6.19167590141 15.0 12.564 15.0 12.604
* 310 6.21176290512 15.0 12.388 15.0 12.443
* 311 6.23183584213 15.0 12.206 15.0 12.274
* 312 6.25191283226 15.0 11.933 15.0 12.018
* 313 6.27199292183 15.0 11.5 15.0 11.63
* 314 6.29206180573 15.0 10.756 15.0 10.917
* 315 6.31214094162 15.0 10.118 15.0 10.286
* 316 6.33220982552 15.0 9.46 15.0 9.627
* 317 6.35228300095 15.0 8.903 15.0 9.07
* 318 6.37235593796 15.0 8.326 15.0 8.489
* 319 6.39242482185 15.0 7.835 15.0 7.997
* 320 6.41250300407 15.0 7.316 15.0 7.485
* 321 6.43257498741 15.0 6.831 15.0 7.005
* 322 6.45264697075 15.0 6.425 15.0 6.6
* 323 6.47272086143 15.0 6.008 15.0 6.177
* 324 6.49279880524 15.0 5.658 15.0 5.82
* 325 6.51287198067 15.0 5.293 15.0 5.447
* 326 6.53294992447 15.0 4.987 15.0 5.132
* 327 6.55302786827 15.0 4.668 15.0 4.803
* 328 6.57310700417 15.0 4.397 15.0 4.525
* 329 6.59318590164 15.0 4.116 15.0 4.235
* 330 6.61325883865 15.0 3.878 15.0 3.99
* 331 6.63333296776 15.0 3.657 15.0 3.77
* 332 6.653414011 15.0 3.549 15.0 3.666
* 333 6.67348384857 15.0 3.536 15.0 3.651
* 334 6.69356203079 15.0 3.632 15.0 3.742
* 335 6.71363401413 15.0 3.808 15.0 3.911
* 336 6.73370695114 15.0 4.087 15.0 4.183
* 337 6.75378203392 15.0 4.382 15.0 4.472
* 338 6.77385592461 15.0 4.855 15.0 4.939
* 339 6.79393291473 15.0 5.288 15.0 5.355
* 340 6.8140130043 15.0 5.93 15.0 5.973
* 341 6.83408498764 15.0 6.486 15.0 6.501
* 342 6.8541560173 15.0 7.279 15.0 7.252
* 343 6.87423491478 15.0 8.01 15.0 7.939
* 344 6.89430594444 15.0 8.874 15.0 8.749
* 345 6.91438388824 15.0 9.702 15.0 9.53
* 346 6.93445301056 15.0 10.6 15.0 10.429
* 347 6.95452690125 15.0 11.272 15.0 11.224
* 348 6.97461390495 15.0 11.7 15.0 11.738
* 349 6.99468588829 15.0 12.038 15.0 12.122
* 350 7.01476883888 15.0 12.247 15.0 12.325
* 351 7.03485488892 15.0 12.417 15.0 12.482
* 352 7.05492401123 15.0 12.535 15.0 12.601
* 353 7.07499694824 15.0 12.61 15.0 12.673
* 354 7.09507799149 15.0 12.65 15.0 12.709
* 355 7.1151509285 15.0 12.646 15.0 12.709
* 356 7.13523197174 15.0 12.582 15.0 12.655
* 357 7.15529894829 15.0 12.483 15.0 12.566
* 358 7.17537593842 15.0 12.302 15.0 12.399
* 359 7.19545388222 15.0 12.056 15.0 12.164
* 360 7.21552181244 15.0 11.761 15.0 11.881
* 361 7.23560881615 15.0 11.099 15.0 11.265
* 362 7.2556989193 15.0 10.376 15.0 10.549
* 363 7.27576899529 15.0 9.761 15.0 9.939
* 364 7.29584789276 15.0 9.124 15.0 9.302
* 365 7.31591391563 15.0 8.585 15.0 8.764
* 366 7.33598995209 15.0 8.03 15.0 8.202
* 367 7.35607790947 15.0 7.563 15.0 7.728
* 368 7.37615084648 15.0 7.078 15.0 7.233
* 369 7.39618682861 15.0 6.669 15.0 6.814
* 370 7.41626501083 15.0 6.239 15.0 6.377
* 371 7.43633699417 15.0 5.878 15.0 6.008
* 372 7.4564139843 15.0 5.501 15.0 5.623
* 373 7.47650790215 15.0 5.149 15.0 5.263
* 374 7.49657893181 15.0 4.851 15.0 4.959
* 375 7.51665592194 15.0 4.54 15.0 4.641
* 376 7.53672385216 15.0 4.249 15.0 4.343
* 377 7.55679893494 15.0 4.011 15.0 4.098
* 378 7.57687783241 15.0 3.824 15.0 3.917
* 379 7.59694600105 15.0 3.753 15.0 3.855
* 380 7.61702394485 15.0 3.788 15.0 3.886
* 381 7.63709902763 15.0 3.916 15.0 4.002
* 382 7.65716981888 15.0 4.151 15.0 4.217
* 383 7.67724394798 15.0 4.445 15.0 4.495
* 384 7.69730901718 15.0 4.85 15.0 4.877
* 385 7.71737790108 15.0 5.288 15.0 5.296
* 386 7.73745679855 15.0 5.844 15.0 5.827
* 387 7.75752091408 15.0 6.474 15.0 6.43
* 388 7.77759885788 15.0 7.108 15.0 7.033
* 389 7.79767799377 15.0 7.871 15.0 7.759
* 390 7.81774783134 15.0 8.548 15.0 8.403
* 391 7.83782291412 15.0 9.407 15.0 9.231
* 392 7.8578979969 15.0 10.316 15.0 10.112
* 393 7.87797093391 15.0 11.054 15.0 10.923
* 394 7.89804887772 15.0 11.625 15.0 11.633
* 395 7.91811800003 15.0 11.987 15.0 12.063
* 396 7.93819189072 15.0 12.263 15.0 12.356
* 397 7.95826888084 15.0 12.449 15.0 12.517
* 398 7.97833490372 15.0 12.581 15.0 12.634
* 399 7.99841380119 15.0 12.657 15.0 12.707
* 400 8.0184879303 15.0 12.69 15.0 12.744
* 401 8.03856086731 15.0 12.68 15.0 12.734
* 402 8.05863499641 15.0 12.578 15.0 12.64
* 403 8.07870101929 15.0 12.478 15.0 12.546
* 404 8.09877681732 15.0 12.294 15.0 12.372
* 405 8.11885285378 15.0 12.066 15.0 12.161
* 406 8.13891792297 15.0 11.712 15.0 11.836
* 407 8.15899586678 15.0 11.106 15.0 11.283
* 408 8.17907500267 15.0 10.373 15.0 10.568
* 409 8.19914484024 15.0 9.757 15.0 9.956
* 410 8.21922492981 15.0 9.12 15.0 9.318
* 411 8.23929381371 15.0 8.585 15.0 8.779
* 412 8.25936985016 15.0 8.026 15.0 8.217
* 413 8.2794508934 15.0 7.5 15.0 7.69
* 414 8.29952001572 15.0 7.052 15.0 7.245
* 415 8.31959581375 15.0 6.581 15.0 6.781
* 416 8.3396718502 15.0 6.143 15.0 6.346
* 417 8.35973596573 15.0 5.783 15.0 5.979
* 418 8.37981700897 15.0 5.413 15.0 5.596
* 419 8.3998939991 15.0 5.097 15.0 5.272
* 420 8.41996598244 15.0 4.771 15.0 4.937
* 421 8.4400408268 15.0 4.495 15.0 4.655
* 422 8.46010899544 15.0 4.207 15.0 4.361
* 423 8.48018789291 15.0 3.963 15.0 4.111
* 424 8.50026082993 15.0 3.719 15.0 3.864
* 425 8.52033090591 15.0 3.569 15.0 3.72
* 426 8.54040694237 15.0 3.507 15.0 3.664
* 427 8.56048297882 15.0 3.555 15.0 3.717
* 428 8.58055090904 15.0 3.689 15.0 3.853
* 429 8.6006269455 15.0 3.927 15.0 4.089
* 430 8.62070798874 15.0 4.229 15.0 4.386
* 431 8.64078092575 15.0 4.604 15.0 4.75
* 432 8.66085481644 15.0 5.097 15.0 5.229
* 433 8.68092393875 15.0 5.617 15.0 5.728
* 434 8.70100283623 15.0 6.253 15.0 6.343
* 435 8.72107982635 15.0 6.832 15.0 6.903
* 436 8.74114894867 15.0 7.638 15.0 7.696
* 437 8.76122403145 15.0 8.371 15.0 8.413
* 438 8.78130102158 15.0 9.238 15.0 9.251
* 439 8.80137085915 15.0 10.081 15.0 10.058
* 440 8.82144880295 15.0 10.916 15.0 10.938
* 441 8.84151697159 15.0 11.515 15.0 11.604
* 442 8.86159300804 15.0 11.897 15.0 12.013
* 443 8.88167095184 15.0 12.189 15.0 12.309
* 444 8.90174102783 15.0 12.336 15.0 12.452
* 445 8.92181801796 15.0 12.458 15.0 12.573
* 446 8.94189286232 15.0 12.555 15.0 12.656
* 447 8.96196293831 15.0 12.6 15.0 12.698
* 448 8.98204088211 15.0 12.592 15.0 12.695
* 449 9.00212788582 15.0 12.538 15.0 12.654
* 450 9.0222029686 15.0 12.419 15.0 12.547
* 451 9.0422809124 15.0 12.248 15.0 12.398
* 452 9.06235003471 15.0 11.977 15.0 12.163
* 453 9.08242487907 15.0 11.615 15.0 11.832
* 454 9.1025018692 15.0 10.981 15.0 11.252
* 455 9.12256503105 15.0 10.254 15.0 10.531
* 456 9.14264202118 15.0 9.576 15.0 9.856
* 457 9.162722826 15.0 9.013 15.0 9.284
* 458 9.18280601501 15.0 8.426 15.0 8.689
* 459 9.20287895203 15.0 7.929 15.0 8.184
* 460 9.22295093536 15.0 7.407 15.0 7.659
* 461 9.24302387238 15.0 6.96 15.0 7.216
* 462 9.26310491562 15.0 6.495 15.0 6.754
* 463 9.28317594528 15.0 6.108 15.0 6.361
* 464 9.30357980728 15.0 5.712 15.0 5.953
* 465 9.32365703583 15.0 5.341 15.0 5.572
* 466 9.34372782707 15.0 5.027 15.0 5.25
* 467 9.36379790306 15.0 4.703 15.0 4.913
* 468 9.38386487961 15.0 4.402 15.0 4.598
* 469 9.40393996239 15.0 4.147 15.0 4.332
* 470 9.42401385307 15.0 3.881 15.0 4.055
* 471 9.4440779686 15.0 3.668 15.0 3.837
* 472 9.46415090561 15.0 3.52 15.0 3.693
* 473 9.48422694206 15.0 3.481 15.0 3.662
* 474 9.50429391861 15.0 3.542 15.0 3.722
* 475 9.52437186241 15.0 3.71 15.0 3.883
* 476 9.54444694519 15.0 3.95 15.0 4.111
* 477 9.56451702118 15.0 4.273 15.0 4.415
* 478 9.58459281921 15.0 4.712 15.0 4.828
* 479 9.60465788841 15.0 5.176 15.0 5.268
* 480 9.62473893166 15.0 5.756 15.0 5.825
* 481 9.64481091499 15.0 6.344 15.0 6.389
* 482 9.66488099098 15.0 7.064 15.0 7.075
* 483 9.68495702744 15.0 7.706 15.0 7.688
* 484 9.70503401756 15.0 8.603 15.0 8.547
* 485 9.72510194778 15.0 9.406 15.0 9.318
* 486 9.74518179893 15.0 10.337 15.0 10.212
* 487 9.76525402069 15.0 11.038 15.0 10.987
* 488 9.78532981873 15.0 11.573 15.0 11.618
* 489 9.80540585518 15.0 11.928 15.0 12.033
* 490 9.82547092438 15.0 12.169 15.0 12.276
* 491 9.84555101395 15.0 12.363 15.0 12.458
* 492 9.86562585831 15.0 12.456 15.0 12.539
* 493 9.8856549263 15.0 12.544 15.0 12.623
* 494 9.90573501587 15.0 12.586 15.0 12.67
* 495 9.9258108139 15.0 12.587 15.0 12.675
* 496 9.94588184357 15.0 12.536 15.0 12.627
* 497 9.96595883369 15.0 12.414 15.0 12.504
* 498 9.98602485657 15.0 12.271 15.0 12.374
* 499 10.0061028004 15.0 12.05 15.0 12.17
* 500 10.0261888504 15.0 11.717 15.0 11.865
