### Ensaio dos Controladores de Velocidade dos Motores ###

# Parâmetros #

# Número do Ensaio: 4
# Frequência de Amostragem: 50.0 Hz
# Número de Amostras: 500
# Velocidade de Referência Direita: 15.000 
# Velocidade de Referência Esquerda: 15.000 

* 1 0.0 15.0 0.0 15.0 0.0
* 2 0.0200929641724 15.0 0.196 15.0 0.166
* 3 0.0401678085327 15.0 1.156 15.0 1.078
* 4 0.0602219104767 15.0 2.213 15.0 2.164
* 5 0.0802898406982 15.0 3.648 15.0 3.678
* 6 0.100380897522 15.0 4.745 15.0 4.86
* 7 0.120454788208 15.0 5.787 15.0 5.959
* 8 0.140534877777 15.0 6.603 15.0 6.787
* 9 0.160612821579 15.0 7.398 15.0 7.574
* 10 0.180680990219 15.0 8.119 15.0 8.294
* 11 0.200759887695 15.0 8.725 15.0 8.907
* 12 0.220834970474 15.0 9.354 15.0 9.53
* 13 0.24090385437 15.0 9.82 15.0 10.001
* 14 0.260976791382 15.0 10.392 15.0 10.583
* 15 0.281053781509 15.0 10.779 15.0 10.977
* 16 0.30112195015 15.0 11.151 15.0 11.349
* 17 0.3212018013 15.0 11.529 15.0 11.718
* 18 0.341268777847 15.0 11.848 15.0 12.028
* 19 0.361347913742 15.0 12.168 15.0 12.341
* 20 0.381425857544 15.0 12.422 15.0 12.592
* 21 0.401493787766 15.0 12.667 15.0 12.837
* 22 0.42157292366 15.0 12.865 15.0 13.028
* 23 0.441650867462 15.0 13.06 15.0 13.215
* 24 0.461716890335 15.0 13.244 15.0 13.385
* 25 0.481793880463 15.0 13.406 15.0 13.538
* 26 0.501862764359 15.0 13.571 15.0 13.695
* 27 0.521937847137 15.0 13.658 15.0 13.782
* 28 0.542013883591 15.0 13.849 15.0 13.958
* 29 0.562075853348 15.0 13.929 15.0 14.017
* 30 0.582145929337 15.0 14.029 15.0 14.113
* 31 0.602220773697 15.0 14.121 15.0 14.207
* 32 0.622289896011 15.0 14.202 15.0 14.288
* 33 0.642370939255 15.0 14.278 15.0 14.365
* 34 0.662446975708 15.0 14.348 15.0 14.424
* 35 0.682518959045 15.0 14.414 15.0 14.485
* 36 0.702595949173 15.0 14.46 15.0 14.529
* 37 0.722666978836 15.0 14.506 15.0 14.575
* 38 0.742740869522 15.0 14.516 15.0 14.582
* 39 0.762814998627 15.0 14.577 15.0 14.63
* 40 0.782879829407 15.0 14.624 15.0 14.675
* 41 0.802951812744 15.0 14.666 15.0 14.712
* 42 0.823028802872 15.0 14.705 15.0 14.75
* 43 0.84309887886 15.0 14.745 15.0 14.785
* 44 0.86317896843 15.0 14.724 15.0 14.764
* 45 0.883245944977 15.0 14.805 15.0 14.838
* 46 0.903320789337 15.0 14.827 15.0 14.856
* 47 0.923402786255 15.0 14.837 15.0 14.865
* 48 0.943471908569 15.0 14.845 15.0 14.873
* 49 0.963544845581 15.0 14.853 15.0 14.878
* 50 0.983618974686 15.0 14.862 15.0 14.88
* 51 1.00369286537 15.0 14.877 15.0 14.895
* 52 1.02376890182 15.0 14.893 15.0 14.912
* 53 1.04383778572 15.0 14.859 15.0 14.887
* 54 1.0639128685 15.0 14.89 15.0 14.91
* 55 1.0839908123 15.0 14.912 15.0 14.928
* 56 1.11544179916 15.0 14.912 15.0 14.922
* 57 1.13551497459 15.0 14.935 15.0 14.942
* 58 1.15558886528 15.0 14.93 15.0 14.949
* 59 1.17566585541 15.0 14.924 15.0 14.954
* 60 1.19573378563 15.0 14.938 15.0 14.964
* 61 1.2158138752 15.0 14.956 15.0 14.974
* 62 1.23588991165 15.0 14.935 15.0 14.942
* 63 1.25596284866 15.0 14.99 15.0 15.006
* 64 1.27603888512 15.0 14.936 15.0 14.962
* 65 1.29610776901 15.0 14.944 15.0 14.969
* 66 1.31618499756 15.0 14.956 15.0 14.973
* 67 1.33626699448 15.0 14.975 15.0 14.985
* 68 1.35633897781 15.0 14.985 15.0 14.994
* 69 1.37641787529 15.0 14.979 15.0 15.002
* 70 1.39649581909 15.0 14.976 15.0 14.998
* 71 1.41656589508 15.0 14.98 15.0 14.993
* 72 1.43664097786 15.0 14.975 15.0 14.986
* 73 1.45670890808 15.0 14.973 15.0 14.979
* 74 1.47678399086 15.0 14.979 15.0 14.986
* 75 1.49685883522 15.0 14.981 15.0 14.992
* 76 1.51692676544 15.0 14.949 15.0 14.96
* 77 1.53700089455 15.0 15.01 15.0 15.023
* 78 1.55707383156 15.0 14.964 15.0 14.979
* 79 1.57714390755 15.0 14.982 15.0 14.985
* 80 1.59721779823 15.0 14.986 15.0 14.988
* 81 1.61728596687 15.0 14.994 15.0 14.996
* 82 1.63736391068 15.0 14.998 15.0 15.003
* 83 1.65743994713 15.0 14.996 15.0 15.008
* 84 1.67750692368 15.0 15.002 15.0 15.003
* 85 1.69757795334 15.0 14.99 15.0 14.995
* 86 1.71765899658 15.0 14.993 15.0 15.002
* 87 1.73772978783 15.0 14.956 15.0 14.963
* 88 1.75780797005 15.0 14.963 15.0 14.974
* 89 1.77788186073 15.0 14.978 15.0 14.987
* 90 1.797965765 15.0 14.991 15.0 14.992
* 91 1.81804084778 15.0 15.004 15.0 15.003
* 92 1.838108778 15.0 15.01 15.0 15.012
* 93 1.85818386078 15.0 14.963 15.0 14.975
* 94 1.87825989723 15.0 15.01 15.0 15.027
* 95 1.89832878113 15.0 15.015 15.0 15.022
* 96 1.91840291023 15.0 15.013 15.0 15.017
* 97 1.93847584724 15.0 15.004 15.0 15.012
* 98 1.95854496956 15.0 14.997 15.0 15.006
* 99 1.97861981392 15.0 14.979 15.0 14.989
* 100 1.99868893623 15.0 14.983 15.0 14.989
* 101 2.01876378059 15.0 14.989 15.0 14.997
* 102 2.03885388374 15.0 14.954 15.0 14.965
* 103 2.05892276764 15.0 15.006 15.0 15.028
* 104 2.07899594307 15.0 14.934 15.0 14.983
* 105 2.09907984734 15.0 14.923 15.0 14.988
* 106 2.11914777756 15.0 14.941 15.0 14.991
* 107 2.13921785355 15.0 14.98 15.0 14.998
* 108 2.15929079056 15.0 15.011 15.0 15.006
* 109 2.17936396599 15.0 15.02 15.0 15.012
* 110 2.19943499565 15.0 15.011 15.0 15.013
* 111 2.21950292587 15.0 15.018 15.0 15.008
* 112 2.23958086967 15.0 15.019 15.0 14.998
* 113 2.25965189934 15.0 15.012 15.0 14.992
* 114 2.27971887589 15.0 15.019 15.0 15.001
* 115 2.2997879982 15.0 15.032 15.0 15.009
* 116 2.31987285614 15.0 14.987 15.0 14.973
* 117 2.33994078636 15.0 14.999 15.0 14.986
* 118 2.36001586914 15.0 15.005 15.0 14.995
* 119 2.38008999825 15.0 15.012 15.0 15.005
* 120 2.40016698837 15.0 15.018 15.0 15.014
* 121 2.42023992538 15.0 14.975 15.0 14.977
* 122 2.44030499458 15.0 15.025 15.0 15.025
* 123 2.46038198471 15.0 15.015 15.0 15.019
* 124 2.48045992851 15.0 15.004 15.0 15.012
* 125 2.50052881241 15.0 14.997 15.0 15.005
* 126 2.52060294151 15.0 14.986 15.0 14.997
* 127 2.54067087173 15.0 14.974 15.0 14.987
* 128 2.56073689461 15.0 14.992 15.0 14.989
* 129 2.5808057785 15.0 15.009 15.0 14.999
* 130 2.60087299347 15.0 14.978 15.0 14.967
* 131 2.62094497681 15.0 15.032 15.0 15.03
* 132 2.64102697372 15.0 14.978 15.0 14.981
* 133 2.66109585762 15.0 14.99 15.0 14.987
* 134 2.68116784096 15.0 15.001 15.0 14.99
* 135 2.70124483109 15.0 15.016 15.0 14.998
* 136 2.7213139534 15.0 15.02 15.0 15.002
* 137 2.7413918972 15.0 15.02 15.0 15.008
* 138 2.76146483421 15.0 15.01 15.0 15.005
* 139 2.78153991699 15.0 15.005 15.0 15.002
* 140 2.80162191391 15.0 14.998 15.0 14.995
* 141 2.8216919899 15.0 14.99 15.0 14.987
* 142 2.84176898003 15.0 14.988 15.0 14.991
* 143 2.86184287071 15.0 14.989 15.0 14.999
* 144 2.88190889359 15.0 14.957 15.0 14.965
* 145 2.9019908905 15.0 15.029 15.0 15.026
* 146 2.92205882072 15.0 14.984 15.0 14.981
* 147 2.94212985039 15.0 14.993 15.0 14.987
* 148 2.96220397949 15.0 14.998 15.0 14.991
* 149 2.98227477074 15.0 15.007 15.0 15.0
* 150 3.00235199928 15.0 15.003 15.0 15.006
* 151 3.02243089676 15.0 15.006 15.0 15.01
* 152 3.04249882698 15.0 15.004 15.0 15.006
* 153 3.06256985664 15.0 14.998 15.0 14.996
* 154 3.08263778687 15.0 15.001 15.0 15.002
* 155 3.10270786285 15.0 14.958 15.0 14.963
* 156 3.12278389931 15.0 14.966 15.0 14.975
* 157 3.1428527832 15.0 14.981 15.0 14.987
* 158 3.16292977333 15.0 14.991 15.0 14.992
* 159 3.18300795555 15.0 14.994 15.0 15.003
* 160 3.20307898521 15.0 15.002 15.0 15.012
* 161 3.22315883636 15.0 14.961 15.0 14.973
* 162 3.24323177338 15.0 15.025 15.0 15.024
* 163 3.2632958889 15.0 15.02 15.0 15.016
* 164 3.28336977959 15.0 15.015 15.0 15.011
* 165 3.30343794823 15.0 15.015 15.0 15.009
* 166 3.32351398468 15.0 15.012 15.0 15.003
* 167 3.34359192848 15.0 15.003 15.0 14.991
* 168 3.36366081238 15.0 15.011 15.0 14.995
* 169 3.38373494148 15.0 15.022 15.0 15.003
* 170 3.40380978584 15.0 14.985 15.0 14.968
* 171 3.42388081551 15.0 14.999 15.0 14.983
* 172 3.44395494461 15.0 15.005 15.0 14.992
* 173 3.46402478218 15.0 15.016 15.0 15.003
* 174 3.48410081863 15.0 15.023 15.0 15.01
* 175 3.50417876244 15.0 14.979 15.0 14.975
* 176 3.52424192429 15.0 15.02 15.0 15.03
* 177 3.54432082176 15.0 15.006 15.0 15.02
* 178 3.5643928051 15.0 14.997 15.0 15.008
* 179 3.58445692062 15.0 14.993 15.0 15.001
* 180 3.60453081131 15.0 14.98 15.0 14.998
* 181 3.62461590767 15.0 14.973 15.0 14.99
* 182 3.64468479156 15.0 14.978 15.0 14.997
* 183 3.66475582123 15.0 14.987 15.0 15.005
* 184 3.68482589722 15.0 14.954 15.0 14.967
* 185 3.70489692688 15.0 14.977 15.0 14.984
* 186 3.72497582436 15.0 14.991 15.0 14.993
* 187 3.74504494667 15.0 15.006 15.0 15.006
* 188 3.7651219368 15.0 15.013 15.0 15.013
* 189 3.78520083427 15.0 14.979 15.0 14.976
* 190 3.80527377129 15.0 15.041 15.0 15.026
* 191 3.8253428936 15.0 15.037 15.0 15.018
* 192 3.84541392326 15.0 15.012 15.0 15.008
* 193 3.86549091339 15.0 14.993 15.0 15.004
* 194 3.88556599617 15.0 14.983 15.0 14.998
* 195 3.90563797951 15.0 14.987 15.0 14.99
* 196 3.92571187019 15.0 14.993 15.0 14.992
* 197 3.94578695297 15.0 15.0 15.0 14.998
* 198 3.96585798264 15.0 14.972 15.0 14.964
* 199 3.98592996597 15.0 15.041 15.0 15.027
* 200 4.00610089302 15.0 14.991 15.0 14.982
* 201 4.02617478371 15.0 15.002 15.0 14.99
* 202 4.04624581337 15.0 15.006 15.0 14.99
* 203 4.06631588936 15.0 15.017 15.0 14.999
* 204 4.08639097214 15.0 15.017 15.0 15.007
* 205 4.10646390915 15.0 15.019 15.0 15.013
* 206 4.12653279305 15.0 15.011 15.0 15.007
* 207 4.14660692215 15.0 15.007 15.0 14.994
* 208 4.16668176651 15.0 15.01 15.0 14.998
* 209 4.18675398827 15.0 15.01 15.0 15.006
* 210 4.20682883263 15.0 14.966 15.0 14.969
* 211 4.22689795494 15.0 14.981 15.0 14.986
* 212 4.24697184563 15.0 14.993 15.0 14.993
* 213 4.26704788208 15.0 15.001 15.0 15.005
* 214 4.2871158123 15.0 15.002 15.0 15.01
* 215 4.30718588829 15.0 14.999 15.0 15.02
* 216 4.32726597786 15.0 14.998 15.0 15.021
* 217 4.34733390808 15.0 15.003 15.0 15.015
* 218 4.36741089821 15.0 15.004 15.0 15.008
* 219 4.38747882843 15.0 15.004 15.0 15.005
* 220 4.40755295753 15.0 14.991 15.0 14.998
* 221 4.42763185501 15.0 14.985 15.0 14.989
* 222 4.44769978523 15.0 14.991 15.0 14.992
* 223 4.46777391434 15.0 15.008 15.0 14.998
* 224 4.48784899712 15.0 14.979 15.0 14.964
* 225 4.50791692734 15.0 14.988 15.0 14.977
* 226 4.52799487114 15.0 14.975 15.0 14.984
* 227 4.54806876183 15.0 14.973 15.0 14.99
* 228 4.56813597679 15.0 14.986 15.0 14.993
* 229 4.58821296692 15.0 14.997 15.0 15.003
* 230 4.60828280449 15.0 15.006 15.0 15.012
* 231 4.62835979462 15.0 15.008 15.0 15.017
* 232 4.64843678474 15.0 14.999 15.0 15.012
* 233 4.66850280762 15.0 14.992 15.0 15.008
* 234 4.68858098984 15.0 14.982 15.0 14.999
* 235 4.70865392685 15.0 14.979 15.0 14.99
* 236 4.72872686386 15.0 14.985 15.0 14.994
* 237 4.74880599976 15.0 14.986 15.0 15.0
* 238 4.76887488365 15.0 14.949 15.0 14.966
* 239 4.78894495964 15.0 15.017 15.0 15.027
* 240 4.80902290344 15.0 14.98 15.0 14.98
* 241 4.82909393311 15.0 14.995 15.0 14.99
* 242 4.84917092323 15.0 14.989 15.0 14.992
* 243 4.86925983429 15.0 14.993 15.0 15.001
* 244 4.8894109726 15.0 14.999 15.0 15.002
* 245 4.90951895714 15.0 15.007 15.0 15.001
* 246 4.92964577675 15.0 15.015 15.0 15.007
* 247 4.94972085953 15.0 14.971 15.0 14.967
* 248 4.96981287003 15.0 14.98 15.0 14.976
* 249 4.98989796638 15.0 14.989 15.0 14.991
* 250 5.00999379158 15.0 14.994 15.0 14.996
* 251 5.03009295464 15.0 15.0 15.0 15.006
* 252 5.05017995834 15.0 15.004 15.0 15.015
* 253 5.07028198242 15.0 15.009 15.0 15.021
* 254 5.09037590027 15.0 15.01 15.0 15.019
* 255 5.11048483849 15.0 15.012 15.0 15.011
* 256 5.13061094284 15.0 15.005 15.0 15.002
* 257 5.15071487427 15.0 15.003 15.0 14.993
* 258 5.17082881927 15.0 15.014 15.0 14.997
* 259 5.19094777107 15.0 15.009 15.0 15.002
* 260 5.21109890938 15.0 14.966 15.0 14.968
* 261 5.23118591309 15.0 15.03 15.0 15.028
* 262 5.25128889084 15.0 15.029 15.0 15.024
* 263 5.27141594887 15.0 15.019 15.0 15.014
* 264 5.29150676727 15.0 15.003 15.0 14.997
* 265 5.31167793274 15.0 15.001 15.0 14.999
* 266 5.33179187775 15.0 14.958 15.0 14.96
* 267 5.35195279121 15.0 14.966 15.0 14.974
* 268 5.37205982208 15.0 14.978 15.0 14.989
* 269 5.39218091965 15.0 14.984 15.0 14.996
* 270 5.41231393814 15.0 15.0 15.0 15.007
* 271 5.43242096901 15.0 15.003 15.0 15.01
* 272 5.45251488686 15.0 15.002 15.0 14.999
* 273 5.47262978554 15.0 15.017 15.0 15.003
* 274 5.49276185036 15.0 14.977 15.0 14.964
* 275 5.51286292076 15.0 14.979 15.0 14.976
* 276 5.53295493126 15.0 14.977 15.0 14.99
* 277 5.55305695534 15.0 14.987 15.0 14.997
* 278 5.57315182686 15.0 15.012 15.0 15.01
* 279 5.59324193001 15.0 15.025 15.0 15.018
* 280 5.61332678795 15.0 15.029 15.0 15.021
* 281 5.63340091705 15.0 15.028 15.0 15.017
* 282 5.65348291397 15.0 15.017 15.0 15.008
* 283 5.6735599041 15.0 15.0 15.0 14.996
* 284 5.69363379478 15.0 14.996 15.0 14.988
* 285 5.71371293068 15.0 15.001 15.0 14.992
* 286 5.7337949276 15.0 15.008 15.0 15.0
* 287 5.7538599968 15.0 14.965 15.0 14.968
* 288 5.77394986153 15.0 15.018 15.0 15.03
* 289 5.79401898384 15.0 14.977 15.0 14.981
* 290 5.8140938282 15.0 14.986 15.0 14.987
* 291 5.834171772 15.0 14.993 15.0 14.99
* 292 5.85424089432 15.0 14.992 15.0 14.998
* 293 5.87432384491 15.0 14.989 15.0 15.005
* 294 5.8944029808 15.0 14.997 15.0 15.01
* 295 5.91447281837 15.0 15.002 15.0 15.005
* 296 5.93454480171 15.0 14.996 15.0 14.992
* 297 5.95461392403 15.0 15.002 15.0 14.996
* 298 5.97468185425 15.0 15.009 15.0 15.004
* 299 5.99475979805 15.0 14.97 15.0 14.969
* 300 6.01483297348 15.0 14.992 15.0 14.986
* 301 6.03490996361 15.0 14.994 15.0 14.995
* 302 6.05498480797 15.0 14.999 15.0 15.005
* 303 6.0750348568 15.0 14.962 15.0 15.012
* 304 6.09511089325 15.0 14.893 15.0 14.975
* 305 6.11518788338 15.0 14.95 15.0 15.028
* 306 6.13525891304 15.0 14.972 15.0 15.022
* 307 6.15533185005 15.0 14.985 15.0 15.015
* 308 6.17540788651 15.0 14.993 15.0 15.007
* 309 6.19547891617 15.0 14.989 15.0 14.996
* 310 6.2155559063 15.0 14.995 15.0 14.985
* 311 6.23562598228 15.0 15.019 15.0 14.99
* 312 6.25569796562 15.0 15.039 15.0 14.998
* 313 6.2757768631 15.0 15.023 15.0 14.966
* 314 6.29584693909 15.0 15.07 15.0 15.027
* 315 6.31592297554 15.0 15.008 15.0 14.982
* 316 6.33599591255 15.0 15.007 15.0 14.988
* 317 6.35607290268 15.0 15.01 15.0 14.991
* 318 6.37614989281 15.0 15.017 15.0 14.997
* 319 6.39621782303 15.0 15.018 15.0 15.008
* 320 6.41628980637 15.0 15.022 15.0 15.018
* 321 6.43636679649 15.0 15.017 15.0 15.017
* 322 6.45644283295 15.0 15.011 15.0 15.009
* 323 6.47651696205 15.0 14.999 15.0 14.997
* 324 6.49659395218 15.0 14.989 15.0 14.989
* 325 6.51666498184 15.0 14.988 15.0 14.996
* 326 6.53673791885 15.0 14.994 15.0 15.006
* 327 6.55681276321 15.0 14.961 15.0 14.971
* 328 6.57688379288 15.0 14.985 15.0 14.985
* 329 6.59696388245 15.0 15.002 15.0 14.992
* 330 6.61703395844 15.0 15.011 15.0 15.003
* 331 6.63710999489 15.0 15.019 15.0 15.009
* 332 6.65718793869 15.0 15.029 15.0 15.017
* 333 6.67725586891 15.0 15.033 15.0 15.019
* 334 6.69731593132 15.0 15.032 15.0 15.016
* 335 6.71738791466 15.0 15.021 15.0 15.008
* 336 6.73745679855 15.0 15.013 15.0 15.001
* 337 6.75753879547 15.0 14.999 15.0 14.991
* 338 6.77760791779 15.0 14.993 15.0 14.983
* 339 6.79768776894 15.0 14.998 15.0 14.992
* 340 6.81776595116 15.0 15.01 15.0 14.998
* 341 6.83783483505 15.0 14.974 15.0 14.968
* 342 6.85790586472 15.0 14.972 15.0 14.984
* 343 6.87798094749 15.0 14.967 15.0 14.988
* 344 6.89804291725 15.0 14.979 15.0 14.993
* 345 6.91812777519 15.0 14.987 15.0 14.996
* 346 6.93819594383 15.0 15.002 15.0 15.007
* 347 6.95826983452 15.0 15.013 15.0 15.013
* 348 6.97833895683 15.0 15.015 15.0 15.012
* 349 6.99841284752 15.0 15.01 15.0 15.01
* 350 7.01848196983 15.0 14.997 15.0 14.995
* 351 7.03854179382 15.0 15.002 15.0 14.997
* 352 7.05861377716 15.0 15.007 15.0 15.008
* 353 7.07868599892 15.0 14.971 15.0 14.972
* 354 7.09876179695 15.0 14.983 15.0 14.987
* 355 7.11883187294 15.0 14.988 15.0 14.996
* 356 7.13890695572 15.0 15.003 15.0 15.006
* 357 7.15897583961 15.0 15.008 15.0 15.015
* 358 7.17904996872 15.0 14.96 15.0 14.98
* 359 7.19912791252 15.0 15.001 15.0 15.033
* 360 7.21919679642 15.0 14.957 15.0 14.983
* 361 7.23927283287 15.0 15.015 15.0 15.022
* 362 7.25934696198 15.0 15.017 15.0 15.01
* 363 7.27941799164 15.0 15.012 15.0 15.0
* 364 7.29949998856 15.0 15.004 15.0 14.995
* 365 7.31957578659 15.0 15.013 15.0 15.001
* 366 7.3396499157 15.0 14.977 15.0 14.964
* 367 7.35972690582 15.0 14.988 15.0 14.978
* 368 7.37979578972 15.0 14.995 15.0 14.99
* 369 7.39987397194 15.0 14.992 15.0 14.995
* 370 7.41994690895 15.0 14.995 15.0 15.006
* 371 7.44001293182 15.0 15.003 15.0 15.014
* 372 7.46009397507 15.0 14.967 15.0 14.977
* 373 7.48017477989 15.0 15.014 15.0 15.027
* 374 7.50020098686 15.0 15.002 15.0 15.02
* 375 7.52027392387 15.0 14.987 15.0 15.008
* 376 7.54034090042 15.0 14.981 15.0 15.006
* 377 7.56043076515 15.0 14.978 15.0 15.003
* 378 7.58050394058 15.0 14.981 15.0 14.994
* 379 7.60057592392 15.0 14.985 15.0 14.998
* 380 7.62065577507 15.0 15.0 15.0 15.006
* 381 7.64073085785 15.0 14.962 15.0 14.969
* 382 7.66080379486 15.0 14.977 15.0 14.981
* 383 7.68083381653 15.0 14.989 15.0 14.991
* 384 7.70090794563 15.0 15.004 15.0 15.002
* 385 7.7209789753 15.0 15.018 15.0 15.009
* 386 7.74107980728 15.0 14.982 15.0 14.976
* 387 7.76115083694 15.0 15.037 15.0 15.029
* 388 7.78122878075 15.0 15.036 15.0 15.024
* 389 7.80130577087 15.0 15.03 15.0 15.016
* 390 7.82137680054 15.0 15.02 15.0 15.006
* 391 7.84145689011 15.0 14.993 15.0 14.995
* 392 7.86153483391 15.0 14.972 15.0 14.989
* 393 7.88159990311 15.0 14.981 15.0 14.998
* 394 7.90168595314 15.0 15.011 15.0 15.006
* 395 7.9217607975 15.0 14.979 15.0 14.97
* 396 7.94182777405 15.0 14.995 15.0 14.985
* 397 7.96189689636 15.0 14.997 15.0 14.992
* 398 7.98196983337 15.0 15.002 15.0 15.001
* 399 8.00204396248 15.0 15.005 15.0 15.012
* 400 8.02211999893 15.0 14.971 15.0 14.98
* 401 8.04218888283 15.0 15.03 15.0 15.03
* 402 8.06226396561 15.0 15.029 15.0 15.022
* 403 8.08233976364 15.0 15.019 15.0 15.01
* 404 8.10240888596 15.0 15.016 15.0 15.003
* 405 8.12248778343 15.0 15.01 15.0 14.996
* 406 8.14256286621 15.0 15.006 15.0 14.989
* 407 8.16263484955 15.0 15.01 15.0 14.996
* 408 8.18270778656 15.0 15.01 15.0 15.003
* 409 8.2027759552 15.0 14.969 15.0 14.969
* 410 8.222853899 15.0 14.976 15.0 14.983
* 411 8.24292993546 15.0 14.98 15.0 14.985
* 412 8.26299977303 15.0 14.987 15.0 14.99
* 413 8.28304481506 15.0 14.983 15.0 14.993
* 414 8.30312180519 15.0 14.992 15.0 15.006
* 415 8.32319188118 15.0 14.994 15.0 15.012
* 416 8.34326887131 15.0 14.997 15.0 15.013
* 417 8.36334586143 15.0 14.998 15.0 15.008
* 418 8.3834168911 15.0 15.005 15.0 15.001
* 419 8.40349578857 15.0 15.006 15.0 14.992
* 420 8.42357087135 15.0 15.004 15.0 14.986
* 421 8.44364285469 15.0 15.016 15.0 14.993
* 422 8.46372580528 15.0 15.03 15.0 15.003
* 423 8.48379993439 15.0 15.001 15.0 14.968
* 424 8.5038728714 15.0 15.007 15.0 14.985
* 425 8.52394890785 15.0 14.999 15.0 14.992
* 426 8.54402184486 15.0 14.999 15.0 15.003
* 427 8.56409597397 15.0 15.011 15.0 15.009
* 428 8.584171772 15.0 14.975 15.0 14.973
* 429 8.60424184799 15.0 15.023 15.0 15.021
* 430 8.62431883812 15.0 15.01 15.0 15.013
* 431 8.64439296722 15.0 14.994 15.0 15.001
* 432 8.66446685791 15.0 14.987 15.0 14.999
* 433 8.68453788757 15.0 14.98 15.0 14.994
* 434 8.70460581779 15.0 14.989 15.0 14.99
* 435 8.72467589378 15.0 15.004 15.0 14.997
* 436 8.74475383759 15.0 15.011 15.0 15.005
* 437 8.76482176781 15.0 14.97 15.0 14.969
* 438 8.7849009037 15.0 14.997 15.0 14.982
* 439 8.80497694016 15.0 15.017 15.0 14.989
* 440 8.82504296303 15.0 15.037 15.0 15.0
* 441 8.84511995316 15.0 15.032 15.0 15.009
* 442 8.86519598961 15.0 15.019 15.0 15.017
* 443 8.88526797295 15.0 15.022 15.0 15.018
* 444 8.90534186363 15.0 15.026 15.0 15.011
* 445 8.92541480064 15.0 15.015 15.0 14.999
* 446 8.9454908371 15.0 15.001 15.0 14.988
* 447 8.96556377411 15.0 15.003 15.0 14.992
* 448 8.98563289642 15.0 15.008 15.0 14.998
* 449 9.00571584702 15.0 14.97 15.0 14.966
* 450 9.02579092979 15.0 15.023 15.0 15.029
* 451 9.04587078094 15.0 14.965 15.0 14.982
* 452 9.0659468174 15.0 14.97 15.0 14.988
* 453 9.08601284027 15.0 14.969 15.0 14.991
* 454 9.10610890388 15.0 14.978 15.0 14.997
* 455 9.12620687485 15.0 14.991 15.0 15.006
* 456 9.14632582664 15.0 15.004 15.0 15.016
* 457 9.16648292542 15.0 15.011 15.0 15.012
* 458 9.18661499023 15.0 14.997 15.0 14.995
* 459 9.20675086975 15.0 15.0 15.0 14.995
* 460 9.22688889503 15.0 15.017 15.0 15.003
* 461 9.24697589874 15.0 14.99 15.0 14.968
* 462 9.2670788765 15.0 14.999 15.0 14.987
* 463 9.28719878197 15.0 15.005 15.0 14.996
* 464 9.3073117733 15.0 15.012 15.0 15.004
* 465 9.32740283012 15.0 15.012 15.0 15.006
* 466 9.34757876396 15.0 15.001 15.0 14.999
* 467 9.36769986153 15.0 15.001 15.0 15.006
* 468 9.38779997826 15.0 14.961 15.0 14.966
* 469 9.40791296959 15.0 14.966 15.0 14.977
* 470 9.42800784111 15.0 14.978 15.0 14.992
* 471 9.44810581207 15.0 14.984 15.0 14.999
* 472 9.46820497513 15.0 15.0 15.0 15.009
* 473 9.48830795288 15.0 15.003 15.0 15.01
* 474 9.50843977928 15.0 14.997 15.0 15.002
* 475 9.52855086327 15.0 14.991 15.0 15.008
* 476 9.54866194725 15.0 14.951 15.0 14.968
* 477 9.56879782677 15.0 14.976 15.0 14.979
* 478 9.5889108181 15.0 14.997 15.0 14.991
* 479 9.60901784897 15.0 15.004 15.0 14.999
* 480 9.62912988663 15.0 15.011 15.0 15.009
* 481 9.64924192429 15.0 15.011 15.0 15.015
* 482 9.66938090324 15.0 15.014 15.0 15.016
* 483 9.68947577477 15.0 15.008 15.0 15.008
* 484 9.70960497856 15.0 14.998 15.0 14.993
* 485 9.72971987724 15.0 14.998 15.0 14.997
* 486 9.74983596802 15.0 14.994 15.0 15.005
* 487 9.76992988586 15.0 14.952 15.0 14.97
* 488 9.79004597664 15.0 14.972 15.0 14.989
* 489 9.81016683578 15.0 14.987 15.0 14.996
* 490 9.83028578758 15.0 15.004 15.0 15.006
* 491 9.85041499138 15.0 14.993 15.0 15.003
* 492 9.87054276466 15.0 14.981 15.0 14.996
* 493 9.89063978195 15.0 14.994 15.0 15.0
* 494 9.91072893143 15.0 15.014 15.0 15.008
* 495 9.93080878258 15.0 14.979 15.0 14.971
* 496 9.95090198517 15.0 14.996 15.0 14.987
* 497 9.97099280357 15.0 15.002 15.0 14.996
* 498 9.99107289314 15.0 15.012 15.0 15.007
* 499 10.0111548901 15.0 15.025 15.0 15.015
* 500 10.03125 15.0 15.033 15.0 15.023
