### Ensaio dos Controladores de Velocidade dos Motores ###

# Parâmetros #

# Número do Ensaio: 3
# Frequência de Amostragem: 50.0 Hz
# Número de Amostras: 500
# Velocidade de Referência Direita: 15.000 
# Velocidade de Referência Esquerda: 15.000 

* 1 0.0 15.0 0.0 15.0 0.0
* 2 0.0200741291046 15.0 0.154 15.0 0.126
* 3 0.0401480197906 15.0 0.957 15.0 0.921
* 4 0.0602200031281 15.0 1.94 15.0 1.967
* 5 0.0802881717682 15.0 3.057 15.0 3.198
* 6 0.100367069244 15.0 4.124 15.0 4.33
* 7 0.120434045792 15.0 5.03 15.0 5.254
* 8 0.140511035919 15.0 5.944 15.0 6.157
* 9 0.160587072372 15.0 6.684 15.0 6.919
* 10 0.180658102036 15.0 7.335 15.0 7.606
* 11 0.200731039047 15.0 7.986 15.0 8.297
* 12 0.220806121826 15.0 8.551 15.0 8.863
* 13 0.240875005722 15.0 9.14 15.0 9.425
* 14 0.26095199585 15.0 9.553 15.0 9.848
* 15 0.281022071838 15.0 10.078 15.0 10.378
* 16 0.301086187363 15.0 10.462 15.0 10.758
* 17 0.321161985397 15.0 10.844 15.0 11.139
* 18 0.341232061386 15.0 11.165 15.0 11.458
* 19 0.361301183701 15.0 11.493 15.0 11.775
* 20 0.381379127502 15.0 11.794 15.0 12.062
* 21 0.40146112442 15.0 12.055 15.0 12.309
* 22 0.421533107758 15.0 12.271 15.0 12.513
* 23 0.441605091095 15.0 12.525 15.0 12.747
* 24 0.461673021317 15.0 12.735 15.0 12.953
* 25 0.481750011444 15.0 12.938 15.0 13.148
* 26 0.501824140549 15.0 13.112 15.0 13.318
* 27 0.52189207077 15.0 13.282 15.0 13.478
* 28 0.541970014572 15.0 13.386 15.0 13.566
* 29 0.56204199791 15.0 13.578 15.0 13.75
* 30 0.58211016655 15.0 13.677 15.0 13.849
* 31 0.602187156677 15.0 13.78 15.0 13.945
* 32 0.62226319313 15.0 13.865 15.0 14.029
* 33 0.642333030701 15.0 13.954 15.0 14.109
* 34 0.662409067154 15.0 14.041 15.0 14.178
* 35 0.682484149933 15.0 14.124 15.0 14.25
* 36 0.702557086945 15.0 14.204 15.0 14.326
* 37 0.722632169724 15.0 14.231 15.0 14.35
* 38 0.742698192596 15.0 14.304 15.0 14.415
* 39 0.762771129608 15.0 14.372 15.0 14.472
* 40 0.782816171646 15.0 14.433 15.0 14.522
* 41 0.802890062332 15.0 14.485 15.0 14.569
* 42 0.822968006134 15.0 14.534 15.0 14.617
* 43 0.843042135239 15.0 14.571 15.0 14.659
* 44 0.863113164902 15.0 14.611 15.0 14.694
* 45 0.883190155029 15.0 14.651 15.0 14.723
* 46 0.903259992599 15.0 14.673 15.0 14.743
* 47 0.92333817482 15.0 14.688 15.0 14.758
* 48 0.943408966064 15.0 14.704 15.0 14.77
* 49 0.963478088379 15.0 14.733 15.0 14.791
* 50 0.983554124832 15.0 14.768 15.0 14.819
* 51 1.00362610817 15.0 14.747 15.0 14.797
* 52 1.02369618416 15.0 14.774 15.0 14.828
* 53 1.04377198219 15.0 14.799 15.0 14.854
* 54 1.06385111809 15.0 14.825 15.0 14.874
* 55 1.08392310143 15.0 14.846 15.0 14.891
* 56 1.1039981842 15.0 14.822 15.0 14.864
* 57 1.12407612801 15.0 14.884 15.0 14.927
* 58 1.14415001869 15.0 14.887 15.0 14.933
* 59 1.16422796249 15.0 14.883 15.0 14.931
* 60 1.18429708481 15.0 14.89 15.0 14.93
* 61 1.20437407494 15.0 14.903 15.0 14.928
* 62 1.22445106506 15.0 14.915 15.0 14.926
* 63 1.24451899529 15.0 14.929 15.0 14.936
* 64 1.26459813118 15.0 14.944 15.0 14.95
* 65 1.28467202187 15.0 14.912 15.0 14.919
* 66 1.3047440052 15.0 14.927 15.0 14.94
* 67 1.32481908798 15.0 14.943 15.0 14.952
* 68 1.34489297867 15.0 14.953 15.0 14.967
* 69 1.36496710777 15.0 14.958 15.0 14.978
* 70 1.38503813744 15.0 14.962 15.0 14.988
* 71 1.40510606766 15.0 14.966 15.0 14.991
* 72 1.42518305779 15.0 14.975 15.0 14.99
* 73 1.44525504112 15.0 14.973 15.0 14.985
* 74 1.46532201767 15.0 14.979 15.0 14.981
* 75 1.48539400101 15.0 14.967 15.0 14.973
* 76 1.50549197197 15.0 14.956 15.0 14.971
* 77 1.52556109428 15.0 14.965 15.0 14.978
* 78 1.54563713074 15.0 14.989 15.0 14.985
* 79 1.56574511528 15.0 14.954 15.0 14.954
* 80 1.58582210541 15.0 15.015 15.0 15.015
* 81 1.60589313507 15.0 14.974 15.0 14.974
* 82 1.62596511841 15.0 15.02 15.0 15.014
* 83 1.64603996277 15.0 15.018 15.0 15.012
* 84 1.66612100601 15.0 15.006 15.0 15.007
* 85 1.68618798256 15.0 14.999 15.0 15.002
* 86 1.7062599659 15.0 14.97 15.0 14.993
* 87 1.72633314133 15.0 14.924 15.0 14.99
* 88 1.74640512466 15.0 14.923 15.0 14.997
* 89 1.76648211479 15.0 14.894 15.0 14.958
* 90 1.78655314445 15.0 14.925 15.0 14.968
* 91 1.80662918091 15.0 14.949 15.0 14.98
* 92 1.82670712471 15.0 14.97 15.0 14.988
* 93 1.84677910805 15.0 14.989 15.0 14.999
* 94 1.8668551445 15.0 15.022 15.0 15.009
* 95 1.88694214821 15.0 14.998 15.0 14.972
* 96 1.90703201294 15.0 15.07 15.0 15.025
* 97 1.92713904381 15.0 15.065 15.0 15.017
* 98 1.94722604752 15.0 15.043 15.0 15.007
* 99 1.9673500061 15.0 15.028 15.0 14.997
* 100 1.98747897148 15.0 15.022 15.0 15.001
* 101 2.00759100914 15.0 14.98 15.0 14.962
* 102 2.02770400047 15.0 14.984 15.0 14.974
* 103 2.04780817032 15.0 14.998 15.0 14.988
* 104 2.06792902946 15.0 15.004 15.0 14.995
* 105 2.08802819252 15.0 15.014 15.0 15.006
* 106 2.10813617706 15.0 15.029 15.0 15.014
* 107 2.12825918198 15.0 15.031 15.0 15.012
* 108 2.14834499359 15.0 14.985 15.0 14.971
* 109 2.16846609116 15.0 14.981 15.0 14.976
* 110 2.18857002258 15.0 14.983 15.0 14.985
* 111 2.20868206024 15.0 15.005 15.0 14.995
* 112 2.22880101204 15.0 15.014 15.0 15.003
* 113 2.24893403053 15.0 14.975 15.0 14.969
* 114 2.26904010773 15.0 15.031 15.0 15.023
* 115 2.28917312622 15.0 15.029 15.0 15.022
* 116 2.309278965 15.0 15.019 15.0 15.014
* 117 2.32941818237 15.0 15.013 15.0 15.001
* 118 2.34953808784 15.0 15.012 15.0 15.001
* 119 2.36965417862 15.0 14.967 15.0 14.962
* 120 2.3897690773 15.0 14.971 15.0 14.974
* 121 2.4099149704 15.0 14.984 15.0 14.988
* 122 2.43001914024 15.0 14.993 15.0 14.995
* 123 2.45013713837 15.0 15.004 15.0 15.008
* 124 2.47025418282 15.0 15.002 15.0 15.009
* 125 2.49036216736 15.0 14.989 15.0 15.0
* 126 2.51049017906 15.0 14.992 15.0 15.004
* 127 2.53059411049 15.0 15.01 15.0 15.009
* 128 2.55069208145 15.0 14.98 15.0 14.972
* 129 2.57096219063 15.0 14.997 15.0 14.986
* 130 2.59109306335 15.0 15.003 15.0 14.993
* 131 2.61120700836 15.0 15.008 15.0 15.004
* 132 2.63128614426 15.0 14.998 15.0 15.005
* 133 2.65137314796 15.0 14.991 15.0 15.0
* 134 2.67145609856 15.0 14.989 15.0 15.006
* 135 2.69153308868 15.0 14.993 15.0 15.012
* 136 2.71161818504 15.0 14.951 15.0 14.972
* 137 2.73175501823 15.0 14.964 15.0 14.986
* 138 2.75183415413 15.0 14.975 15.0 14.994
* 139 2.77191209793 15.0 14.997 15.0 15.004
* 140 2.7919781208 15.0 15.002 15.0 15.008
* 141 2.81205415726 15.0 14.995 15.0 15.014
* 142 2.83213305473 15.0 14.98 15.0 15.015
* 143 2.85220217705 15.0 14.977 15.0 15.014
* 144 2.87227416039 15.0 14.986 15.0 15.008
* 145 2.89235806465 15.0 14.991 15.0 15.0
* 146 2.91242718697 15.0 15.006 15.0 15.002
* 147 2.932502985 15.0 14.966 15.0 14.963
* 148 2.95259404182 15.0 14.977 15.0 14.976
* 149 2.97266697884 15.0 14.994 15.0 14.991
* 150 2.99274706841 15.0 15.012 15.0 14.998
* 151 3.0128121376 15.0 15.024 15.0 15.008
* 152 3.03288602829 15.0 15.034 15.0 15.019
* 153 3.05296301842 15.0 14.992 15.0 14.98
* 154 3.07303214073 15.0 15.039 15.0 15.028
* 155 3.09310817719 15.0 15.033 15.0 15.022
* 156 3.11318516731 15.0 15.015 15.0 15.008
* 157 3.13325619698 15.0 15.007 15.0 15.002
* 158 3.15332818031 15.0 14.986 15.0 14.997
* 159 3.17339611053 15.0 14.972 15.0 14.991
* 160 3.19347310066 15.0 14.983 15.0 14.997
* 161 3.213545084 15.0 15.008 15.0 15.003
* 162 3.23361802101 15.0 14.972 15.0 14.969
* 163 3.25369119644 15.0 15.024 15.0 15.029
* 164 3.27376413345 15.0 14.978 15.0 14.982
* 165 3.29383802414 15.0 14.987 15.0 14.988
* 166 3.31391501427 15.0 14.999 15.0 14.991
* 167 3.33408999443 15.0 15.016 15.0 14.999
* 168 3.35416603088 15.0 15.023 15.0 15.005
* 169 3.3742389679 15.0 15.029 15.0 15.009
* 170 3.39430809021 15.0 15.025 15.0 15.003
* 171 3.41438508034 15.0 15.016 15.0 14.995
* 172 3.43445706367 15.0 15.027 15.0 14.999
* 173 3.45452618599 15.0 15.035 15.0 15.007
* 174 3.47460818291 15.0 14.995 15.0 14.973
* 175 3.49468111992 15.0 14.996 15.0 14.988
* 176 3.51475000381 15.0 14.991 15.0 14.993
* 177 3.53482198715 15.0 15.001 15.0 15.003
* 178 3.5548889637 15.0 15.005 15.0 15.012
* 179 3.57496809959 15.0 15.008 15.0 15.018
* 180 3.59504318237 15.0 15.009 15.0 15.019
* 181 3.61511397362 15.0 15.007 15.0 15.014
* 182 3.63518810272 15.0 14.998 15.0 15.008
* 183 3.65526199341 15.0 14.999 15.0 15.006
* 184 3.67533612251 15.0 14.999 15.0 14.998
* 185 3.69541096687 15.0 15.001 15.0 14.99
* 186 3.71557211876 15.0 15.012 15.0 14.996
* 187 3.73564910889 15.0 15.021 15.0 15.004
* 188 3.75572609901 15.0 14.987 15.0 14.972
* 189 3.77579712868 15.0 15.05 15.0 15.027
* 190 3.79587101936 15.0 15.007 15.0 14.981
* 191 3.81594705582 15.0 15.044 15.0 15.026
* 192 3.83601903915 15.0 15.024 15.0 15.02
* 193 3.85609412193 15.0 15.012 15.0 15.013
* 194 3.87617111206 15.0 15.012 15.0 15.005
* 195 3.89624118805 15.0 15.002 15.0 14.996
* 196 3.9163210392 15.0 14.987 15.0 14.99
* 197 3.93638896942 15.0 14.986 15.0 14.997
* 198 3.95645999908 15.0 14.99 15.0 15.003
* 199 3.97653698921 15.0 14.957 15.0 14.968
* 200 3.99660205841 15.0 14.984 15.0 14.98
* 201 4.01667904854 15.0 15.0 15.0 14.988
* 202 4.03676009178 15.0 15.012 15.0 14.998
* 203 4.05682897568 15.0 15.016 15.0 15.008
* 204 4.08255696297 15.0 15.019 15.0 15.007
* 205 4.10263419151 15.0 14.989 15.0 14.969
* 206 4.12270903587 15.0 15.002 15.0 14.979
* 207 4.14278817177 15.0 15.01 15.0 14.991
* 208 4.16288208961 15.0 15.008 15.0 14.998
* 209 4.18295717239 15.0 15.013 15.0 15.01
* 210 4.20302915573 15.0 15.019 15.0 15.018
* 211 4.22309708595 15.0 15.018 15.0 15.017
* 212 4.24317407608 15.0 15.013 15.0 15.012
* 213 4.26325201988 15.0 14.998 15.0 15.001
* 214 4.28332209587 15.0 14.996 15.0 15.003
* 215 4.30339407921 15.0 14.952 15.0 14.964
* 216 4.32347917557 15.0 14.962 15.0 14.975
* 217 4.34355401993 15.0 14.979 15.0 14.987
* 218 4.36363315582 15.0 14.985 15.0 14.995
* 219 4.38370108604 15.0 14.986 15.0 15.008
* 220 4.4037771225 15.0 14.987 15.0 15.019
* 221 4.42385601997 15.0 14.958 15.0 14.98
* 222 4.44392609596 15.0 15.028 15.0 15.03
* 223 4.46400499344 15.0 15.027 15.0 15.024
* 224 4.48409414291 15.0 15.015 15.0 15.014
* 225 4.50417017937 15.0 15.01 15.0 15.009
* 226 4.52425003052 15.0 15.003 15.0 14.997
* 227 4.54433608055 15.0 15.006 15.0 14.991
* 228 4.56441617012 15.0 15.018 15.0 14.998
* 229 4.58449196815 15.0 15.024 15.0 15.006
* 230 4.60456299782 15.0 14.982 15.0 14.97
* 231 4.62465000153 15.0 14.992 15.0 14.985
* 232 4.64472413063 15.0 14.998 15.0 14.99
* 233 4.6647901535 15.0 15.006 15.0 15.0
* 234 4.68486714363 15.0 15.007 15.0 15.007
* 235 4.70493912697 15.0 14.96 15.0 14.973
* 236 4.72501707077 15.0 15.009 15.0 15.021
* 237 4.74509000778 15.0 15.007 15.0 15.018
* 238 4.76515507698 15.0 15.003 15.0 15.008
* 239 4.78523206711 15.0 14.998 15.0 15.0
* 240 4.80531215668 15.0 14.986 15.0 14.991
* 241 4.82538414001 15.0 14.974 15.0 14.987
* 242 4.84546017647 15.0 14.976 15.0 14.994
* 243 4.86554002762 15.0 14.992 15.0 15.002
* 244 4.88562202454 15.0 14.964 15.0 14.97
* 245 4.9056930542 15.0 15.026 15.0 15.026
* 246 4.92576313019 15.0 14.978 15.0 14.982
* 247 4.94584012032 15.0 15.022 15.0 15.026
* 248 4.96591997147 15.0 14.972 15.0 14.974
* 249 4.98599004745 15.0 15.011 15.0 15.014
* 250 5.00606203079 15.0 15.006 15.0 15.006
* 251 5.0261361599 15.0 14.99 15.0 14.995
* 252 5.04621005058 15.0 14.99 15.0 14.995
* 253 5.06628608704 15.0 14.98 15.0 14.99
* 254 5.0863571167 15.0 14.975 15.0 14.987
* 255 5.10643315315 15.0 14.987 15.0 14.994
* 256 5.1265141964 15.0 15.002 15.0 15.0
* 257 5.14658808708 15.0 14.959 15.0 14.961
* 258 5.16666412354 15.0 14.965 15.0 14.978
* 259 5.18675303459 15.0 14.976 15.0 14.988
* 260 5.20682907104 15.0 15.003 15.0 15.001
* 261 5.22690105438 15.0 15.014 15.0 15.007
* 262 5.2469701767 15.0 15.021 15.0 15.015
* 263 5.26704716682 15.0 15.021 15.0 15.016
* 264 5.28712511063 15.0 15.016 15.0 15.011
* 265 5.30719900131 15.0 15.008 15.0 15.002
* 266 5.32727313042 15.0 15.005 15.0 14.996
* 267 5.34734606743 15.0 15.015 15.0 15.0
* 268 5.36741018295 15.0 14.973 15.0 14.961
* 269 5.3874900341 15.0 14.975 15.0 14.971
* 270 5.40754699707 15.0 14.983 15.0 14.985
* 271 5.42762613297 15.0 14.995 15.0 14.991
* 272 5.44770717621 15.0 15.01 15.0 15.004
* 273 5.46777200699 15.0 15.02 15.0 15.011
* 274 5.48784804344 15.0 14.97 15.0 14.974
* 275 5.50792813301 15.0 15.007 15.0 15.024
* 276 5.52800011635 15.0 15.013 15.0 15.019
* 277 5.5480761528 15.0 15.02 15.0 15.013
* 278 5.5681450367 15.0 15.012 15.0 15.008
* 279 5.5882229805 15.0 15.004 15.0 14.996
* 280 5.60830211639 15.0 15.003 15.0 14.99
* 281 5.62837314606 15.0 15.015 15.0 14.997
* 282 5.64845299721 15.0 15.028 15.0 15.005
* 283 5.66852807999 15.0 14.984 15.0 14.968
* 284 5.68860602379 15.0 14.984 15.0 14.984
* 285 5.70868206024 15.0 14.946 15.0 14.992
* 286 5.72876596451 15.0 14.926 15.0 15.0
* 287 5.74884319305 15.0 14.933 15.0 15.007
* 288 5.76892209053 15.0 14.909 15.0 14.971
* 289 5.78899097443 15.0 14.975 15.0 15.021
* 290 5.80906200409 15.0 14.987 15.0 15.018
* 291 5.82915902138 15.0 14.984 15.0 15.006
* 292 5.84923505783 15.0 14.992 15.0 15.003
* 293 5.86931204796 15.0 15.0 15.0 14.996
* 294 5.88940215111 15.0 15.022 15.0 14.99
* 295 5.90947413445 15.0 15.045 15.0 14.994
* 296 5.92956018448 15.0 15.047 15.0 15.002
* 297 5.94963002205 15.0 14.994 15.0 14.967
* 298 5.96970319748 15.0 15.003 15.0 14.984
* 299 5.98977518082 15.0 15.009 15.0 14.991
* 300 6.0097990036 15.0 15.015 15.0 15.0
* 301 6.02987408638 15.0 15.019 15.0 15.009
* 302 6.04995012283 15.0 15.021 15.0 15.015
* 303 6.07002019882 15.0 15.018 15.0 15.016
* 304 6.09009599686 15.0 15.015 15.0 15.012
* 305 6.11016607285 15.0 15.005 15.0 15.0
* 306 6.13023900986 15.0 14.997 15.0 14.992
* 307 6.15032410622 15.0 14.993 15.0 14.999
* 308 6.17038917542 15.0 14.996 15.0 15.004
* 309 6.19046401978 15.0 14.959 15.0 14.969
* 310 6.2105410099 15.0 14.986 15.0 14.986
* 311 6.23061299324 15.0 14.99 15.0 14.991
* 312 6.25068902969 15.0 14.998 15.0 15.002
* 313 6.27076411247 15.0 15.003 15.0 15.009
* 314 6.29083704948 15.0 14.963 15.0 14.972
* 315 6.31091403961 15.0 15.019 15.0 15.023
* 316 6.3309841156 15.0 15.021 15.0 15.024
* 317 6.35105919838 15.0 15.019 15.0 15.018
* 318 6.37113904953 15.0 15.009 15.0 15.01
* 319 6.39120817184 15.0 14.992 15.0 14.999
* 320 6.41128611565 15.0 14.983 15.0 14.993
* 321 6.43136119843 15.0 14.991 15.0 14.997
* 322 6.45143413544 15.0 14.999 15.0 15.005
* 323 6.47151017189 15.0 14.959 15.0 14.97
* 324 6.49161219597 15.0 14.965 15.0 14.986
* 325 6.51169204712 15.0 14.968 15.0 14.993
* 326 6.53176617622 15.0 14.989 15.0 15.002
* 327 6.55183911324 15.0 15.001 15.0 15.008
* 328 6.57191514969 15.0 15.009 15.0 15.017
* 329 6.59198904037 15.0 15.01 15.0 15.018
* 330 6.61205911636 15.0 15.015 15.0 15.015
* 331 6.63213396072 15.0 15.012 15.0 15.007
* 332 6.65221500397 15.0 15.011 15.0 14.999
* 333 6.67228102684 15.0 15.018 15.0 15.003
* 334 6.69235301018 15.0 14.974 15.0 14.962
* 335 6.71242618561 15.0 14.978 15.0 14.973
* 336 6.73250007629 15.0 14.988 15.0 14.99
* 337 6.75257396698 15.0 14.99 15.0 14.995
* 338 6.77264118195 15.0 14.996 15.0 15.006
* 339 6.79271817207 15.0 15.006 15.0 15.015
* 340 6.81279206276 15.0 14.958 15.0 14.98
* 341 6.83287215233 15.0 14.999 15.0 15.032
* 342 6.85294818878 15.0 14.998 15.0 15.026
* 343 6.87301802635 15.0 15.004 15.0 15.019
* 344 6.89311218262 15.0 15.007 15.0 15.014
* 345 6.91322398186 15.0 15.007 15.0 15.004
* 346 6.93331718445 15.0 15.006 15.0 14.993
* 347 6.95340299606 15.0 15.01 15.0 14.995
* 348 6.97349905968 15.0 15.017 15.0 15.004
* 349 6.99364113808 15.0 14.978 15.0 14.966
* 350 7.0137450695 15.0 14.995 15.0 14.983
* 351 7.03386497498 15.0 15.001 15.0 14.99
* 352 7.053992033 15.0 15.011 15.0 15.003
* 353 7.07410407066 15.0 15.011 15.0 15.007
* 354 7.09419703484 15.0 15.012 15.0 15.004
* 355 7.1142950058 15.0 15.021 15.0 15.008
* 356 7.13440418243 15.0 14.967 15.0 14.967
* 357 7.15451717377 15.0 14.963 15.0 14.976
* 358 7.17466306686 15.0 14.966 15.0 14.99
* 359 7.19478201866 15.0 14.984 15.0 14.995
* 360 7.21488618851 15.0 15.007 15.0 15.006
* 361 7.23501396179 15.0 15.012 15.0 15.012
* 362 7.25514006615 15.0 15.016 15.0 15.015
* 363 7.2752571106 15.0 15.009 15.0 15.007
* 364 7.295399189 15.0 15.002 15.0 14.992
* 365 7.31551408768 15.0 15.004 15.0 14.994
* 366 7.33563709259 15.0 15.018 15.0 14.999
* 367 7.35575008392 15.0 14.987 15.0 14.965
* 368 7.37584710121 15.0 15.042 15.0 15.025
* 369 7.39594006538 15.0 15.036 15.0 15.024
* 370 7.41605806351 15.0 15.023 15.0 15.014
* 371 7.43617796898 15.0 15.017 15.0 15.003
* 372 7.45632815361 15.0 15.019 15.0 15.008
* 373 7.47644209862 15.0 14.968 15.0 14.966
* 374 7.49655413628 15.0 14.966 15.0 14.978
* 375 7.51670217514 15.0 14.977 15.0 14.991
* 376 7.53682017326 15.0 14.99 15.0 15.0
* 377 7.55694699287 15.0 15.005 15.0 15.011
* 378 7.57705903053 15.0 15.009 15.0 15.016
* 379 7.59718608856 15.0 14.998 15.0 15.01
* 380 7.61729598045 15.0 15.002 15.0 15.013
* 381 7.63741707802 15.0 14.961 15.0 14.971
* 382 7.65751099586 15.0 14.978 15.0 14.981
* 383 7.67763519287 15.0 14.993 15.0 14.993
* 384 7.6977481842 15.0 15.0 15.0 14.998
* 385 7.71785402298 15.0 15.013 15.0 15.011
* 386 7.73796200752 15.0 15.018 15.0 15.019
* 387 7.75808000565 15.0 15.024 15.0 15.022
* 388 7.77818799019 15.0 15.021 15.0 15.009
* 389 7.79831504822 15.0 15.007 15.0 14.999
* 390 7.81842017174 15.0 15.0 15.0 15.003
* 391 7.83854103088 15.0 14.994 15.0 15.01
* 392 7.85866308212 15.0 14.954 15.0 14.973
* 393 7.87880015373 15.0 14.976 15.0 14.987
* 394 7.8989071846 15.0 14.984 15.0 14.992
* 395 7.91904401779 15.0 14.992 15.0 15.001
* 396 7.93914818764 15.0 14.982 15.0 15.006
* 397 7.95934510231 15.0 14.973 15.0 15.004
* 398 7.97946596146 15.0 14.991 15.0 15.008
* 399 7.99959015846 15.0 14.963 15.0 14.968
* 400 8.01969599724 15.0 14.977 15.0 14.978
* 401 8.03981304169 15.0 14.984 15.0 14.992
* 402 8.05995702744 15.0 14.994 15.0 14.997
* 403 8.08005905151 15.0 15.009 15.0 15.008
* 404 8.10016012192 15.0 15.018 15.0 15.008
* 405 8.12031507492 15.0 15.016 15.0 14.999
* 406 8.14042019844 15.0 15.013 15.0 15.003
* 407 8.16052103043 15.0 15.008 15.0 15.009
* 408 8.18061614037 15.0 14.963 15.0 14.971
* 409 8.20073413849 15.0 14.987 15.0 14.986
* 410 8.22085213661 15.0 14.999 15.0 14.995
* 411 8.24098300934 15.0 15.013 15.0 15.005
* 412 8.26111197472 15.0 15.011 15.0 15.009
* 413 8.28123116493 15.0 15.007 15.0 15.006
* 414 8.30135202408 15.0 15.015 15.0 15.01
* 415 8.32147216797 15.0 14.978 15.0 14.97
* 416 8.34157705307 15.0 14.993 15.0 14.977
* 417 8.3616809845 15.0 15.009 15.0 14.992
* 418 8.3817679882 15.0 15.017 15.0 14.997
* 419 8.40187907219 15.0 15.019 15.0 15.009
* 420 8.42199611664 15.0 15.026 15.0 15.015
* 421 8.44210410118 15.0 15.027 15.0 15.016
* 422 8.46221899986 15.0 15.021 15.0 15.006
* 423 8.48233509064 15.0 15.002 15.0 14.993
* 424 8.50243997574 15.0 14.993 15.0 14.995
* 425 8.52255797386 15.0 14.996 15.0 15.0
* 426 8.54266500473 15.0 14.963 15.0 14.968
* 427 8.56278610229 15.0 15.025 15.0 15.028
* 428 8.58291697502 15.0 14.981 15.0 14.984
* 429 8.60307002068 15.0 15.024 15.0 15.023
* 430 8.62316799164 15.0 15.008 15.0 15.005
* 431 8.64329314232 15.0 15.006 15.0 15.003
* 432 8.66341519356 15.0 14.96 15.0 14.959
* 433 8.68353414536 15.0 14.97 15.0 14.971
* 434 8.70365214348 15.0 14.985 15.0 14.986
* 435 8.72378706932 15.0 14.992 15.0 14.993
* 436 8.74392604828 15.0 15.002 15.0 15.006
* 437 8.76404714584 15.0 15.013 15.0 15.011
* 438 8.78417611122 15.0 15.018 15.0 15.009
* 439 8.8043551445 15.0 15.025 15.0 15.011
* 440 8.82446312904 15.0 14.969 15.0 14.969
* 441 8.84458398819 15.0 14.966 15.0 14.976
* 442 8.86471414566 15.0 14.986 15.0 14.99
* 443 8.88486504555 15.0 14.998 15.0 14.997
* 444 8.90499019623 15.0 15.008 15.0 15.008
* 445 8.92511296272 15.0 15.01 15.0 15.011
* 446 8.94530510902 15.0 15.004 15.0 15.002
* 447 8.96542310715 15.0 15.009 15.0 15.005
* 448 8.98554611206 15.0 15.016 15.0 15.011
* 449 9.00569701195 15.0 14.972 15.0 14.973
* 450 9.02581715584 15.0 14.984 15.0 14.99
* 451 9.04593706131 15.0 14.982 15.0 14.997
* 452 9.06605315208 15.0 14.986 15.0 15.007
* 453 9.08624505997 15.0 14.982 15.0 15.008
* 454 9.10641098022 15.0 14.983 15.0 14.999
* 455 9.12656211853 15.0 14.991 15.0 15.003
* 456 9.14669513702 15.0 15.001 15.0 15.01
* 457 9.16678214073 15.0 14.963 15.0 14.977
* 458 9.18690419197 15.0 15.024 15.0 15.028
* 459 9.20702815056 15.0 15.035 15.0 15.02
* 460 9.22713303566 15.0 15.027 15.0 15.008
* 461 9.2472410202 15.0 15.015 15.0 14.997
* 462 9.26737213135 15.0 15.017 15.0 15.002
* 463 9.28750896454 15.0 14.978 15.0 14.962
* 464 9.30759596825 15.0 14.989 15.0 14.974
* 465 9.32768917084 15.0 15.0 15.0 14.986
* 466 9.34781599045 15.0 15.007 15.0 14.996
* 467 9.36792016029 15.0 15.012 15.0 15.009
* 468 9.38803315163 15.0 15.0 15.0 15.014
* 469 9.40815496445 15.0 14.995 15.0 15.005
* 470 9.42831802368 15.0 15.007 15.0 15.007
* 471 9.4484269619 15.0 14.976 15.0 14.963
* 472 9.46853899956 15.0 14.991 15.0 14.975
* 473 9.48869109154 15.0 14.993 15.0 14.991
* 474 9.50879716873 15.0 14.991 15.0 14.996
* 475 9.52892804146 15.0 15.006 15.0 15.007
* 476 9.54904818535 15.0 15.016 15.0 15.01
* 477 9.56919717789 15.0 15.009 15.0 15.003
* 478 9.58932900429 15.0 15.014 15.0 15.007
* 479 9.60944199562 15.0 14.977 15.0 14.966
* 480 9.62960100174 15.0 14.981 15.0 14.979
* 481 9.64972114563 15.0 14.998 15.0 14.991
* 482 9.66983604431 15.0 15.004 15.0 14.998
* 483 9.68997001648 15.0 15.004 15.0 15.009
* 484 9.71009016037 15.0 14.956 15.0 15.014
* 485 9.73023796082 15.0 14.922 15.0 15.01
* 486 9.75034213066 15.0 14.932 15.0 15.016
* 487 9.77047419548 15.0 14.91 15.0 14.974
* 488 9.79058218002 15.0 14.939 15.0 14.983
* 489 9.81069207191 15.0 14.963 15.0 14.993
* 490 9.83079910278 15.0 14.988 15.0 15.002
* 491 9.85091114044 15.0 15.021 15.0 15.015
* 492 9.87102413177 15.0 15.05 15.0 15.018
* 493 9.89116096497 15.0 15.072 15.0 15.006
* 494 9.91127419472 15.0 15.083 15.0 15.008
* 495 9.93140697479 15.0 15.034 15.0 14.967
* 496 9.95152807236 15.0 15.032 15.0 14.976
* 497 9.9716501236 15.0 15.032 15.0 14.986
* 498 9.99179410934 15.0 15.034 15.0 14.996
* 499 10.0119421482 15.0 15.04 15.0 15.008
* 500 10.032047987 15.0 15.043 15.0 15.016
