### Ensaio dos Controladores de Velocidade dos Motores ###

# Parâmetros #

# Número do Ensaio: 2
# Frequência de Amostragem: 50.0 Hz
# Número de Amostras: 500
# Velocidade de Referência Direita: 15.000 
# Velocidade de Referência Esquerda: 15.000 

* 1 0.0 15.0 0.0 15.0 0.0
* 2 0.0200819969177 15.0 0.0 15.0 0.0
* 3 0.0401589870453 15.0 0.0 15.0 0.0
* 4 0.060250043869 15.0 0.0 15.0 0.0
* 5 0.0803220272064 15.0 0.0 15.0 0.0
* 6 0.100394964218 15.0 0.0 15.0 0.0
* 7 0.120461940765 15.0 0.0 15.0 0.0
* 8 0.140534162521 15.0 0.0 15.0 0.008
* 9 0.160606145859 15.0 0.0 15.0 0.097
* 10 0.180675029755 15.0 0.004 15.0 0.191
* 11 0.200752019882 15.0 0.086 15.0 0.307
* 12 0.220831155777 15.0 0.17 15.0 0.414
* 13 0.240913152695 15.0 0.287 15.0 0.544
* 14 0.260987043381 15.0 0.397 15.0 0.664
* 15 0.281061172485 15.0 0.509 15.0 0.793
* 16 0.301128149033 15.0 0.622 15.0 0.909
* 17 0.321202039719 15.0 0.757 15.0 1.047
* 18 0.341344118118 15.0 0.881 15.0 1.186
* 19 0.361420154572 15.0 1.003 15.0 1.309
* 20 0.381495952606 15.0 1.14 15.0 1.453
* 21 0.401563167572 15.0 1.26 15.0 1.585
* 22 0.421638011932 15.0 1.388 15.0 1.709
* 23 0.441713094711 15.0 1.53 15.0 1.856
* 24 0.461781978607 15.0 1.654 15.0 1.989
* 25 0.481860160828 15.0 1.795 15.0 2.13
* 26 0.501932144165 15.0 1.928 15.0 2.258
* 27 0.522003173828 15.0 2.063 15.0 2.409
* 28 0.54207611084 15.0 2.194 15.0 2.54
* 29 0.5621509552 15.0 2.345 15.0 2.676
* 30 0.582226991653 15.0 2.49 15.0 2.823
* 31 0.602303028107 15.0 2.615 15.0 2.961
* 32 0.62237405777 15.0 2.77 15.0 3.1
* 33 0.642459154129 15.0 2.892 15.0 3.209
* 34 0.662537097931 15.0 3.033 15.0 3.357
* 35 0.682608127594 15.0 3.172 15.0 3.501
* 36 0.702686071396 15.0 3.311 15.0 3.626
* 37 0.722771167755 15.0 3.455 15.0 3.764
* 38 0.742844104767 15.0 3.578 15.0 3.897
* 39 0.76292014122 15.0 3.717 15.0 4.038
* 40 0.78298997879 15.0 3.851 15.0 4.163
* 41 0.803068161011 15.0 3.982 15.0 4.291
* 42 0.823145151138 15.0 4.102 15.0 4.432
* 43 0.843212127686 15.0 4.218 15.0 4.56
* 44 0.863291978836 15.0 4.33 15.0 4.673
* 45 0.883367061615 15.0 4.458 15.0 4.799
* 46 0.903439044952 15.0 4.574 15.0 4.919
* 47 0.92351603508 15.0 4.705 15.0 5.059
* 48 0.943577051163 15.0 4.833 15.0 5.179
* 49 0.963653087616 15.0 4.967 15.0 5.305
* 50 0.983731985092 15.0 5.063 15.0 5.392
* 51 1.00380110741 15.0 5.202 15.0 5.544
* 52 1.02388000488 15.0 5.32 15.0 5.666
* 53 1.04395294189 15.0 5.45 15.0 5.788
* 54 1.06401801109 15.0 5.568 15.0 5.898
* 55 1.08409309387 15.0 5.681 15.0 6.007
* 56 1.10416913033 15.0 5.788 15.0 6.129
* 57 1.12424516678 15.0 5.903 15.0 6.244
* 58 1.14432215691 15.0 6.005 15.0 6.338
* 59 1.16439414024 15.0 6.125 15.0 6.448
* 60 1.1844701767 15.0 6.226 15.0 6.545
* 61 1.2045481205 15.0 6.338 15.0 6.659
* 62 1.2246119976 15.0 6.454 15.0 6.77
* 63 1.24468994141 15.0 6.572 15.0 6.887
* 64 1.26476812363 15.0 6.652 15.0 6.961
* 65 1.28484606743 15.0 6.79 15.0 7.089
* 66 1.30491805077 15.0 6.884 15.0 7.18
* 67 1.32519316673 15.0 6.986 15.0 7.29
* 68 1.34527015686 15.0 7.107 15.0 7.402
* 69 1.36534905434 15.0 7.216 15.0 7.501
* 70 1.38541913033 15.0 7.299 15.0 7.575
* 71 1.40549707413 15.0 7.411 15.0 7.67
* 72 1.42557311058 15.0 7.508 15.0 7.753
* 73 1.44564509392 15.0 7.61 15.0 7.85
* 74 1.46571803093 15.0 7.723 15.0 7.95
* 75 1.48590016365 15.0 7.837 15.0 8.051
* 76 1.50597715378 15.0 7.938 15.0 8.142
* 77 1.52605509758 15.0 8.045 15.0 8.229
* 78 1.54612612724 15.0 8.141 15.0 8.309
* 79 1.56620311737 15.0 8.231 15.0 8.39
* 80 1.58627700806 15.0 8.324 15.0 8.479
* 81 1.60634803772 15.0 8.422 15.0 8.569
* 82 1.62642407417 15.0 8.527 15.0 8.664
* 83 1.6465010643 15.0 8.587 15.0 8.716
* 84 1.6665790081 15.0 8.711 15.0 8.832
* 85 1.68665504456 15.0 8.768 15.0 8.878
* 86 1.70672512054 15.0 8.848 15.0 8.949
* 87 1.7268140316 15.0 8.926 15.0 9.025
* 88 1.74688911438 15.0 9.013 15.0 9.111
* 89 1.7669839859 15.0 9.105 15.0 9.201
* 90 1.78707814217 15.0 9.191 15.0 9.279
* 91 1.80715107918 15.0 9.273 15.0 9.357
* 92 1.82723116875 15.0 9.342 15.0 9.431
* 93 1.84731197357 15.0 9.408 15.0 9.498
* 94 1.86738109589 15.0 9.477 15.0 9.564
* 95 1.88745999336 15.0 9.511 15.0 9.591
* 96 1.90754103661 15.0 9.624 15.0 9.705
* 97 1.92761206627 15.0 9.668 15.0 9.749
* 98 1.9476890564 15.0 9.785 15.0 9.862
* 99 1.96775698662 15.0 9.822 15.0 9.899
* 100 1.98783016205 15.0 9.922 15.0 10.002
* 101 2.00791096687 15.0 9.985 15.0 10.065
* 102 2.02798509598 15.0 10.053 15.0 10.125
* 103 2.04806303978 15.0 10.117 15.0 10.18
* 104 2.06814312935 15.0 10.17 15.0 10.232
* 105 2.08821511269 15.0 10.229 15.0 10.292
* 106 2.10829114914 15.0 10.304 15.0 10.36
* 107 2.12836694717 15.0 10.377 15.0 10.432
* 108 2.1484401226 15.0 10.414 15.0 10.466
* 109 2.16851806641 15.0 10.477 15.0 10.528
* 110 2.18859100342 15.0 10.542 15.0 10.589
* 111 2.20866513252 15.0 10.597 15.0 10.645
* 112 2.22874116898 15.0 10.65 15.0 10.701
* 113 2.24881005287 15.0 10.668 15.0 10.713
* 114 2.26889109612 15.0 10.745 15.0 10.798
* 115 2.28896903992 15.0 10.791 15.0 10.844
* 116 2.30903911591 15.0 10.857 15.0 10.906
* 117 2.32911801338 15.0 10.93 15.0 10.972
* 118 2.34918403625 15.0 11.002 15.0 11.035
* 119 2.36925816536 15.0 11.029 15.0 11.06
* 120 2.38934016228 15.0 11.089 15.0 11.115
* 121 2.40941596031 15.0 11.136 15.0 11.168
* 122 2.42948913574 15.0 11.183 15.0 11.217
* 123 2.44956707954 15.0 11.228 15.0 11.266
* 124 2.46963405609 15.0 11.283 15.0 11.312
* 125 2.48970794678 15.0 11.297 15.0 11.317
* 126 2.50977706909 15.0 11.381 15.0 11.393
* 127 2.52985596657 15.0 11.425 15.0 11.432
* 128 2.54993009567 15.0 11.486 15.0 11.487
* 129 2.57000017166 15.0 11.544 15.0 11.547
* 130 2.59008002281 15.0 11.603 15.0 11.606
* 131 2.61015701294 15.0 11.664 15.0 11.662
* 132 2.63022613525 15.0 11.717 15.0 11.714
* 133 2.65031504631 15.0 11.764 15.0 11.767
* 134 2.67041516304 15.0 11.763 15.0 11.774
* 135 2.6904900074 15.0 11.798 15.0 11.818
* 136 2.7105679512 15.0 11.829 15.0 11.861
* 137 2.73064494133 15.0 11.866 15.0 11.901
* 138 2.75072312355 15.0 11.906 15.0 11.939
* 139 2.77080202103 15.0 11.9 15.0 11.937
* 140 2.79088306427 15.0 11.97 15.0 12.01
* 141 2.81095814705 15.0 11.994 15.0 12.042
* 142 2.83103895187 15.0 12.031 15.0 12.067
* 143 2.85110807419 15.0 12.083 15.0 12.113
* 144 2.87118315697 15.0 12.148 15.0 12.166
* 145 2.89125108719 15.0 12.166 15.0 12.176
* 146 2.91132998466 15.0 12.225 15.0 12.226
* 147 2.93140506744 15.0 12.279 15.0 12.273
* 148 2.95147299767 15.0 12.332 15.0 12.318
* 149 2.97154903412 15.0 12.381 15.0 12.361
* 150 2.99166107178 15.0 12.433 15.0 12.399
* 151 3.01173496246 15.0 12.438 15.0 12.397
* 152 3.03181314468 15.0 12.526 15.0 12.472
* 153 3.05189394951 15.0 12.553 15.0 12.504
* 154 3.07196903229 15.0 12.541 15.0 12.532
* 155 3.09204697609 15.0 12.522 15.0 12.56
* 156 3.11211705208 15.0 12.497 15.0 12.586
* 157 3.13219594955 15.0 12.482 15.0 12.61
* 158 3.15227198601 15.0 12.48 15.0 12.631
* 159 3.17234611511 15.0 12.509 15.0 12.652
* 160 3.19242310524 15.0 12.496 15.0 12.633
* 161 3.21247696877 15.0 12.527 15.0 12.673
* 162 3.23254394531 15.0 12.56 15.0 12.718
* 163 3.25262308121 15.0 12.611 15.0 12.761
* 164 3.27269411087 15.0 12.675 15.0 12.802
* 165 3.29276895523 15.0 12.742 15.0 12.844
* 166 3.31285095215 15.0 12.804 15.0 12.883
* 167 3.33292102814 15.0 12.862 15.0 12.92
* 168 3.35299706459 15.0 12.914 15.0 12.952
* 169 3.37306904793 15.0 12.967 15.0 12.985
* 170 3.39313817024 15.0 13.018 15.0 13.014
* 171 3.41322016716 15.0 13.067 15.0 13.042
* 172 3.43329405785 15.0 13.109 15.0 13.069
* 173 3.4533700943 15.0 13.148 15.0 13.093
* 174 3.4734480381 15.0 13.138 15.0 13.074
* 175 3.49351215363 15.0 13.208 15.0 13.14
* 176 3.51358795166 15.0 13.192 15.0 13.119
* 177 3.53366804123 15.0 13.225 15.0 13.139
* 178 3.55374002457 15.0 13.245 15.0 13.157
* 179 3.5738120079 15.0 13.267 15.0 13.178
* 180 3.59387898445 15.0 13.279 15.0 13.194
* 181 3.61395406723 15.0 13.304 15.0 13.213
* 182 3.63403916359 15.0 13.323 15.0 13.226
* 183 3.65411400795 15.0 13.341 15.0 13.236
* 184 3.6741900444 15.0 13.368 15.0 13.26
* 185 3.69427013397 15.0 13.367 15.0 13.254
* 186 3.71434211731 15.0 13.409 15.0 13.292
* 187 3.73442101479 15.0 13.453 15.0 13.331
* 188 3.7544939518 15.0 13.498 15.0 13.366
* 189 3.77457308769 15.0 13.541 15.0 13.401
* 190 3.7946460247 15.0 13.574 15.0 13.434
* 191 3.81471610069 15.0 13.56 15.0 13.422
* 192 3.83479094505 15.0 13.627 15.0 13.495
* 193 3.85486912727 15.0 13.654 15.0 13.523
* 194 3.87495613098 15.0 13.683 15.0 13.547
* 195 3.89503097534 15.0 13.711 15.0 13.568
* 196 3.91510915756 15.0 13.73 15.0 13.593
* 197 3.9351940155 15.0 13.694 15.0 13.572
* 198 3.95528197289 15.0 13.699 15.0 13.592
* 199 3.97535204887 15.0 13.716 15.0 13.615
* 200 3.99542808533 15.0 13.739 15.0 13.634
* 201 4.01550412178 15.0 13.766 15.0 13.653
* 202 4.03557896614 15.0 13.785 15.0 13.67
* 203 4.05565500259 15.0 13.759 15.0 13.646
* 204 4.07573699951 15.0 13.812 15.0 13.704
* 205 4.09577894211 15.0 13.825 15.0 13.721
* 206 4.11585402489 15.0 13.836 15.0 13.731
* 207 4.13593697548 15.0 13.85 15.0 13.746
* 208 4.15600705147 15.0 13.859 15.0 13.755
* 209 4.17607808113 15.0 13.861 15.0 13.763
* 210 4.19614815712 15.0 13.869 15.0 13.776
* 211 4.21621894836 15.0 13.87 15.0 13.783
* 212 4.23629117012 15.0 13.834 15.0 13.75
* 213 4.25635910034 15.0 13.842 15.0 13.762
* 214 4.2764339447 15.0 13.843 15.0 13.771
* 215 4.2965130806 15.0 13.845 15.0 13.784
* 216 4.31658506393 15.0 13.842 15.0 13.801
* 217 4.33666110039 15.0 13.804 15.0 13.789
* 218 4.35673213005 15.0 13.872 15.0 13.87
* 219 4.3768081665 15.0 13.896 15.0 13.903
* 220 4.39688515663 15.0 13.926 15.0 13.936
* 221 4.41695308685 15.0 13.956 15.0 13.968
* 222 4.43702816963 15.0 13.977 15.0 13.995
* 223 4.45710110664 15.0 14.002 15.0 14.02
* 224 4.47717499733 15.0 14.035 15.0 14.044
* 225 4.4972550869 15.0 14.017 15.0 14.022
* 226 4.51733398438 15.0 14.047 15.0 14.045
* 227 4.53741312027 15.0 14.078 15.0 14.067
* 228 4.55748510361 15.0 14.111 15.0 14.088
* 229 4.57757902145 15.0 14.147 15.0 14.108
* 230 4.59765410423 15.0 14.178 15.0 14.126
* 231 4.61772799492 15.0 14.16 15.0 14.101
* 232 4.63779997826 15.0 14.214 15.0 14.16
* 233 4.65787315369 15.0 14.222 15.0 14.179
* 234 4.67795205116 15.0 14.224 15.0 14.192
* 235 4.6980240345 15.0 14.241 15.0 14.207
* 236 4.7181019783 15.0 14.244 15.0 14.22
* 237 4.73817896843 15.0 14.247 15.0 14.229
* 238 4.75824904442 15.0 14.256 15.0 14.242
* 239 4.77832508087 15.0 14.264 15.0 14.253
* 240 4.79839396477 15.0 14.232 15.0 14.218
* 241 4.81847405434 15.0 14.249 15.0 14.233
* 242 4.83855104446 15.0 14.264 15.0 14.245
* 243 4.85861802101 15.0 14.283 15.0 14.257
* 244 4.87869501114 15.0 14.299 15.0 14.266
* 245 4.89876699448 15.0 14.269 15.0 14.235
* 246 4.91883802414 15.0 14.325 15.0 14.287
* 247 4.93891310692 15.0 14.341 15.0 14.299
* 248 4.9589869976 15.0 14.356 15.0 14.304
* 249 4.97906112671 15.0 14.36 15.0 14.312
* 250 4.99914002419 15.0 14.357 15.0 14.321
* 251 5.01921010017 15.0 14.307 15.0 14.282
* 252 5.03928899765 15.0 14.31 15.0 14.287
* 253 5.05937004089 15.0 14.314 15.0 14.298
* 254 5.07943701744 15.0 14.313 15.0 14.304
* 255 5.09951114655 15.0 14.318 15.0 14.311
* 256 5.11960697174 15.0 14.324 15.0 14.319
* 257 5.1396920681 15.0 14.291 15.0 14.285
* 258 5.15977406502 15.0 14.343 15.0 14.336
* 259 5.17987108231 15.0 14.356 15.0 14.345
* 260 5.19998598099 15.0 14.361 15.0 14.35
* 261 5.2200961113 15.0 14.367 15.0 14.355
* 262 5.24020409584 15.0 14.374 15.0 14.364
* 263 5.26034498215 15.0 14.332 15.0 14.324
* 264 5.28045797348 15.0 14.345 15.0 14.327
* 265 5.30056500435 15.0 14.366 15.0 14.336
* 266 5.32066607475 15.0 14.378 15.0 14.342
* 267 5.34077000618 15.0 14.385 15.0 14.351
* 268 5.36091399193 15.0 14.372 15.0 14.354
* 269 5.3810210228 15.0 14.374 15.0 14.358
* 270 5.40115809441 15.0 14.381 15.0 14.367
* 271 5.42126297951 15.0 14.338 15.0 14.325
* 272 5.44140195847 15.0 14.337 15.0 14.328
* 273 5.46150994301 15.0 14.34 15.0 14.337
* 274 5.48162412643 15.0 14.34 15.0 14.345
* 275 5.50172400475 15.0 14.351 15.0 14.373
* 276 5.52187204361 15.0 14.359 15.0 14.403
* 277 5.54198813438 15.0 14.373 15.0 14.427
* 278 5.56208896637 15.0 14.379 15.0 14.447
* 279 5.58221507072 15.0 14.387 15.0 14.459
* 280 5.60232615471 15.0 14.418 15.0 14.482
* 281 5.62242603302 15.0 14.458 15.0 14.508
* 282 5.6425549984 15.0 14.454 15.0 14.49
* 283 5.66264796257 15.0 14.537 15.0 14.559
* 284 5.68279504776 15.0 14.548 15.0 14.577
* 285 5.70290207863 15.0 14.552 15.0 14.589
* 286 5.7230219841 15.0 14.557 15.0 14.599
* 287 5.7432050705 15.0 14.581 15.0 14.618
* 288 5.7632920742 15.0 14.553 15.0 14.591
* 289 5.78341197968 15.0 14.573 15.0 14.61
* 290 5.80353116989 15.0 14.585 15.0 14.631
* 291 5.82363295555 15.0 14.594 15.0 14.651
* 292 5.84375715256 15.0 14.611 15.0 14.673
* 293 5.86386203766 15.0 14.626 15.0 14.688
* 294 5.88396596909 15.0 14.646 15.0 14.708
* 295 5.90409016609 15.0 14.659 15.0 14.72
* 296 5.92419600487 15.0 14.671 15.0 14.733
* 297 5.94431805611 15.0 14.688 15.0 14.749
* 298 5.96443104744 15.0 14.713 15.0 14.762
* 299 5.98454499245 15.0 14.689 15.0 14.728
* 300 6.0046441555 15.0 14.711 15.0 14.742
* 301 6.02476215363 15.0 14.719 15.0 14.754
* 302 6.04488801956 15.0 14.733 15.0 14.768
* 303 6.06501317024 15.0 14.744 15.0 14.778
* 304 6.08511614799 15.0 14.759 15.0 14.786
* 305 6.10522508621 15.0 14.776 15.0 14.798
* 306 6.1253221035 15.0 14.779 15.0 14.807
* 307 6.14543604851 15.0 14.739 15.0 14.768
* 308 6.16553497314 15.0 14.741 15.0 14.781
* 309 6.18567013741 15.0 14.747 15.0 14.791
* 310 6.20577406883 15.0 14.751 15.0 14.803
* 311 6.22590017319 15.0 14.754 15.0 14.809
* 312 6.24601006508 15.0 14.752 15.0 14.818
* 313 6.2661190033 15.0 14.758 15.0 14.828
* 314 6.28621912003 15.0 14.717 15.0 14.788
* 315 6.30635714531 15.0 14.73 15.0 14.796
* 316 6.3266210556 15.0 14.747 15.0 14.808
* 317 6.34674715996 15.0 14.758 15.0 14.817
* 318 6.36693000793 15.0 14.763 15.0 14.83
* 319 6.38708496094 15.0 14.758 15.0 14.836
* 320 6.40718603134 15.0 14.77 15.0 14.842
* 321 6.42732810974 15.0 14.781 15.0 14.852
* 322 6.44743299484 15.0 14.791 15.0 14.859
* 323 6.46758294106 15.0 14.758 15.0 14.821
* 324 6.48767805099 15.0 14.814 15.0 14.871
* 325 6.50776600838 15.0 14.826 15.0 14.881
* 326 6.52791309357 15.0 14.833 15.0 14.884
* 327 6.54803013802 15.0 14.841 15.0 14.888
* 328 6.56813502312 15.0 14.851 15.0 14.896
* 329 6.58825707436 15.0 14.81 15.0 14.854
* 330 6.60838103294 15.0 14.814 15.0 14.858
* 331 6.62855100632 15.0 14.821 15.0 14.866
* 332 6.6486530304 15.0 14.825 15.0 14.871
* 333 6.66876196861 15.0 14.836 15.0 14.881
* 334 6.68890404701 15.0 14.831 15.0 14.882
* 335 6.70901203156 15.0 14.825 15.0 14.886
* 336 6.72911214828 15.0 14.829 15.0 14.895
* 337 6.74920916557 15.0 14.793 15.0 14.85
* 338 6.76933002472 15.0 14.8 15.0 14.855
* 339 6.78945207596 15.0 14.811 15.0 14.862
* 340 6.80956315994 15.0 14.82 15.0 14.866
* 341 6.82968616486 15.0 14.831 15.0 14.874
* 342 6.84980106354 15.0 14.837 15.0 14.876
* 343 6.86990594864 15.0 14.847 15.0 14.883
* 344 6.89003300667 15.0 14.85 15.0 14.884
* 345 6.91016197205 15.0 14.849 15.0 14.885
* 346 6.93028402328 15.0 14.847 15.0 14.893
* 347 6.95045399666 15.0 14.841 15.0 14.896
* 348 6.97057199478 15.0 14.797 15.0 14.853
* 349 6.99069595337 15.0 14.807 15.0 14.86
* 350 7.01081299782 15.0 14.812 15.0 14.863
* 351 7.03091311455 15.0 14.813 15.0 14.872
* 352 7.05098414421 15.0 14.807 15.0 14.874
* 353 7.07108616829 15.0 14.812 15.0 14.877
* 354 7.09119796753 15.0 14.83 15.0 14.884
* 355 7.11131215096 15.0 14.839 15.0 14.889
* 356 7.13142609596 15.0 14.804 15.0 14.843
* 357 7.15156507492 15.0 14.817 15.0 14.85
* 358 7.17171311378 15.0 14.823 15.0 14.852
* 359 7.19182014465 15.0 14.836 15.0 14.858
* 360 7.21192216873 15.0 14.847 15.0 14.86
* 361 7.23203015327 15.0 14.833 15.0 14.861
* 362 7.25213503838 15.0 14.791 15.0 14.869
* 363 7.27224898338 15.0 14.692 15.0 14.828
* 364 7.29238295555 15.0 14.652 15.0 14.832
* 365 7.31248998642 15.0 14.631 15.0 14.84
* 366 7.33260798454 15.0 14.619 15.0 14.846
* 367 7.35272598267 15.0 14.621 15.0 14.855
* 368 7.37283205986 15.0 14.621 15.0 14.859
* 369 7.3929681778 15.0 14.624 15.0 14.864
* 370 7.4130730629 15.0 14.599 15.0 14.828
* 371 7.43317508698 15.0 14.63 15.0 14.834
* 372 7.45327711105 15.0 14.659 15.0 14.84
* 373 7.47343111038 15.0 14.69 15.0 14.85
* 374 7.49355506897 15.0 14.71 15.0 14.856
* 375 7.51366114616 15.0 14.686 15.0 14.818
* 376 7.5337600708 15.0 14.751 15.0 14.868
* 377 7.55380916595 15.0 14.765 15.0 14.875
* 378 7.57395815849 15.0 14.777 15.0 14.879
* 379 7.59407305717 15.0 14.788 15.0 14.882
* 380 7.6142001152 15.0 14.803 15.0 14.891
* 381 7.6342959404 15.0 14.768 15.0 14.849
* 382 7.65442299843 15.0 14.784 15.0 14.854
* 383 7.67452812195 15.0 14.802 15.0 14.863
* 384 7.69462609291 15.0 14.814 15.0 14.868
* 385 7.71472501755 15.0 14.826 15.0 14.877
* 386 7.73481798172 15.0 14.831 15.0 14.881
* 387 7.7549469471 15.0 14.848 15.0 14.892
* 388 7.77505898476 15.0 14.854 15.0 14.894
* 389 7.79515695572 15.0 14.859 15.0 14.898
* 390 7.81526899338 15.0 14.865 15.0 14.906
* 391 7.83538603783 15.0 14.872 15.0 14.909
* 392 7.85548996925 15.0 14.835 15.0 14.87
* 393 7.87559008598 15.0 14.888 15.0 14.919
* 394 7.89574813843 15.0 14.85 15.0 14.879
* 395 7.9158539772 15.0 14.895 15.0 14.927
* 396 7.93596696854 15.0 14.894 15.0 14.928
* 397 7.95605611801 15.0 14.896 15.0 14.935
* 398 7.97616410255 15.0 14.849 15.0 14.89
* 399 7.99626016617 15.0 14.845 15.0 14.892
* 400 8.0163640976 15.0 14.846 15.0 14.899
* 401 8.03647994995 15.0 14.825 15.0 14.902
* 402 8.05659914017 15.0 14.808 15.0 14.91
* 403 8.07672309875 15.0 14.785 15.0 14.914
* 404 8.09685707092 15.0 14.787 15.0 14.922
* 405 8.11697912216 15.0 14.787 15.0 14.924
* 406 8.13708114624 15.0 14.795 15.0 14.924
* 407 8.15720200539 15.0 14.807 15.0 14.93
* 408 8.17730998993 15.0 14.817 15.0 14.93
* 409 8.19742417336 15.0 14.785 15.0 14.889
* 410 8.21757316589 15.0 14.847 15.0 14.938
* 411 8.2376730442 15.0 14.818 15.0 14.897
* 412 8.25781798363 15.0 14.881 15.0 14.944
* 413 8.27793097496 15.0 14.903 15.0 14.945
* 414 8.29803514481 15.0 14.919 15.0 14.946
* 415 8.31813716888 15.0 14.926 15.0 14.945
* 416 8.33826804161 15.0 14.94 15.0 14.95
* 417 8.35838794708 15.0 14.944 15.0 14.951
* 418 8.37848210335 15.0 14.888 15.0 14.905
* 419 8.39860296249 15.0 14.882 15.0 14.908
* 420 8.41870594025 15.0 14.882 15.0 14.91
* 421 8.43883800507 15.0 14.891 15.0 14.917
* 422 8.45894002914 15.0 14.899 15.0 14.916
* 423 8.47905302048 15.0 14.912 15.0 14.917
* 424 8.4991850853 15.0 14.929 15.0 14.924
* 425 8.51935100555 15.0 14.896 15.0 14.88
* 426 8.53946399689 15.0 14.905 15.0 14.882
* 427 8.55957913399 15.0 14.921 15.0 14.89
* 428 8.57966899872 15.0 14.932 15.0 14.891
* 429 8.59980010986 15.0 14.949 15.0 14.899
* 430 8.61990809441 15.0 14.956 15.0 14.899
* 431 8.64002799988 15.0 14.963 15.0 14.902
* 432 8.66013598442 15.0 14.977 15.0 14.91
* 433 8.68024206161 15.0 14.941 15.0 14.867
* 434 8.70035505295 15.0 14.936 15.0 14.87
* 435 8.7204580307 15.0 14.93 15.0 14.879
* 436 8.74056911469 15.0 14.924 15.0 14.881
* 437 8.76068997383 15.0 14.932 15.0 14.89
* 438 8.78077912331 15.0 14.938 15.0 14.893
* 439 8.80092716217 15.0 14.946 15.0 14.901
* 440 8.82105708122 15.0 14.953 15.0 14.904
* 441 8.84114408493 15.0 14.959 15.0 14.906
* 442 8.86127710342 15.0 14.971 15.0 14.915
* 443 8.88139510155 15.0 14.985 15.0 14.918
* 444 8.9015250206 15.0 14.953 15.0 14.874
* 445 8.92161917686 15.0 14.971 15.0 14.88
* 446 8.94173502922 15.0 14.986 15.0 14.881
* 447 8.96185898781 15.0 15.003 15.0 14.89
* 448 8.98199510574 15.0 15.018 15.0 14.89
* 449 9.00214195251 15.0 15.031 15.0 14.893
* 450 9.0222530365 15.0 15.048 15.0 14.9
* 451 9.04235315323 15.0 15.052 15.0 14.902
* 452 9.06247115135 15.0 15.012 15.0 14.861
* 453 9.08257913589 15.0 15.054 15.0 14.911
* 454 9.10269808769 15.0 15.013 15.0 14.87
* 455 9.12281107903 15.0 15.052 15.0 14.916
* 456 9.14295816422 15.0 15.044 15.0 14.919
* 457 9.16306805611 15.0 14.99 15.0 14.877
* 458 9.18318915367 15.0 14.977 15.0 14.879
* 459 9.20331811905 15.0 14.963 15.0 14.88
* 460 9.22342801094 15.0 14.953 15.0 14.888
* 461 9.24361610413 15.0 14.939 15.0 14.892
* 462 9.26372814178 15.0 14.891 15.0 14.852
* 463 9.28383994102 15.0 14.938 15.0 14.899
* 464 9.30395412445 15.0 14.939 15.0 14.9
* 465 9.32407617569 15.0 14.953 15.0 14.906
* 466 9.34420204163 15.0 14.916 15.0 14.863
* 467 9.36432099342 15.0 14.919 15.0 14.865
* 468 9.38442111015 15.0 14.916 15.0 14.871
* 469 9.40450716019 15.0 14.905 15.0 14.872
* 470 9.42462015152 15.0 14.912 15.0 14.88
* 471 9.44472908974 15.0 14.912 15.0 14.882
* 472 9.46483016014 15.0 14.915 15.0 14.887
* 473 9.48495697975 15.0 14.905 15.0 14.887
* 474 9.50507616997 15.0 14.891 15.0 14.886
* 475 9.5252301693 15.0 14.888 15.0 14.892
* 476 9.54533004761 15.0 14.887 15.0 14.892
* 477 9.56545495987 15.0 14.847 15.0 14.848
* 478 9.5855820179 15.0 14.859 15.0 14.855
* 479 9.60573601723 15.0 14.87 15.0 14.858
* 480 9.62585902214 15.0 14.882 15.0 14.864
* 481 9.64597511292 15.0 14.895 15.0 14.864
* 482 9.66609501839 15.0 14.905 15.0 14.866
* 483 9.68620109558 15.0 14.921 15.0 14.872
* 484 9.70631694794 15.0 14.926 15.0 14.875
* 485 9.72644400597 15.0 14.877 15.0 14.83
* 486 9.74656414986 15.0 14.878 15.0 14.836
* 487 9.76669406891 15.0 14.887 15.0 14.838
* 488 9.78681111336 15.0 14.896 15.0 14.845
* 489 9.80691313744 15.0 14.899 15.0 14.846
* 490 9.82700800896 15.0 14.9 15.0 14.846
* 491 9.84711813927 15.0 14.904 15.0 14.853
* 492 9.86722016335 15.0 14.854 15.0 14.809
* 493 9.8873269558 15.0 14.856 15.0 14.812
* 494 9.90742897987 15.0 14.868 15.0 14.817
* 495 9.92756009102 15.0 14.881 15.0 14.821
* 496 9.94766998291 15.0 14.888 15.0 14.831
* 497 9.96776914597 15.0 14.885 15.0 14.834
* 498 9.98790502548 15.0 14.892 15.0 14.842
* 499 10.0080111027 15.0 14.898 15.0 14.843
* 500 10.0281250477 15.0 14.908 15.0 14.844
