*** Ensaio para Levantamento das Plantas dos Motores ***

* Parâmetros *

- Número do Ensaio: 1
- Frequência de Amostragem: 50.0 Hz
- Número de Amostras: 500
- Velocidade de Referência Direita: 0.5 
- Velocidade de Referência Esquerda: 0.5 

# 1 0.0 15.15303 1.471 14.93875 1.322
# 2 0.0201230049133 15.15303 2.305 14.93875 2.135
# 3 0.0402271747589 15.15303 3.073 14.93875 2.884
# 4 0.0603630542755 15.15303 3.857 14.93875 3.664
# 5 0.0804760456085 15.15303 4.566 14.93875 4.399
# 6 0.100604057312 15.15303 5.164 14.93875 5.026
# 7 0.120719194412 15.15303 5.744 14.93875 5.626
# 8 0.140865087509 15.15303 6.34 14.93875 6.234
# 9 0.160978078842 15.15303 6.845 14.93875 6.752
# 10 0.181107997894 15.15303 7.363 14.93875 7.288
# 11 0.201224088669 15.15303 7.803 14.93875 7.749
# 12 0.221336126328 15.15303 8.251 14.93875 8.221
# 13 0.241458177567 15.15303 8.674 14.93875 8.664
# 14 0.261612176895 15.15303 9.04 14.93875 9.045
# 15 0.28169798851 15.15303 9.366 14.93875 9.388
# 16 0.301797151566 15.15303 9.704 14.93875 9.755
# 17 0.321901082993 15.15303 9.988 14.93875 10.069
# 18 0.342013120651 15.15303 10.278 14.93875 10.393
# 19 0.362148046494 15.15303 10.531 14.93875 10.672
# 20 0.382238149643 15.15303 10.785 14.93875 10.959
# 21 0.40234208107 15.15303 11.014 14.93875 11.226
# 22 0.422448158264 15.15303 11.215 14.93875 11.459
# 23 0.442547082901 15.15303 11.416 14.93875 11.696
# 24 0.462646007538 15.15303 11.563 14.93875 11.871
# 25 0.482768058777 15.15303 11.731 14.93875 12.065
# 26 0.50287103653 15.15303 11.907 14.93875 12.261
# 27 0.522998094559 15.15303 12.053 14.93875 12.434
# 28 0.543089151382 15.15303 12.201 14.93875 12.608
# 29 0.563201189041 15.15303 12.333 14.93875 12.772
# 30 0.583307027817 15.15303 12.464 14.93875 12.915
# 31 0.603407144547 15.15303 12.554 14.93875 13.012
# 32 0.623522996902 15.15303 12.688 14.93875 13.149
# 33 0.643627166748 15.15303 12.795 14.93875 13.269
# 34 0.66374707222 15.15303 12.903 14.93875 13.39
# 35 0.683890104294 15.15303 13.001 14.93875 13.498
# 36 0.703991174698 15.15303 13.105 14.93875 13.604
# 37 0.724105119705 15.15303 13.207 14.93875 13.703
# 38 0.744204998016 15.15303 13.296 14.93875 13.793
# 39 0.764321088791 15.15303 13.336 14.93875 13.833
# 40 0.78447508812 15.15303 13.406 14.93875 13.917
# 41 0.804573059082 15.15303 13.472 14.93875 13.993
# 42 0.824680089951 15.15303 13.542 14.93875 14.069
# 43 0.844825029373 15.15303 13.603 14.93875 14.137
# 44 0.864920139313 15.15303 13.65 14.93875 14.203
# 45 0.885054111481 15.15303 13.701 14.93875 14.265
# 46 0.905158042908 15.15303 13.746 14.93875 14.322
# 47 0.925280094147 15.15303 13.746 14.93875 14.328
# 48 0.945394039154 15.15303 13.799 14.93875 14.378
# 49 0.965492963791 15.15303 13.842 14.93875 14.427
# 50 0.985614061356 15.15303 13.88 14.93875 14.473
# 51 1.00572514534 15.15303 13.917 14.93875 14.518
# 52 1.02583408356 15.15303 13.955 14.93875 14.559
# 53 1.04595208168 15.15303 13.986 14.93875 14.595
# 54 1.06604719162 15.15303 14.025 14.93875 14.633
# 55 1.08614301682 15.15303 14.014 14.93875 14.622
# 56 1.10630702972 15.15303 14.05 14.93875 14.653
# 57 1.1264090538 15.15303 14.078 14.93875 14.686
# 58 1.14650201797 15.15303 14.108 14.93875 14.717
# 59 1.16659808159 15.15303 14.139 14.93875 14.748
# 60 1.18671917915 15.15303 14.165 14.93875 14.772
# 61 1.20683503151 15.15303 14.185 14.93875 14.797
# 62 1.2269589901 15.15303 14.207 14.93875 14.824
# 63 1.24706912041 15.15303 14.183 14.93875 14.8
# 64 1.26718401909 15.15303 14.212 14.93875 14.822
# 65 1.28728413582 15.15303 14.252 14.93875 14.845
# 66 1.30739116669 15.15303 14.283 14.93875 14.866
# 67 1.32750201225 15.15303 14.314 14.93875 14.888
# 68 1.3476099968 15.15303 14.345 14.93875 14.906
# 69 1.36770915985 15.15303 14.377 14.93875 14.925
# 70 1.38779497147 15.15303 14.402 14.93875 14.944
# 71 1.40791606903 15.15303 14.377 14.93875 14.913
# 72 1.42804908752 15.15303 14.392 14.93875 14.93
# 73 1.44819307327 15.15303 14.412 14.93875 14.949
# 74 1.46830606461 15.15303 14.428 14.93875 14.963
# 75 1.48841309547 15.15303 14.446 14.93875 14.982
# 76 1.50852918625 15.15303 14.462 14.93875 14.994
# 77 1.5286359787 15.15303 14.48 14.93875 15.005
# 78 1.54872512817 15.15303 14.504 14.93875 15.022
# 79 1.56882596016 15.15303 14.481 14.93875 14.986
# 80 1.5889351368 15.15303 14.508 14.93875 14.996
# 81 1.60904216766 15.15303 14.538 14.93875 15.012
# 82 1.62914896011 15.15303 14.572 14.93875 15.022
# 83 1.64926314354 15.15303 14.605 14.93875 15.037
# 84 1.66937398911 15.15303 14.624 14.93875 15.047
# 85 1.68951106071 15.15303 14.646 14.93875 15.055
# 86 1.70962500572 15.15303 14.674 14.93875 15.069
# 87 1.72973418236 15.15303 14.652 14.93875 15.03
# 88 1.74982714653 15.15303 14.678 14.93875 15.038
# 89 1.76993703842 15.15303 14.707 14.93875 15.051
# 90 1.79006910324 15.15303 14.73 14.93875 15.06
# 91 1.81015515327 15.15303 14.761 14.93875 15.076
# 92 1.83027696609 15.15303 14.787 14.93875 15.083
# 93 1.85038614273 15.15303 14.812 14.93875 15.091
# 94 1.87050819397 15.15303 14.838 14.93875 15.103
# 95 1.89060711861 15.15303 14.803 14.93875 15.063
# 96 1.91070508957 15.15303 14.819 14.93875 15.071
# 97 1.93081402779 15.15303 14.835 14.93875 15.084
# 98 1.95101308823 15.15303 14.852 14.93875 15.092
# 99 1.97111296654 15.15303 14.871 14.93875 15.106
# 100 1.99122309685 15.15303 14.878 14.93875 15.111
# 101 2.01136207581 15.15303 14.881 14.93875 15.119
# 102 2.031468153 15.15303 14.888 14.93875 15.13
# 103 2.05157804489 15.15303 14.843 14.93875 15.091
# 104 2.07166814804 15.15303 14.844 14.93875 15.099
# 105 2.09177708626 15.15303 14.85 14.93875 15.11
# 106 2.11188101768 15.15303 14.847 14.93875 15.116
# 107 2.13200497627 15.15303 14.85 14.93875 15.128
# 108 2.15211510658 15.15303 14.846 14.93875 15.132
# 109 2.1722099781 15.15303 14.846 14.93875 15.138
# 110 2.19234895706 15.15303 14.86 14.93875 15.149
# 111 2.21245312691 15.15303 14.831 14.93875 15.106
# 112 2.23257017136 15.15303 14.845 14.93875 15.113
# 113 2.25266718864 15.15303 14.853 14.93875 15.121
# 114 2.2727689743 15.15303 14.85 14.93875 15.128
# 115 2.29289007187 15.15303 14.857 14.93875 15.14
# 116 2.31303095818 15.15303 14.862 14.93875 15.145
# 117 2.33312916756 15.15303 14.861 14.93875 15.149
# 118 2.35324501991 15.15303 14.859 14.93875 15.157
# 119 2.37338995934 15.15303 14.799 14.93875 15.114
# 120 2.39349508286 15.15303 14.797 14.93875 15.121
# 121 2.41359615326 15.15303 14.808 14.93875 15.133
# 122 2.43373703957 15.15303 14.82 14.93875 15.14
# 123 2.45385313034 15.15303 14.833 14.93875 15.151
# 124 2.47398614883 15.15303 14.826 14.93875 15.157
# 125 2.49408102036 15.15303 14.82 14.93875 15.162
# 126 2.51419901848 15.15303 14.824 14.93875 15.169
# 127 2.53461718559 15.15303 14.786 14.93875 15.127
# 128 2.55473208427 15.15303 14.795 14.93875 15.133
# 129 2.57485318184 15.15303 14.804 14.93875 15.142
# 130 2.59498310089 15.15303 14.798 14.93875 15.147
# 131 2.6150970459 15.15303 14.786 14.93875 15.151
# 132 2.63521814346 15.15303 14.789 14.93875 15.161
# 133 2.65531897545 15.15303 14.794 14.93875 15.166
# 134 2.67543005943 15.15303 14.754 14.93875 15.127
# 135 2.69554018974 15.15303 14.799 14.93875 15.18
# 136 2.71565818787 15.15303 14.799 14.93875 15.189
# 137 2.73576498032 15.15303 14.788 14.93875 15.191
# 138 2.75586605072 15.15303 14.791 14.93875 15.195
# 139 2.77597212791 15.15303 14.806 14.93875 15.205
# 140 2.79608201981 15.15303 14.778 14.93875 15.161
# 141 2.81618714333 15.15303 14.788 14.93875 15.166
# 142 2.83629703522 15.15303 14.792 14.93875 15.178
# 143 2.85639595985 15.15303 14.8 14.93875 15.183
# 144 2.87651395798 15.15303 14.817 14.93875 15.196
# 145 2.89662718773 15.15303 14.834 14.93875 15.199
# 146 2.91676306725 15.15303 14.835 14.93875 15.203
# 147 2.93688607216 15.15303 14.836 14.93875 15.214
# 148 2.95697617531 15.15303 14.785 14.93875 15.172
# 149 2.97709417343 15.15303 14.794 14.93875 15.177
# 150 2.99721217155 15.15303 14.808 14.93875 15.185
# 151 3.01732897758 15.15303 14.815 14.93875 15.19
# 152 3.03743600845 15.15303 14.828 14.93875 15.2
# 153 3.05756211281 15.15303 14.829 14.93875 15.204
# 154 3.0776720047 15.15303 14.826 14.93875 15.208
# 155 3.09777808189 15.15303 14.832 14.93875 15.219
# 156 3.11787700653 15.15303 14.788 14.93875 15.174
# 157 3.13799500465 15.15303 14.786 14.93875 15.181
# 158 3.15812015533 15.15303 14.786 14.93875 15.19
# 159 3.17821598053 15.15303 14.774 14.93875 15.197
# 160 3.1983320713 15.15303 14.779 14.93875 15.207
# 161 3.21846914291 15.15303 14.787 14.93875 15.21
# 162 3.23856306076 15.15303 14.797 14.93875 15.213
# 163 3.2586710453 15.15303 14.807 14.93875 15.224
# 164 3.27877497673 15.15303 14.756 14.93875 15.181
# 165 3.29889917374 15.15303 14.763 14.93875 15.184
# 166 3.31902718544 15.15303 14.785 14.93875 15.195
# 167 3.33912301064 15.15303 14.805 14.93875 15.201
# 168 3.35923314095 15.15303 14.826 14.93875 15.211
# 169 3.37940502167 15.15303 14.843 14.93875 15.213
# 170 3.39950013161 15.15303 14.855 14.93875 15.219
# 171 3.41961717606 15.15303 14.871 14.93875 15.227
# 172 3.43973112106 15.15303 14.834 14.93875 15.181
# 173 3.45983505249 15.15303 14.838 14.93875 15.187
# 174 3.47999000549 15.15303 14.844 14.93875 15.196
# 175 3.50010418892 15.15303 14.844 14.93875 15.202
# 176 3.52022314072 15.15303 14.854 14.93875 15.213
# 177 3.5405189991 15.15303 14.864 14.93875 15.217
# 178 3.56065797806 15.15303 14.874 14.93875 15.222
# 179 3.58077907562 15.15303 14.879 14.93875 15.232
# 180 3.60088801384 15.15303 14.877 14.93875 15.236
# 181 3.62100815773 15.15303 14.833 14.93875 15.197
# 182 3.64113306999 15.15303 14.881 14.93875 15.249
# 183 3.66125297546 15.15303 14.89 14.93875 15.252
# 184 3.68136310577 15.15303 14.9 14.93875 15.261
# 185 3.70146203041 15.15303 14.859 14.93875 15.216
# 186 3.72157406807 15.15303 14.857 14.93875 15.22
# 187 3.74167609215 15.15303 14.862 14.93875 15.226
# 188 3.76178002357 15.15303 14.866 14.93875 15.231
# 189 3.78188300133 15.15303 14.875 14.93875 15.239
# 190 3.80198001862 15.15303 14.875 14.93875 15.24
# 191 3.82208895683 15.15303 14.873 14.93875 15.249
# 192 3.84219408035 15.15303 14.859 14.93875 15.249
# 193 3.86228108406 15.15303 14.85 14.93875 15.249
# 194 3.88239002228 15.15303 14.859 14.93875 15.257
# 195 3.90253901482 15.15303 14.863 14.93875 15.259
# 196 3.92264914513 15.15303 14.824 14.93875 15.218
# 197 3.94274806976 15.15303 14.855 14.93875 15.268
# 198 3.96285700798 15.15303 14.807 14.93875 15.227
# 199 3.98297119141 15.15303 14.857 14.93875 15.276
# 200 4.00312805176 15.15303 14.87 14.93875 15.278
# 201 4.02323412895 15.15303 14.878 14.93875 15.287
# 202 4.04334211349 15.15303 14.838 14.93875 15.242
# 203 4.0634791851 15.15303 14.842 14.93875 15.246
# 204 4.0835981369 15.15303 14.85 14.93875 15.253
# 205 4.10370802879 15.15303 14.866 14.93875 15.258
# 206 4.12380599976 15.15303 14.879 14.93875 15.266
# 207 4.14390206337 15.15303 14.871 14.93875 15.269
# 208 4.16400718689 15.15303 14.818 14.93875 15.272
# 209 4.18411397934 15.15303 14.78 14.93875 15.282
# 210 4.20421004295 15.15303 14.696 14.93875 15.239
# 211 4.22429299355 15.15303 14.669 14.93875 15.243
# 212 4.24441003799 15.15303 14.659 14.93875 15.252
# 213 4.26454496384 15.15303 14.645 14.93875 15.259
# 214 4.28465914726 15.15303 14.638 14.93875 15.269
# 215 4.30476498604 15.15303 14.637 14.93875 15.274
# 216 4.32487916946 15.15303 14.657 14.93875 15.28
# 217 4.34501004219 15.15303 14.694 14.93875 15.291
# 218 4.36511015892 15.15303 14.687 14.93875 15.248
# 219 4.38521313667 15.15303 14.719 14.93875 15.253
# 220 4.40533399582 15.15303 14.753 14.93875 15.264
# 221 4.42545413971 15.15303 14.782 14.93875 15.268
# 222 4.44555497169 15.15303 14.821 14.93875 15.278
# 223 4.4656560421 15.15303 14.848 14.93875 15.282
# 224 4.48575806618 15.15303 14.871 14.93875 15.288
# 225 4.50587296486 15.15303 14.896 14.93875 15.298
# 226 4.52597212791 15.15303 14.862 14.93875 15.253
# 227 4.54608798027 15.15303 14.874 14.93875 15.259
# 228 4.566188097 15.15303 14.888 14.93875 15.267
# 229 4.58630919456 15.15303 14.895 14.93875 15.271
# 230 4.60641098022 15.15303 14.897 14.93875 15.283
# 231 4.6265130043 15.15303 14.895 14.93875 15.286
# 232 4.64660811424 15.15303 14.909 14.93875 15.292
# 233 4.66674900055 15.15303 14.925 14.93875 15.295
# 234 4.68686914444 15.15303 14.937 14.93875 15.299
# 235 4.70697999001 15.15303 14.955 14.93875 15.306
# 236 4.7270860672 15.15303 14.972 14.93875 15.31
# 237 4.74718308449 15.15303 14.943 14.93875 15.271
# 238 4.76728105545 15.15303 15.001 14.93875 15.321
# 239 4.78739404678 15.15303 15.014 14.93875 15.326
# 240 4.80751800537 15.15303 15.019 14.93875 15.327
# 241 4.82763600349 15.15303 15.026 14.93875 15.327
# 242 4.84774303436 15.15303 15.034 14.93875 15.335
# 243 4.86783313751 15.15303 14.985 14.93875 15.289
# 244 4.88793110847 15.15303 14.988 14.93875 15.29
# 245 4.90812301636 15.15303 14.997 14.93875 15.299
# 246 4.92823410034 15.15303 14.994 14.93875 15.303
# 247 4.94833397865 15.15303 14.995 14.93875 15.312
# 248 4.96842503548 15.15303 14.994 14.93875 15.315
# 249 4.98856210709 15.15303 15.001 14.93875 15.315
# 250 5.00868296623 15.15303 15.02 14.93875 15.324
# 251 5.02881097794 15.15303 14.983 14.93875 15.279
# 252 5.04892706871 15.15303 14.999 14.93875 15.283
# 253 5.06902003288 15.15303 15.014 14.93875 15.289
# 254 5.08914518356 15.15303 15.026 14.93875 15.294
# 255 5.1092979908 15.15303 15.044 14.93875 15.302
# 256 5.12940096855 15.15303 15.056 14.93875 15.304
# 257 5.14951610565 15.15303 15.065 14.93875 15.308
# 258 5.16967701912 15.15303 15.073 14.93875 15.314
# 259 5.18978905678 15.15303 15.078 14.93875 15.318
# 260 5.20990109444 15.15303 15.038 14.93875 15.276
# 261 5.22998118401 15.15303 15.093 14.93875 15.326
# 262 5.25008797646 15.15303 15.097 14.93875 15.33
# 263 5.27023410797 15.15303 15.092 14.93875 15.331
# 264 5.29038119316 15.15303 15.083 14.93875 15.331
# 265 5.3104929924 15.15303 15.086 14.93875 15.337
# 266 5.33060908318 15.15303 15.04 14.93875 15.291
# 267 5.35070896149 15.15303 15.038 14.93875 15.292
# 268 5.37082910538 15.15303 15.041 14.93875 15.3
# 269 5.39097809792 15.15303 15.038 14.93875 15.302
# 270 5.41110014915 15.15303 15.041 14.93875 15.305
# 271 5.43121600151 15.15303 15.042 14.93875 15.306
# 272 5.45136213303 15.15303 15.038 14.93875 15.306
# 273 5.47146105766 15.15303 15.038 14.93875 15.311
# 274 5.49161505699 15.15303 15.033 14.93875 15.313
# 275 5.51171398163 15.15303 14.989 14.93875 15.269
# 276 5.53181815147 15.15303 15.033 14.93875 15.317
# 277 5.55191397667 15.15303 15.039 14.93875 15.318
# 278 5.5720281601 15.15303 15.028 14.93875 15.316
# 279 5.59215211868 15.15303 15.014 14.93875 15.315
# 280 5.6122610569 15.15303 14.992 14.93875 15.319
# 281 5.63236808777 15.15303 14.92 14.93875 15.272
# 282 5.65246200562 15.15303 14.9 14.93875 15.273
# 283 5.67256808281 15.15303 14.895 14.93875 15.278
# 284 5.69270801544 15.15303 14.885 14.93875 15.281
# 285 5.71280312538 15.15303 14.885 14.93875 15.288
# 286 5.73290109634 15.15303 14.873 14.93875 15.288
# 287 5.75301218033 15.15303 14.857 14.93875 15.289
# 288 5.7731320858 15.15303 14.857 14.93875 15.295
# 289 5.79323101044 15.15303 14.805 14.93875 15.25
# 290 5.81338906288 15.15303 14.804 14.93875 15.251
# 291 5.83349204063 15.15303 14.808 14.93875 15.256
# 292 5.85363912582 15.15303 14.81 14.93875 15.257
# 293 5.87372803688 15.15303 14.817 14.93875 15.263
# 294 5.89382004738 15.15303 14.818 14.93875 15.263
# 295 5.91394615173 15.15303 14.815 14.93875 15.263
# 296 5.93406200409 15.15303 14.803 14.93875 15.268
# 297 5.95419001579 15.15303 14.736 14.93875 15.22
# 298 5.97429418564 15.15303 14.716 14.93875 15.222
# 299 5.99440097809 15.15303 14.72 14.93875 15.226
# 300 6.01450610161 15.15303 14.716 14.93875 15.228
# 301 6.03464007378 15.15303 14.716 14.93875 15.236
# 302 6.05473709106 15.15303 14.712 14.93875 15.235
# 303 6.07485198975 15.15303 14.711 14.93875 15.234
# 304 6.09496808052 15.15303 14.717 14.93875 15.242
# 305 6.11507701874 15.15303 14.674 14.93875 15.193
# 306 6.13518118858 15.15303 14.681 14.93875 15.196
# 307 6.15528011322 15.15303 14.691 14.93875 15.202
# 308 6.17539000511 15.15303 14.701 14.93875 15.204
# 309 6.19550800323 15.15303 14.71 14.93875 15.213
# 310 6.21561908722 15.15303 14.711 14.93875 15.213
# 311 6.2357211113 15.15303 14.713 14.93875 15.217
# 312 6.2558259964 15.15303 14.718 14.93875 15.223
# 313 6.27594399452 15.15303 14.666 14.93875 15.178
# 314 6.29608917236 15.15303 14.653 14.93875 15.183
# 315 6.316188097 15.15303 14.644 14.93875 15.188
# 316 6.3363339901 15.15303 14.643 14.93875 15.189
# 317 6.35641717911 15.15303 14.646 14.93875 15.197
# 318 6.376527071 15.15303 14.642 14.93875 15.2
# 319 6.39665913582 15.15303 14.643 14.93875 15.202
# 320 6.41675901413 15.15303 14.643 14.93875 15.209
# 321 6.43688106537 15.15303 14.593 14.93875 15.167
# 322 6.45699000359 15.15303 14.591 14.93875 15.17
# 323 6.47710418701 15.15303 14.605 14.93875 15.179
# 324 6.49720311165 15.15303 14.613 14.93875 15.184
# 325 6.51732802391 15.15303 14.622 14.93875 15.19
# 326 6.53744101524 15.15303 14.626 14.93875 15.192
# 327 6.55755019188 15.15303 14.633 14.93875 15.195
# 328 6.57767009735 15.15303 14.65 14.93875 15.198
# 329 6.59780216217 15.15303 14.618 14.93875 15.155
# 330 6.61790299416 15.15303 14.629 14.93875 15.158
# 331 6.63801217079 15.15303 14.635 14.93875 15.164
# 332 6.65810608864 15.15303 14.637 14.93875 15.168
# 333 6.67821311951 15.15303 14.654 14.93875 15.177
# 334 6.69833016396 15.15303 14.658 14.93875 15.18
# 335 6.71842503548 15.15303 14.661 14.93875 15.181
# 336 6.7385289669 15.15303 14.667 14.93875 15.189
# 337 6.75862216949 15.15303 14.618 14.93875 15.144
# 338 6.77872610092 15.15303 14.614 14.93875 15.149
# 339 6.79883503914 15.15303 14.615 14.93875 15.155
# 340 6.81892895699 15.15303 14.618 14.93875 15.16
# 341 6.83903813362 15.15303 14.629 14.93875 15.169
# 342 6.85920119286 15.15303 14.626 14.93875 15.173
# 343 6.87930512428 15.15303 14.622 14.93875 15.177
# 344 6.89939904213 15.15303 14.63 14.93875 15.186
# 345 6.91948318481 15.15303 14.6 14.93875 15.143
# 346 6.93958806992 15.15303 14.614 14.93875 15.146
# 347 6.95971417427 15.15303 14.629 14.93875 15.155
# 348 6.97981715202 15.15303 14.636 14.93875 15.158
# 349 6.99991297722 15.15303 14.651 14.93875 15.167
# 350 7.02004003525 15.15303 14.673 14.93875 15.169
# 351 7.04014897346 15.15303 14.699 14.93875 15.178
# 352 7.06024813652 15.15303 14.719 14.93875 15.181
# 353 7.08035516739 15.15303 14.731 14.93875 15.183
# 354 7.10048818588 15.15303 14.742 14.93875 15.191
# 355 7.12063908577 15.15303 14.749 14.93875 15.194
# 356 7.14072918892 15.15303 14.715 14.93875 15.155
# 357 7.16083216667 15.15303 14.762 14.93875 15.207
# 358 7.18094801903 15.15303 14.77 14.93875 15.214
# 359 7.20106005669 15.15303 14.769 14.93875 15.214
# 360 7.22118616104 15.15303 14.771 14.93875 15.215
# 361 7.24129700661 15.15303 14.785 14.93875 15.221
# 362 7.26140499115 15.15303 14.749 14.93875 15.176
# 363 7.28151106834 15.15303 14.761 14.93875 15.181
# 364 7.30160999298 15.15303 14.769 14.93875 15.187
# 365 7.32170605659 15.15303 14.767 14.93875 15.192
# 366 7.34181499481 15.15303 14.769 14.93875 15.2
# 367 7.36193013191 15.15303 14.783 14.93875 15.201
# 368 7.38203811646 15.15303 14.787 14.93875 15.204
# 369 7.40215110779 15.15303 14.798 14.93875 15.211
# 370 7.42225718498 15.15303 14.757 14.93875 15.164
# 371 7.44239401817 15.15303 14.759 14.93875 15.168
# 372 7.46249103546 15.15303 14.765 14.93875 15.177
# 373 7.48260712624 15.15303 14.773 14.93875 15.181
# 374 7.50271201134 15.15303 14.782 14.93875 15.19
# 375 7.52284598351 15.15303 14.781 14.93875 15.194
# 376 7.54297709465 15.15303 14.785 14.93875 15.198
# 377 7.5630941391 15.15303 14.791 14.93875 15.208
# 378 7.58323216438 15.15303 14.757 14.93875 15.164
# 379 7.6033551693 15.15303 14.766 14.93875 15.169
# 380 7.6234691143 15.15303 14.778 14.93875 15.178
# 381 7.64357805252 15.15303 14.778 14.93875 15.183
# 382 7.66367506981 15.15303 14.787 14.93875 15.193
# 383 7.68377614021 15.15303 14.794 14.93875 15.199
# 384 7.70388913155 15.15303 14.809 14.93875 15.203
# 385 7.72398304939 15.15303 14.821 14.93875 15.212
# 386 7.74408316612 15.15303 14.787 14.93875 15.17
# 387 7.76417207718 15.15303 14.801 14.93875 15.175
# 388 7.78428912163 15.15303 14.818 14.93875 15.184
# 389 7.8044090271 15.15303 14.834 14.93875 15.189
# 390 7.82450199127 15.15303 14.851 14.93875 15.197
# 391 7.84460115433 15.15303 14.86 14.93875 15.203
# 392 7.8647069931 15.15303 14.868 14.93875 15.207
# 393 7.88480806351 15.15303 14.87 14.93875 15.216
# 394 7.90491104126 15.15303 14.819 14.93875 15.173
# 395 7.92500114441 15.15303 14.815 14.93875 15.18
# 396 7.94513201714 15.15303 14.82 14.93875 15.191
# 397 7.96527218819 15.15303 14.82 14.93875 15.198
# 398 7.98536396027 15.15303 14.815 14.93875 15.208
# 399 8.00545310974 15.15303 14.805 14.93875 15.213
# 400 8.02557611465 15.15303 14.816 14.93875 15.221
# 401 8.04570317268 15.15303 14.826 14.93875 15.225
# 402 8.06586718559 15.15303 14.843 14.93875 15.227
# 403 8.0859811306 15.15303 14.864 14.93875 15.236
# 404 8.106112957 15.15303 14.88 14.93875 15.238
# 405 8.12624907494 15.15303 14.847 14.93875 15.199
# 406 8.14637517929 15.15303 14.901 14.93875 15.249
# 407 8.16649913788 15.15303 14.905 14.93875 15.25
# 408 8.18660211563 15.15303 14.887 14.93875 15.257
# 409 8.20671701431 15.15303 14.782 14.93875 15.212
# 410 8.22684502602 15.15303 14.729 14.93875 15.214
# 411 8.24699211121 15.15303 14.697 14.93875 15.221
# 412 8.26709318161 15.15303 14.679 14.93875 15.224
# 413 8.28722119331 15.15303 14.673 14.93875 15.232
# 414 8.30731415749 15.15303 14.664 14.93875 15.236
# 415 8.32741212845 15.15303 14.66 14.93875 15.239
# 416 8.34750914574 15.15303 14.675 14.93875 15.246
# 417 8.36762905121 15.15303 14.658 14.93875 15.202
# 418 8.3877530098 15.15303 14.699 14.93875 15.206
# 419 8.40786314011 15.15303 14.746 14.93875 15.214
# 420 8.42798018456 15.15303 14.778 14.93875 15.217
# 421 8.44818615913 15.15303 14.807 14.93875 15.225
# 422 8.46830415726 15.15303 14.83 14.93875 15.227
# 423 8.48842597008 15.15303 14.857 14.93875 15.229
# 424 8.50852799416 15.15303 14.882 14.93875 15.237
# 425 8.52863907814 15.15303 14.858 14.93875 15.193
# 426 8.54879307747 15.15303 14.872 14.93875 15.196
# 427 8.5688931942 15.15303 14.89 14.93875 15.204
# 428 8.58904504776 15.15303 14.901 14.93875 15.209
# 429 8.60915017128 15.15303 14.922 14.93875 15.22
# 430 8.62926602364 15.15303 14.93 14.93875 15.224
# 431 8.64936208725 15.15303 14.931 14.93875 15.226
# 432 8.66944909096 15.15303 14.937 14.93875 15.236
# 433 8.6895570755 15.15303 14.944 14.93875 15.241
# 434 8.70966410637 15.15303 14.908 14.93875 15.199
# 435 8.72976303101 15.15303 14.921 14.93875 15.208
# 436 8.74986219406 15.15303 14.928 14.93875 15.214
# 437 8.76996612549 15.15303 14.932 14.93875 15.224
# 438 8.79007315636 15.15303 14.937 14.93875 15.228
# 439 8.81019306183 15.15303 14.943 14.93875 15.232
# 440 8.83031010628 15.15303 14.954 14.93875 15.239
# 441 8.85041999817 15.15303 14.91 14.93875 15.197
# 442 8.87049818039 15.15303 14.906 14.93875 15.2
# 443 8.8906211853 15.15303 14.911 14.93875 15.208
# 444 8.91075515747 15.15303 14.911 14.93875 15.211
# 445 8.93085098267 15.15303 14.919 14.93875 15.22
# 446 8.95099210739 15.15303 14.916 14.93875 15.224
# 447 8.97112703323 15.15303 14.905 14.93875 15.227
# 448 8.99124217033 15.15303 14.892 14.93875 15.235
# 449 9.0113530159 15.15303 14.836 14.93875 15.193
# 450 9.03149008751 15.15303 14.831 14.93875 15.199
# 451 9.05161619186 15.15303 14.833 14.93875 15.209
# 452 9.07174611092 15.15303 14.836 14.93875 15.216
# 453 9.09183502197 15.15303 14.839 14.93875 15.227
# 454 9.1119351387 15.15303 14.838 14.93875 15.23
# 455 9.13205218315 15.15303 14.836 14.93875 15.234
# 456 9.15217614174 15.15303 14.845 14.93875 15.243
# 457 9.17228507996 15.15303 14.849 14.93875 15.248
# 458 9.19238495827 15.15303 14.811 14.93875 15.203
# 459 9.21250009537 15.15303 14.821 14.93875 15.21
# 460 9.23262500763 15.15303 14.825 14.93875 15.215
# 461 9.25273418427 15.15303 14.833 14.93875 15.226
# 462 9.27283906937 15.15303 14.837 14.93875 15.229
# 463 9.29294204712 15.15303 14.838 14.93875 15.234
# 464 9.3130440712 15.15303 14.831 14.93875 15.243
# 465 9.33319807053 15.15303 14.769 14.93875 15.199
# 466 9.35329008102 15.15303 14.754 14.93875 15.203
# 467 9.37339997292 15.15303 14.762 14.93875 15.211
# 468 9.39350104332 15.15303 14.765 14.93875 15.216
# 469 9.41359901428 15.15303 14.78 14.93875 15.227
# 470 9.43370604515 15.15303 14.79 14.93875 15.231
# 471 9.45379710197 15.15303 14.808 14.93875 15.235
# 472 9.47390913963 15.15303 14.829 14.93875 15.245
# 473 9.49404406548 15.15303 14.798 14.93875 15.202
# 474 9.51414608955 15.15303 14.814 14.93875 15.209
# 475 9.53423118591 15.15303 14.831 14.93875 15.219
# 476 9.55436110497 15.15303 14.848 14.93875 15.222
# 477 9.57448005676 15.15303 14.865 14.93875 15.232
# 478 9.59460806847 15.15303 14.872 14.93875 15.236
# 479 9.61472201347 15.15303 14.877 14.93875 15.237
# 480 9.63483595848 15.15303 14.887 14.93875 15.246
# 481 9.65498709679 15.15303 14.833 14.93875 15.202
# 482 9.6750831604 15.15303 14.823 14.93875 15.207
# 483 9.69518208504 15.15303 14.825 14.93875 15.214
# 484 9.71531796455 15.15303 14.829 14.93875 15.219
# 485 9.73541998863 15.15303 14.839 14.93875 15.229
# 486 9.75553512573 15.15303 14.848 14.93875 15.235
# 487 9.77564311028 15.15303 14.864 14.93875 15.239
# 488 9.79576206207 15.15303 14.88 14.93875 15.25
# 489 9.81585907936 15.15303 14.847 14.93875 15.207
# 490 9.83597517014 15.15303 14.859 14.93875 15.215
# 491 9.85613107681 15.15303 14.871 14.93875 15.226
# 492 9.876278162 15.15303 14.879 14.93875 15.233
# 493 9.8963830471 15.15303 14.889 14.93875 15.244
# 494 9.91650509834 15.15303 14.897 14.93875 15.248
# 495 9.9366080761 15.15303 14.914 14.93875 15.253
# 496 9.95672798157 15.15303 14.94 14.93875 15.265
# 497 9.97683095932 15.15303 14.954 14.93875 15.271
# 498 9.99693703651 15.15303 14.907 14.93875 15.229
# 499 10.0170459747 15.15303 14.909 14.93875 15.239
# 500 10.0371451378 15.15303 14.912 14.93875 15.246
