### Ensaio para Levantamento das Plantas dos Motores ###

# Parâmetros #

# Número do Ensaio: 6
# Frequência de Amostragem: 50.0 Hz
# Número de Amostras: 1000
# Velocidade de Referência Direita: 1.0 
# Velocidade de Referência Esquerda: 1.0 

* 1 0.0 30.30606 0.0 29.8775 0.0
* 2 0.0201511383057 30.30606 0.426 29.8775 0.313
* 3 0.0403120517731 30.30606 1.164 29.8775 1.033
* 4 0.0604691505432 30.30606 2.081 29.8775 1.923
* 5 0.0806109905243 30.30606 3.066 29.8775 2.885
* 6 0.100773096085 30.30606 4.313 29.8775 4.093
* 7 0.120904922485 30.30606 5.472 29.8775 5.215
* 8 0.141032934189 30.30606 7.024 29.8775 6.714
* 9 0.161164999008 30.30606 8.404 29.8775 8.05
* 10 0.181311130524 30.30606 9.845 29.8775 9.472
* 11 0.201461076736 30.30606 11.18 29.8775 10.811
* 12 0.221593141556 30.30606 12.273 29.8775 11.955
* 13 0.241693019867 30.30606 13.424 29.8775 13.137
* 14 0.261800050735 30.30606 14.329 29.8775 14.045
* 15 0.281922101974 30.30606 15.468 29.8775 15.184
* 16 0.302046060562 30.30606 16.378 29.8775 16.08
* 17 0.322188138962 30.30606 17.332 29.8775 16.994
* 18 0.342328071594 30.30606 18.198 29.8775 17.851
* 19 0.362446069717 30.30606 18.953 29.8775 18.581
* 20 0.382578134537 30.30606 19.624 29.8775 19.247
* 21 0.402679920197 30.30606 20.336 29.8775 19.956
* 22 0.422801971436 30.30606 20.947 29.8775 20.569
* 23 0.442898035049 30.30606 21.568 29.8775 21.201
* 24 0.463037014008 30.30606 22.111 29.8775 21.748
* 25 0.483149051666 30.30606 22.667 29.8775 22.301
* 26 0.503276109695 30.30606 23.18 29.8775 22.819
* 27 0.523383140564 30.30606 23.613 29.8775 23.268
* 28 0.543507099152 30.30606 23.965 29.8775 23.636
* 29 0.563622951508 30.30606 24.39 29.8775 24.06
* 30 0.58373093605 30.30606 24.761 29.8775 24.434
* 31 0.603843927383 30.30606 25.128 29.8775 24.814
* 32 0.623965978622 30.30606 25.456 29.8775 25.154
* 33 0.644078969955 30.30606 25.794 29.8775 25.493
* 34 0.664181947708 30.30606 26.1 29.8775 25.802
* 35 0.684294939041 30.30606 26.375 29.8775 26.077
* 36 0.704417943954 30.30606 26.568 29.8775 26.258
* 37 0.724523067474 30.30606 26.822 29.8775 26.522
* 38 0.744616031647 30.30606 27.047 29.8775 26.753
* 39 0.764765024185 30.30606 27.254 29.8775 26.99
* 40 0.78489112854 30.30606 27.441 29.8775 27.198
* 41 0.804991006851 30.30606 27.643 29.8775 27.405
* 42 0.825103998184 30.30606 27.823 29.8775 27.592
* 43 0.845229148865 30.30606 28.003 29.8775 27.766
* 44 0.865360021591 30.30606 28.18 29.8775 27.932
* 45 0.885474920273 30.30606 28.328 29.8775 28.088
* 46 0.905604124069 30.30606 28.469 29.8775 28.239
* 47 0.925727128983 30.30606 28.487 29.8775 28.286
* 48 0.945833921432 30.30606 28.593 29.8775 28.42
* 49 0.965944051743 30.30606 28.712 29.8775 28.544
* 50 0.986061096191 30.30606 28.834 29.8775 28.664
* 51 1.00619912148 30.30606 28.936 29.8775 28.776
* 52 1.02630805969 30.30606 29.059 29.8775 28.882
* 53 1.04641413689 30.30606 29.159 29.8775 28.984
* 54 1.06651306152 30.30606 29.148 29.8775 28.984
* 55 1.08662509918 30.30606 29.213 29.8775 29.074
* 56 1.10672092438 30.30606 29.266 29.8775 29.164
* 57 1.12682795525 30.30606 29.323 29.8775 29.249
* 58 1.14692807198 30.30606 29.406 29.8775 29.328
* 59 1.16700196266 30.30606 29.468 29.8775 29.39
* 60 1.18712306023 30.30606 29.547 29.8775 29.461
* 61 1.20725011826 30.30606 29.617 29.8775 29.521
* 62 1.22736501694 30.30606 29.673 29.8775 29.586
* 63 1.2474770546 30.30606 29.726 29.8775 29.633
* 64 1.26759195328 30.30606 29.672 29.8775 29.587
* 65 1.28772115707 30.30606 29.722 29.8775 29.64
* 66 1.30784797668 30.30606 29.769 29.8775 29.689
* 67 1.3279531002 30.30606 29.799 29.8775 29.74
* 68 1.34804797173 30.30606 29.854 29.8775 29.797
* 69 1.36821508408 30.30606 29.898 29.8775 29.83
* 70 1.38832402229 30.30606 29.947 29.8775 29.866
* 71 1.40842700005 30.30606 30.005 29.8775 29.909
* 72 1.42854213715 30.30606 29.946 29.8775 29.85
* 73 1.44866704941 30.30606 29.982 29.8775 29.884
* 74 1.46878314018 30.30606 30.035 29.8775 29.923
* 75 1.48889899254 30.30606 30.05 29.8775 29.954
* 76 1.50899195671 30.30606 30.096 29.8775 29.992
* 77 1.52914595604 30.30606 30.129 29.8775 30.015
* 78 1.54925704002 30.30606 30.141 29.8775 30.048
* 79 1.56937408447 30.30606 30.177 29.8775 30.078
* 80 1.58948397636 30.30606 30.097 29.8775 30.007
* 81 1.60958814621 30.30606 30.108 29.8775 30.026
* 82 1.62972211838 30.30606 30.131 29.8775 30.062
* 83 1.64981794357 30.30606 30.121 29.8775 30.082
* 84 1.66992712021 30.30606 30.126 29.8775 30.119
* 85 1.69003796577 30.30606 30.135 29.8775 30.137
* 86 1.7101559639 30.30606 30.157 29.8775 30.169
* 87 1.73027610779 30.30606 30.19 29.8775 30.184
* 88 1.75038003922 30.30606 30.213 29.8775 30.199
* 89 1.77049398422 30.30606 30.244 29.8775 30.224
* 90 1.7906370163 30.30606 30.272 29.8775 30.244
* 91 1.81074810028 30.30606 30.192 29.8775 30.159
* 92 1.83086013794 30.30606 30.207 29.8775 30.188
* 93 1.85095906258 30.30606 30.227 29.8775 30.209
* 94 1.87107801437 30.30606 30.238 29.8775 30.234
* 95 1.8912229538 30.30606 30.245 29.8775 30.245
* 96 1.91133904457 30.30606 30.259 29.8775 30.261
* 97 1.93143796921 30.30606 30.292 29.8775 30.281
* 98 1.95155096054 30.30606 30.23 29.8775 30.194
* 99 1.97166705132 30.30606 30.265 29.8775 30.21
* 100 1.99177694321 30.30606 30.289 29.8775 30.236
* 101 2.01187705994 30.30606 30.325 29.8775 30.249
* 102 2.03200292587 30.30606 30.336 29.8775 30.265
* 103 2.05216002464 30.30606 30.359 29.8775 30.279
* 104 2.07226514816 30.30606 30.382 29.8775 30.286
* 105 2.0923910141 30.30606 30.406 29.8775 30.307
* 106 2.11249494553 30.30606 30.33 29.8775 30.224
* 107 2.13261604309 30.30606 30.342 29.8775 30.235
* 108 2.15273499489 30.30606 30.342 29.8775 30.25
* 109 2.17281794548 30.30606 30.305 29.8775 30.264
* 110 2.19291710854 30.30606 30.248 29.8775 30.279
* 111 2.21311807632 30.30606 30.221 29.8775 30.29
* 112 2.23322701454 30.30606 30.233 29.8775 30.311
* 113 2.2533519268 30.30606 30.255 29.8775 30.315
* 114 2.273458004 30.30606 30.32 29.8775 30.317
* 115 2.29357099533 30.30606 30.385 29.8775 30.332
* 116 2.31368207932 30.30606 30.426 29.8775 30.339
* 117 2.33382606506 30.30606 30.382 29.8775 30.257
* 118 2.35393595695 30.30606 30.528 29.8775 30.359
* 119 2.37407803535 30.30606 30.469 29.8775 30.27
* 120 2.39419102669 30.30606 30.576 29.8775 30.371
* 121 2.41434311867 30.30606 30.582 29.8775 30.375
* 122 2.43447709084 30.30606 30.596 29.8775 30.393
* 123 2.45457792282 30.30606 30.51 29.8775 30.3
* 124 2.47468495369 30.30606 30.525 29.8775 30.301
* 125 2.49481511116 30.30606 30.567 29.8775 30.32
* 126 2.51493692398 30.30606 30.606 29.8775 30.325
* 127 2.53504896164 30.30606 30.631 29.8775 30.335
* 128 2.55515694618 30.30606 30.639 29.8775 30.339
* 129 2.575289011 30.30606 30.628 29.8775 30.339
* 130 2.59541606903 30.30606 30.648 29.8775 30.36
* 131 2.61554694176 30.30606 30.565 29.8775 30.271
* 132 2.63563704491 30.30606 30.56 29.8775 30.277
* 133 2.65577793121 30.30606 30.566 29.8775 30.298
* 134 2.67590999603 30.30606 30.558 29.8775 30.297
* 135 2.69602894783 30.30606 30.553 29.8775 30.318
* 136 2.71616792679 30.30606 30.539 29.8775 30.322
* 137 2.73627710342 30.30606 30.525 29.8775 30.332
* 138 2.75638508797 30.30606 30.522 29.8775 30.343
* 139 2.77651596069 30.30606 30.431 29.8775 30.257
* 140 2.79660892487 30.30606 30.426 29.8775 30.266
* 141 2.8167591095 30.30606 30.454 29.8775 30.279
* 142 2.83686995506 30.30606 30.475 29.8775 30.29
* 143 2.85699415207 30.30606 30.485 29.8775 30.307
* 144 2.87712311745 30.30606 30.491 29.8775 30.316
* 145 2.89725399017 30.30606 30.496 29.8775 30.331
* 146 2.91736507416 30.30606 30.491 29.8775 30.335
* 147 2.93746995926 30.30606 30.497 29.8775 30.333
* 148 2.95756697655 30.30606 30.506 29.8775 30.344
* 149 2.97767806053 30.30606 30.521 29.8775 30.352
* 150 2.99781799316 30.30606 30.453 29.8775 30.266
* 151 3.01794195175 30.30606 30.568 29.8775 30.368
* 152 3.03805398941 30.30606 30.605 29.8775 30.379
* 153 3.05815911293 30.30606 30.612 29.8775 30.383
* 154 3.07829594612 30.30606 30.618 29.8775 30.388
* 155 3.09842801094 30.30606 30.649 29.8775 30.399
* 156 3.11854100227 30.30606 30.559 29.8775 30.309
* 157 3.13865399361 30.30606 30.568 29.8775 30.319
* 158 3.15877103806 30.30606 30.594 29.8775 30.334
* 159 3.17887711525 30.30606 30.601 29.8775 30.336
* 160 3.19900012016 30.30606 30.626 29.8775 30.35
* 161 3.21909093857 30.30606 30.619 29.8775 30.357
* 162 3.23919010162 30.30606 30.614 29.8775 30.369
* 163 3.25930905342 30.30606 30.602 29.8775 30.373
* 164 3.27943205833 30.30606 30.573 29.8775 30.378
* 165 3.29955792427 30.30606 30.573 29.8775 30.392
* 166 3.31965899467 30.30606 30.582 29.8775 30.402
* 167 3.33977603912 30.30606 30.485 29.8775 30.306
* 168 3.3598959446 30.30606 30.502 29.8775 30.322
* 169 3.38000202179 30.30606 30.493 29.8775 30.333
* 170 3.40011906624 30.30606 30.496 29.8775 30.35
* 171 3.42023396492 30.30606 30.5 29.8775 30.355
* 172 3.44034194946 30.30606 30.49 29.8775 30.353
* 173 3.46045398712 30.30606 30.492 29.8775 30.372
* 174 3.48056292534 30.30606 30.504 29.8775 30.378
* 175 3.50068211555 30.30606 30.407 29.8775 30.291
* 176 3.52074408531 30.30606 30.422 29.8775 30.304
* 177 3.54086112976 30.30606 30.437 29.8775 30.315
* 178 3.56097602844 30.30606 30.445 29.8775 30.332
* 179 3.58109307289 30.30606 30.454 29.8775 30.335
* 180 3.60121703148 30.30606 30.478 29.8775 30.349
* 181 3.62134194374 30.30606 30.476 29.8775 30.354
* 182 3.64145612717 30.30606 30.493 29.8775 30.362
* 183 3.66156601906 30.30606 30.507 29.8775 30.378
* 184 3.68168210983 30.30606 30.511 29.8775 30.384
* 185 3.70180106163 30.30606 30.418 29.8775 30.296
* 186 3.7219209671 30.30606 30.408 29.8775 30.313
* 187 3.74203515053 30.30606 30.399 29.8775 30.311
* 188 3.76215910912 30.30606 30.405 29.8775 30.332
* 189 3.78227806091 30.30606 30.387 29.8775 30.337
* 190 3.80238604546 30.30606 30.375 29.8775 30.347
* 191 3.82248592377 30.30606 30.383 29.8775 30.366
* 192 3.84260511398 30.30606 30.292 29.8775 30.273
* 193 3.86272192001 30.30606 30.294 29.8775 30.279
* 194 3.88284707069 30.30606 30.308 29.8775 30.297
* 195 3.90295910835 30.30606 30.336 29.8775 30.311
* 196 3.92306804657 30.30606 30.376 29.8775 30.329
* 197 3.94323015213 30.30606 30.389 29.8775 30.334
* 198 3.9633409977 30.30606 30.407 29.8775 30.338
* 199 3.98343801498 30.30606 30.42 29.8775 30.36
* 200 4.00354409218 30.30606 30.322 29.8775 30.274
* 201 4.02364802361 30.30606 30.335 29.8775 30.275
* 202 4.04383897781 30.30606 30.334 29.8775 30.293
* 203 4.06393408775 30.30606 30.335 29.8775 30.308
* 204 4.08407211304 30.30606 30.352 29.8775 30.328
* 205 4.10417199135 30.30606 30.352 29.8775 30.333
* 206 4.12429213524 30.30606 30.349 29.8775 30.338
* 207 4.14443707466 30.30606 30.293 29.8775 30.355
* 208 4.16455698013 30.30606 30.144 29.8775 30.265
* 209 4.18466806412 30.30606 30.12 29.8775 30.277
* 210 4.20478701591 30.30606 30.139 29.8775 30.301
* 211 4.22486996651 30.30606 30.164 29.8775 30.316
* 212 4.24495601654 30.30606 30.216 29.8775 30.339
* 213 4.26504898071 30.30606 30.217 29.8775 30.343
* 214 4.28512692451 30.30606 30.246 29.8775 30.364
* 215 4.30521512032 30.30606 30.269 29.8775 30.371
* 216 4.32528805733 30.30606 30.292 29.8775 30.381
* 217 4.34536409378 30.30606 30.319 29.8775 30.382
* 218 4.36544299126 30.30606 30.347 29.8775 30.384
* 219 4.38551807404 30.30606 30.379 29.8775 30.402
* 220 4.40559506416 30.30606 30.404 29.8775 30.412
* 221 4.42567300797 30.30606 30.336 29.8775 30.326
* 222 4.44574999809 30.30606 30.441 29.8775 30.434
* 223 4.46582603455 30.30606 30.373 29.8775 30.348
* 224 4.48589706421 30.30606 30.477 29.8775 30.447
* 225 4.50597310066 30.30606 30.396 29.8775 30.363
* 226 4.52605199814 30.30606 30.482 29.8775 30.459
* 227 4.54612112045 30.30606 30.485 29.8775 30.465
* 228 4.56619906425 30.30606 30.498 29.8775 30.468
* 229 4.58628511429 30.30606 30.523 29.8775 30.481
* 230 4.6063580513 30.30606 30.528 29.8775 30.474
* 231 4.6264359951 30.30606 30.551 29.8775 30.474
* 232 4.64651203156 30.30606 30.564 29.8775 30.488
* 233 4.66658902168 30.30606 30.574 29.8775 30.487
* 234 4.68666791916 30.30606 30.472 29.8775 30.394
* 235 4.7067360878 30.30606 30.464 29.8775 30.407
* 236 4.7268140316 30.30606 30.456 29.8775 30.404
* 237 4.74689412117 30.30606 30.477 29.8775 30.418
* 238 4.76696395874 30.30606 30.481 29.8775 30.423
* 239 4.78703594208 30.30606 30.516 29.8775 30.435
* 240 4.80711007118 30.30606 30.548 29.8775 30.436
* 241 4.8271780014 30.30606 30.566 29.8775 30.451
* 242 4.8472571373 30.30606 30.564 29.8775 30.451
* 243 4.86732697487 30.30606 30.559 29.8775 30.45
* 244 4.88739895821 30.30606 30.563 29.8775 30.461
* 245 4.90747308731 30.30606 30.482 29.8775 30.364
* 246 4.92754292488 30.30606 30.488 29.8775 30.371
* 247 4.94761705399 30.30606 30.498 29.8775 30.382
* 248 4.967689991 30.30606 30.518 29.8775 30.389
* 249 4.98776102066 30.30606 30.539 29.8775 30.396
* 250 5.00784015656 30.30606 30.546 29.8775 30.404
* 251 5.02791595459 30.30606 30.458 29.8775 30.325
* 252 5.04799103737 30.30606 30.549 29.8775 30.424
* 253 5.06806707382 30.30606 30.564 29.8775 30.432
* 254 5.08815193176 30.30606 30.555 29.8775 30.432
* 255 5.10823512077 30.30606 30.568 29.8775 30.441
* 256 5.12833094597 30.30606 30.595 29.8775 30.441
* 257 5.14840197563 30.30606 30.608 29.8775 30.441
* 258 5.16848397255 30.30606 30.641 29.8775 30.451
* 259 5.18856310844 30.30606 30.649 29.8775 30.439
* 260 5.20863008499 30.30606 30.556 29.8775 30.35
* 261 5.22870492935 30.30606 30.664 29.8775 30.445
* 262 5.24879002571 30.30606 30.568 29.8775 30.353
* 263 5.26886606216 30.30606 30.582 29.8775 30.366
* 264 5.28894710541 30.30606 30.597 29.8775 30.37
* 265 5.30902099609 30.30606 30.607 29.8775 30.381
* 266 5.32909798622 30.30606 30.618 29.8775 30.379
* 267 5.349173069 30.30606 30.622 29.8775 30.39
* 268 5.36924409866 30.30606 30.615 29.8775 30.389
* 269 5.38932609558 30.30606 30.623 29.8775 30.392
* 270 5.40939998627 30.30606 30.63 29.8775 30.4
* 271 5.42946910858 30.30606 30.528 29.8775 30.307
* 272 5.44954013824 30.30606 30.55 29.8775 30.312
* 273 5.46963715553 30.30606 30.563 29.8775 30.328
* 274 5.48971605301 30.30606 30.598 29.8775 30.325
* 275 5.50979208946 30.30606 30.621 29.8775 30.341
* 276 5.52986192703 30.30606 30.635 29.8775 30.348
* 277 5.54993700981 30.30606 30.577 29.8775 30.27
* 278 5.57001805305 30.30606 30.687 29.8775 30.369
* 279 5.59008812904 30.30606 30.7 29.8775 30.385
* 280 5.61016511917 30.30606 30.707 29.8775 30.389
* 281 5.63022494316 30.30606 30.708 29.8775 30.404
* 282 5.65030097961 30.30606 30.702 29.8775 30.403
* 283 5.67037606239 30.30606 30.689 29.8775 30.4
* 284 5.69044399261 30.30606 30.684 29.8775 30.409
* 285 5.71051907539 30.30606 30.695 29.8775 30.414
* 286 5.73059892654 30.30606 30.612 29.8775 30.328
* 287 5.75066900253 30.30606 30.7 29.8775 30.426
* 288 5.77074313164 30.30606 30.607 29.8775 30.338
* 289 5.79082012177 30.30606 30.598 29.8775 30.352
* 290 5.81089305878 30.30606 30.595 29.8775 30.358
* 291 5.83096694946 30.30606 30.59 29.8775 30.377
* 292 5.85103297234 30.30606 30.569 29.8775 30.373
* 293 5.87110900879 30.30606 30.567 29.8775 30.391
* 294 5.89118313789 30.30606 30.558 29.8775 30.392
* 295 5.91125392914 30.30606 30.547 29.8775 30.401
* 296 5.93133401871 30.30606 30.532 29.8775 30.403
* 297 5.95141100883 30.30606 30.513 29.8775 30.399
* 298 5.97148108482 30.30606 30.507 29.8775 30.414
* 299 5.99155712128 30.30606 30.498 29.8775 30.415
* 300 6.0116341114 30.30606 30.387 29.8775 30.333
* 301 6.03170204163 30.30606 30.478 29.8775 30.431
* 302 6.05177497864 30.30606 30.395 29.8775 30.338
* 303 6.07184505463 30.30606 30.405 29.8775 30.355
* 304 6.09191203117 30.30606 30.398 29.8775 30.352
* 305 6.11198806763 30.30606 30.321 29.8775 30.365
* 306 6.13205695152 30.30606 30.26 29.8775 30.371
* 307 6.15212893486 30.30606 30.246 29.8775 30.385
* 308 6.17220711708 30.30606 30.244 29.8775 30.378
* 309 6.19227814674 30.30606 30.279 29.8775 30.394
* 310 6.21235394478 30.30606 30.326 29.8775 30.397
* 311 6.23245000839 30.30606 30.339 29.8775 30.399
* 312 6.25251913071 30.30606 30.383 29.8775 30.414
* 313 6.27259302139 30.30606 30.424 29.8775 30.417
* 314 6.29265999794 30.30606 30.355 29.8775 30.334
* 315 6.31274199486 30.30606 30.373 29.8775 30.342
* 316 6.33282113075 30.30606 30.382 29.8775 30.343
* 317 6.3528881073 30.30606 30.412 29.8775 30.351
* 318 6.37296414375 30.30606 30.447 29.8775 30.362
* 319 6.39303708076 30.30606 30.469 29.8775 30.38
* 320 6.41311597824 30.30606 30.482 29.8775 30.384
* 321 6.43319392204 30.30606 30.505 29.8775 30.397
* 322 6.45327115059 30.30606 30.511 29.8775 30.395
* 323 6.47334909439 30.30606 30.518 29.8775 30.392
* 324 6.49339103699 30.30606 30.517 29.8775 30.404
* 325 6.51346111298 30.30606 30.522 29.8775 30.413
* 326 6.53354001045 30.30606 30.446 29.8775 30.317
* 327 6.55361199379 30.30606 30.464 29.8775 30.326
* 328 6.57368206978 30.30606 30.479 29.8775 30.336
* 329 6.59376096725 30.30606 30.506 29.8775 30.354
* 330 6.61382913589 30.30606 30.509 29.8775 30.365
* 331 6.63390612602 30.30606 30.423 29.8775 30.288
* 332 6.65398097038 30.30606 30.51 29.8775 30.395
* 333 6.67401695251 30.30606 30.41 29.8775 30.317
* 334 6.69409799576 30.30606 30.508 29.8775 30.414
* 335 6.71418595314 30.30606 30.517 29.8775 30.426
* 336 6.73425412178 30.30606 30.505 29.8775 30.427
* 337 6.75432896614 30.30606 30.513 29.8775 30.427
* 338 6.77440309525 30.30606 30.527 29.8775 30.444
* 339 6.79447507858 30.30606 30.422 29.8775 30.344
* 340 6.81454801559 30.30606 30.414 29.8775 30.353
* 341 6.83461713791 30.30606 30.407 29.8775 30.369
* 342 6.85469412804 30.30606 30.403 29.8775 30.37
* 343 6.87477493286 30.30606 30.418 29.8775 30.391
* 344 6.89484214783 30.30606 30.421 29.8775 30.399
* 345 6.91492009163 30.30606 30.352 29.8775 30.322
* 346 6.93499398232 30.30606 30.464 29.8775 30.418
* 347 6.95506310463 30.30606 30.481 29.8775 30.43
* 348 6.97514295578 30.30606 30.493 29.8775 30.432
* 349 6.99520993233 30.30606 30.494 29.8775 30.443
* 350 7.01528811455 30.30606 30.489 29.8775 30.446
* 351 7.03536295891 30.30606 30.491 29.8775 30.446
* 352 7.05542612076 30.30606 30.491 29.8775 30.459
* 353 7.07550215721 30.30606 30.494 29.8775 30.468
* 354 7.09557700157 30.30606 30.407 29.8775 30.379
* 355 7.11564612389 30.30606 30.419 29.8775 30.387
* 356 7.13572597504 30.30606 30.42 29.8775 30.395
* 357 7.15579915047 30.30606 30.411 29.8775 30.409
* 358 7.17586994171 30.30606 30.389 29.8775 30.406
* 359 7.19594812393 30.30606 30.289 29.8775 30.325
* 360 7.21601510048 30.30606 30.356 29.8775 30.429
* 361 7.23608493805 30.30606 30.377 29.8775 30.442
* 362 7.25616192818 30.30606 30.393 29.8775 30.447
* 363 7.27623009682 30.30606 30.427 29.8775 30.46
* 364 7.29631114006 30.30606 30.454 29.8775 30.458
* 365 7.31638598442 30.30606 30.465 29.8775 30.451
* 366 7.33645415306 30.30606 30.483 29.8775 30.464
* 367 7.35653710365 30.30606 30.505 29.8775 30.463
* 368 7.37661600113 30.30606 30.41 29.8775 30.365
* 369 7.39668607712 30.30606 30.429 29.8775 30.378
* 370 7.41676402092 30.30606 30.444 29.8775 30.377
* 371 7.43684101105 30.30606 30.456 29.8775 30.396
* 372 7.45691299438 30.30606 30.482 29.8775 30.401
* 373 7.47698307037 30.30606 30.52 29.8775 30.418
* 374 7.4970510006 30.30606 30.539 29.8775 30.423
* 375 7.51945900917 30.30606 30.562 29.8775 30.412
* 376 7.53953814507 30.30606 30.585 29.8775 30.428
* 377 7.55960893631 30.30606 30.488 29.8775 30.339
* 378 7.57968497276 30.30606 30.509 29.8775 30.342
* 379 7.59976315498 30.30606 30.526 29.8775 30.352
* 380 7.61983394623 30.30606 30.543 29.8775 30.357
* 381 7.63991308212 30.30606 30.555 29.8775 30.376
* 382 7.65998411179 30.30606 30.539 29.8775 30.38
* 383 7.68005800247 30.30606 30.555 29.8775 30.392
* 384 7.70013403893 30.30606 30.552 29.8775 30.396
* 385 7.72020411491 30.30606 30.549 29.8775 30.408
* 386 7.74027204514 30.30606 30.541 29.8775 30.411
* 387 7.76034712791 30.30606 30.527 29.8775 30.41
* 388 7.78041410446 30.30606 30.54 29.8775 30.425
* 389 7.80048704147 30.30606 30.543 29.8775 30.43
* 390 7.82057094574 30.30606 30.449 29.8775 30.333
* 391 7.84063696861 30.30606 30.477 29.8775 30.346
* 392 7.86072492599 30.30606 30.503 29.8775 30.353
* 393 7.88080000877 30.30606 30.519 29.8775 30.371
* 394 7.90087103844 30.30606 30.527 29.8775 30.366
* 395 7.92094802856 30.30606 30.429 29.8775 30.283
* 396 7.9410200119 30.30606 30.521 29.8775 30.385
* 397 7.96109294891 30.30606 30.533 29.8775 30.399
* 398 7.98117113113 30.30606 30.534 29.8775 30.398
* 399 8.00123715401 30.30606 30.565 29.8775 30.408
* 400 8.02131104469 30.30606 30.595 29.8775 30.403
* 401 8.0413839817 30.30606 30.604 29.8775 30.406
* 402 8.06144809723 30.30606 30.592 29.8775 30.415
* 403 8.08152198792 30.30606 30.495 29.8775 30.419
* 404 8.10159707069 30.30606 30.355 29.8775 30.329
* 405 8.12167000771 30.30606 30.354 29.8775 30.344
* 406 8.14174604416 30.30606 30.366 29.8775 30.346
* 407 8.1618180275 30.30606 30.407 29.8775 30.363
* 408 8.1818921566 30.30606 30.432 29.8775 30.368
* 409 8.20197796822 30.30606 30.351 29.8775 30.283
* 410 8.22204709053 30.30606 30.474 29.8775 30.383
* 411 8.24212503433 30.30606 30.509 29.8775 30.392
* 412 8.26220202446 30.30606 30.528 29.8775 30.396
* 413 8.28227996826 30.30606 30.547 29.8775 30.41
* 414 8.30235910416 30.30606 30.551 29.8775 30.405
* 415 8.32243299484 30.30606 30.559 29.8775 30.409
* 416 8.34251213074 30.30606 30.571 29.8775 30.422
* 417 8.3625869751 30.30606 30.563 29.8775 30.424
* 418 8.38265514374 30.30606 30.465 29.8775 30.34
* 419 8.40273499489 30.30606 30.481 29.8775 30.346
* 420 8.42281007767 30.30606 30.492 29.8775 30.348
* 421 8.44287800789 30.30606 30.506 29.8775 30.362
* 422 8.46295309067 30.30606 30.502 29.8775 30.366
* 423 8.48303103447 30.30606 30.515 29.8775 30.383
* 424 8.50309896469 30.30606 30.532 29.8775 30.39
* 425 8.52317500114 30.30606 30.556 29.8775 30.394
* 426 8.54324913025 30.30606 30.573 29.8775 30.399
* 427 8.56332111359 30.30606 30.608 29.8775 30.41
* 428 8.58339905739 30.30606 30.622 29.8775 30.412
* 429 8.6034719944 30.30606 30.64 29.8775 30.413
* 430 8.62354803085 30.30606 30.654 29.8775 30.426
* 431 8.6436290741 30.30606 30.65 29.8775 30.424
* 432 8.66370201111 30.30606 30.572 29.8775 30.34
* 433 8.6837720871 30.30606 30.658 29.8775 30.437
* 434 8.70384907722 30.30606 30.557 29.8775 30.346
* 435 8.72392010689 30.30606 30.576 29.8775 30.36
* 436 8.74399495125 30.30606 30.584 29.8775 30.363
* 437 8.76406812668 30.30606 30.602 29.8775 30.371
* 438 8.7841489315 30.30606 30.585 29.8775 30.376
* 439 8.80422902107 30.30606 30.573 29.8775 30.391
* 440 8.82429504395 30.30606 30.575 29.8775 30.394
* 441 8.8443710804 30.30606 30.579 29.8775 30.394
* 442 8.8644490242 30.30606 30.589 29.8775 30.411
* 443 8.88451814651 30.30606 30.51 29.8775 30.323
* 444 8.90459394455 30.30606 30.52 29.8775 30.329
* 445 8.92466497421 30.30606 30.534 29.8775 30.347
* 446 8.94474101067 30.30606 30.531 29.8775 30.354
* 447 8.96482014656 30.30606 30.535 29.8775 30.371
* 448 8.98488497734 30.30606 30.538 29.8775 30.378
* 449 9.00495815277 30.30606 30.448 29.8775 30.292
* 450 9.02503705025 30.30606 30.532 29.8775 30.392
* 451 9.04511213303 30.30606 30.553 29.8775 30.406
* 452 9.06519007683 30.30606 30.562 29.8775 30.402
* 453 9.08527398109 30.30606 30.577 29.8775 30.418
* 454 9.10534310341 30.30606 30.574 29.8775 30.417
* 455 9.12542009354 30.30606 30.56 29.8775 30.404
* 456 9.14548993111 30.30606 30.565 29.8775 30.415
* 457 9.16556811333 30.30606 30.559 29.8775 30.42
* 458 9.18566513062 30.30606 30.473 29.8775 30.336
* 459 9.205753088 30.30606 30.589 29.8775 30.427
* 460 9.22584700584 30.30606 30.5 29.8775 30.324
* 461 9.24593114853 30.30606 30.509 29.8775 30.333
* 462 9.26600694656 30.30606 30.5 29.8775 30.343
* 463 9.28610301018 30.30606 30.49 29.8775 30.358
* 464 9.30619502068 30.30606 30.473 29.8775 30.367
* 465 9.32629013062 30.30606 30.471 29.8775 30.378
* 466 9.34637308121 30.30606 30.447 29.8775 30.379
* 467 9.36646294594 30.30606 30.451 29.8775 30.378
* 468 9.38655900955 30.30606 30.465 29.8775 30.395
* 469 9.40667700768 30.30606 30.474 29.8775 30.406
* 470 9.42675900459 30.30606 30.391 29.8775 30.314
* 471 9.44686508179 30.30606 30.402 29.8775 30.33
* 472 9.46696710587 30.30606 30.423 29.8775 30.342
* 473 9.48707008362 30.30606 30.46 29.8775 30.361
* 474 9.50717496872 30.30606 30.473 29.8775 30.363
* 475 9.5272500515 30.30606 30.49 29.8775 30.376
* 476 9.54735898972 30.30606 30.5 29.8775 30.383
* 477 9.56752300262 30.30606 30.493 29.8775 30.392
* 478 9.58762907982 30.30606 30.512 29.8775 30.411
* 479 9.60772514343 30.30606 30.408 29.8775 30.321
* 480 9.62786507607 30.30606 30.413 29.8775 30.323
* 481 9.6480050087 30.30606 30.445 29.8775 30.341
* 482 9.66810703278 30.30606 30.453 29.8775 30.346
* 483 9.68823695183 30.30606 30.468 29.8775 30.364
* 484 9.70834708214 30.30606 30.476 29.8775 30.364
* 485 9.72844696045 30.30606 30.469 29.8775 30.376
* 486 9.74854898453 30.30606 30.473 29.8775 30.395
* 487 9.76866006851 30.30606 30.47 29.8775 30.398
* 488 9.7887840271 30.30606 30.361 29.8775 30.313
* 489 9.80890011787 30.30606 30.374 29.8775 30.333
* 490 9.82898497581 30.30606 30.366 29.8775 30.337
* 491 9.84909105301 30.30606 30.369 29.8775 30.36
* 492 9.86921000481 30.30606 30.369 29.8775 30.37
* 493 9.88932704926 30.30606 30.368 29.8775 30.375
* 494 9.90943908691 30.30606 30.4 29.8775 30.395
* 495 9.92955493927 30.30606 30.315 29.8775 30.305
* 496 9.94967198372 30.30606 30.328 29.8775 30.319
* 497 9.96979403496 30.30606 30.355 29.8775 30.339
* 498 9.98990106583 30.30606 30.364 29.8775 30.352
* 499 10.0099959373 30.30606 30.366 29.8775 30.362
* 500 10.0300829411 30.30606 30.322 29.8775 30.368
* 501 10.0501790047 30.30606 30.251 29.8775 30.388
* 502 10.0702600479 30.30606 30.199 29.8775 30.391
* 503 10.0903470516 30.30606 30.184 29.8775 30.399
* 504 10.1104259491 30.30606 30.212 29.8775 30.417
* 505 10.130505085 30.30606 30.244 29.8775 30.422
* 506 10.1505811214 30.30606 30.197 29.8775 30.324
* 507 10.1706559658 30.30606 30.233 29.8775 30.341
* 508 10.1907379627 30.30606 30.286 29.8775 30.346
* 509 10.2108139992 30.30606 30.328 29.8775 30.365
* 510 10.2308831215 30.30606 30.342 29.8775 30.371
* 511 10.250962019 30.30606 30.27 29.8775 30.294
* 512 10.2710361481 30.30606 30.369 29.8775 30.397
* 513 10.2911059856 30.30606 30.387 29.8775 30.414
* 514 10.3111870289 30.30606 30.409 29.8775 30.415
* 515 10.3312580585 30.30606 30.43 29.8775 30.425
* 516 10.351334095 30.30606 30.458 29.8775 30.42
* 517 10.3714139462 30.30606 30.494 29.8775 30.422
* 518 10.3914821148 30.30606 30.52 29.8775 30.432
* 519 10.4115619659 30.30606 30.523 29.8775 30.434
* 520 10.4316401482 30.30606 30.43 29.8775 30.339
* 521 10.4517109394 30.30606 30.461 29.8775 30.357
* 522 10.4717800617 30.30606 30.497 29.8775 30.359
* 523 10.4918551445 30.30606 30.509 29.8775 30.369
* 524 10.5119271278 30.30606 30.533 29.8775 30.375
* 525 10.5320050716 30.30606 30.471 29.8775 30.293
* 526 10.552077055 30.30606 30.58 29.8775 30.397
* 527 10.5721530914 30.30606 30.594 29.8775 30.41
* 528 10.5922310352 30.30606 30.591 29.8775 30.41
* 529 10.6123030186 30.30606 30.602 29.8775 30.423
* 530 10.6323800087 30.30606 30.614 29.8775 30.424
* 531 10.6524560452 30.30606 30.618 29.8775 30.425
* 532 10.6725261211 30.30606 30.653 29.8775 30.438
* 533 10.6925990582 30.30606 30.691 29.8775 30.444
* 534 10.7126710415 30.30606 30.616 29.8775 30.355
* 535 10.7327470779 30.30606 30.645 29.8775 30.355
* 536 10.7528240681 30.30606 30.648 29.8775 30.351
* 537 10.7728910446 30.30606 30.655 29.8775 30.354
* 538 10.7929670811 30.30606 30.661 29.8775 30.353
* 539 10.8130409718 30.30606 30.668 29.8775 30.366
* 540 10.8331079483 30.30606 30.668 29.8775 30.368
* 541 10.8531889915 30.30606 30.694 29.8775 30.384
* 542 10.8732700348 30.30606 30.677 29.8775 30.388
* 543 10.893337965 30.30606 30.668 29.8775 30.403
* 544 10.9134111404 30.30606 30.636 29.8775 30.405
* 545 10.9334890842 30.30606 30.614 29.8775 30.401
* 546 10.9535579681 30.30606 30.62 29.8775 30.414
* 547 10.9736280441 30.30606 30.618 29.8775 30.413
* 548 10.993694067 30.30606 30.533 29.8775 30.331
* 549 11.0137660503 30.30606 30.65 29.8775 30.433
* 550 11.0338380337 30.30606 30.565 29.8775 30.34
* 551 11.0539031029 30.30606 30.593 29.8775 30.352
* 552 11.0739779472 30.30606 30.597 29.8775 30.359
* 553 11.0940499306 30.30606 30.598 29.8775 30.375
* 554 11.1141180992 30.30606 30.6 29.8775 30.38
* 555 11.134196043 30.30606 30.601 29.8775 30.388
* 556 11.15426898 30.30606 30.583 29.8775 30.383
* 557 11.1743400097 30.30606 30.603 29.8775 30.395
* 558 11.1944129467 30.30606 30.608 29.8775 30.391
* 559 11.2144811153 30.30606 30.628 29.8775 30.391
* 560 11.2345559597 30.30606 30.636 29.8775 30.405
* 561 11.2546300888 30.30606 30.646 29.8775 30.409
* 562 11.2746920586 30.30606 30.566 29.8775 30.322
* 563 11.2947640419 30.30606 30.587 29.8775 30.333
* 564 11.3148400784 30.30606 30.584 29.8775 30.337
* 565 11.3349089622 30.30606 30.614 29.8775 30.346
* 566 11.3549859524 30.30606 30.598 29.8775 30.35
* 567 11.3750679493 30.30606 30.612 29.8775 30.37
* 568 11.3951349258 30.30606 30.616 29.8775 30.375
* 569 11.4152131081 30.30606 30.621 29.8775 30.379
* 570 11.4352879524 30.30606 30.613 29.8775 30.376
* 571 11.4553580284 30.30606 30.626 29.8775 30.386
* 572 11.4754309654 30.30606 30.608 29.8775 30.387
* 573 11.4955091476 30.30606 30.601 29.8775 30.382
* 574 11.515583992 30.30606 30.609 29.8775 30.392
* 575 11.5356581211 30.30606 30.589 29.8775 30.394
* 576 11.5557019711 30.30606 30.505 29.8775 30.299
* 577 11.5757751465 30.30606 30.589 29.8775 30.401
* 578 11.5958490372 30.30606 30.489 29.8775 30.31
* 579 11.6159169674 30.30606 30.496 29.8775 30.328
* 580 11.6359689236 30.30606 30.481 29.8775 30.332
* 581 11.6560430527 30.30606 30.482 29.8775 30.35
* 582 11.6761119366 30.30606 30.481 29.8775 30.35
* 583 11.6961820126 30.30606 30.485 29.8775 30.367
* 584 11.7162590027 30.30606 30.474 29.8775 30.374
* 585 11.7363350391 30.30606 30.472 29.8775 30.388
* 586 11.7564070225 30.30606 30.457 29.8775 30.387
* 587 11.7764720917 30.30606 30.477 29.8775 30.393
* 588 11.7965450287 30.30606 30.478 29.8775 30.403
* 589 11.8166251183 30.30606 30.495 29.8775 30.409
* 590 11.8366949558 30.30606 30.404 29.8775 30.314
* 591 11.8567910194 30.30606 30.406 29.8775 30.33
* 592 11.8768670559 30.30606 30.413 29.8775 30.337
* 593 11.8969349861 30.30606 30.425 29.8775 30.357
* 594 11.9170179367 30.30606 30.435 29.8775 30.368
* 595 11.9371089935 30.30606 30.456 29.8775 30.387
* 596 11.9571959972 30.30606 30.462 29.8775 30.389
* 597 11.9772720337 30.30606 30.457 29.8775 30.399
* 598 11.9973449707 30.30606 30.391 29.8775 30.397
* 599 12.0174210072 30.30606 30.32 29.8775 30.4
* 600 12.0375010967 30.30606 30.299 29.8775 30.411
* 601 12.0575749874 30.30606 30.302 29.8775 30.418
* 602 12.0776491165 30.30606 30.232 29.8775 30.332
* 603 12.0977239609 30.30606 30.288 29.8775 30.334
* 604 12.11779809 30.30606 30.31 29.8775 30.342
* 605 12.1378760338 30.30606 30.344 29.8775 30.356
* 606 12.1579461098 30.30606 30.376 29.8775 30.365
* 607 12.1780171394 30.30606 30.391 29.8775 30.381
* 608 12.198102951 30.30606 30.402 29.8775 30.391
* 609 12.2181739807 30.30606 30.428 29.8775 30.405
* 610 12.2382490635 30.30606 30.444 29.8775 30.407
* 611 12.2583241463 30.30606 30.477 29.8775 30.424
* 612 12.2783989906 30.30606 30.48 29.8775 30.428
* 613 12.2984750271 30.30606 30.477 29.8775 30.429
* 614 12.3185429573 30.30606 30.494 29.8775 30.447
* 615 12.3386240005 30.30606 30.51 29.8775 30.452
* 616 12.3586990833 30.30606 30.438 29.8775 30.366
* 617 12.3787670135 30.30606 30.539 29.8775 30.462
* 618 12.3988440037 30.30606 30.434 29.8775 30.369
* 619 12.4189169407 30.30606 30.449 29.8775 30.385
* 620 12.4389879704 30.30606 30.45 29.8775 30.388
* 621 12.4590671062 30.30606 30.46 29.8775 30.396
* 622 12.4791409969 30.30606 30.471 29.8775 30.399
* 623 12.4992160797 30.30606 30.489 29.8775 30.413
* 624 12.5192980766 30.30606 30.483 29.8775 30.417
* 625 12.5393631458 30.30606 30.483 29.8775 30.429
* 626 12.5594410896 30.30606 30.464 29.8775 30.431
* 627 12.579515934 30.30606 30.458 29.8775 30.424
* 628 12.5995841026 30.30606 30.472 29.8775 30.441
* 629 12.619658947 30.30606 30.46 29.8775 30.443
* 630 12.639742136 30.30606 30.364 29.8775 30.349
* 631 12.6598119736 30.30606 30.371 29.8775 30.367
* 632 12.6798861027 30.30606 30.352 29.8775 30.376
* 633 12.699958086 30.30606 30.349 29.8775 30.395
* 634 12.7200319767 30.30606 30.307 29.8775 30.404
* 635 12.7401111126 30.30606 30.301 29.8775 30.423
* 636 12.7601830959 30.30606 30.306 29.8775 30.43
* 637 12.7802560329 30.30606 30.322 29.8775 30.446
* 638 12.8003251553 30.30606 30.333 29.8775 30.446
* 639 12.8203940392 30.30606 30.363 29.8775 30.452
* 640 12.840471983 30.30606 30.376 29.8775 30.463
* 641 12.8605480194 30.30606 30.395 29.8775 30.47
* 642 12.8806290627 30.30606 30.308 29.8775 30.374
* 643 12.9007060528 30.30606 30.332 29.8775 30.38
* 644 12.9207761288 30.30606 30.365 29.8775 30.389
* 645 12.9408519268 30.30606 30.391 29.8775 30.405
* 646 12.9609320164 30.30606 30.408 29.8775 30.414
* 647 12.9809999466 30.30606 30.354 29.8775 30.331
* 648 13.0010809898 30.30606 30.481 29.8775 30.43
* 649 13.0211610794 30.30606 30.526 29.8775 30.441
* 650 13.0412261486 30.30606 30.538 29.8775 30.439
* 651 13.0612990856 30.30606 30.549 29.8775 30.448
* 652 13.0813751221 30.30606 30.55 29.8775 30.449
* 653 13.1014449596 30.30606 30.534 29.8775 30.441
* 654 13.1215209961 30.30606 30.555 29.8775 30.454
* 655 13.1415910721 30.30606 30.57 29.8775 30.451
* 656 13.1616699696 30.30606 30.483 29.8775 30.356
* 657 13.1817481518 30.30606 30.514 29.8775 30.366
* 658 13.201818943 30.30606 30.528 29.8775 30.371
* 659 13.2218980789 30.30606 30.533 29.8775 30.385
* 660 13.2419729233 30.30606 30.54 29.8775 30.39
* 661 13.2620429993 30.30606 30.539 29.8775 30.402
* 662 13.2821199894 30.30606 30.534 29.8775 30.405
* 663 13.3021860123 30.30606 30.558 29.8775 30.417
* 664 13.3222689629 30.30606 30.56 29.8775 30.411
* 665 13.3423399925 30.30606 30.582 29.8775 30.426
* 666 13.3624091148 30.30606 30.592 29.8775 30.429
* 667 13.382488966 30.30606 30.591 29.8775 30.427
* 668 13.4025640488 30.30606 30.611 29.8775 30.435
* 669 13.4226329327 30.30606 30.624 29.8775 30.434
* 670 13.4427130222 30.30606 30.534 29.8775 30.347
* 671 13.4628069401 30.30606 30.622 29.8775 30.444
* 672 13.4828770161 30.30606 30.527 29.8775 30.36
* 673 13.5029499531 30.30606 30.619 29.8775 30.459
* 674 13.5230269432 30.30606 30.539 29.8775 30.371
* 675 13.5431029797 30.30606 30.634 29.8775 30.459
* 676 13.5631799698 30.30606 30.66 29.8775 30.473
* 677 13.5832469463 30.30606 30.678 29.8775 30.465
* 678 13.6033229828 30.30606 30.678 29.8775 30.468
* 679 13.6233999729 30.30606 30.676 29.8775 30.466
* 680 13.6434690952 30.30606 30.665 29.8775 30.46
* 681 13.6635451317 30.30606 30.678 29.8775 30.469
* 682 13.6836240292 30.30606 30.674 29.8775 30.469
* 683 13.7036969662 30.30606 30.588 29.8775 30.384
* 684 13.7237730026 30.30606 30.685 29.8775 30.476
* 685 13.7438471317 30.30606 30.6 29.8775 30.382
* 686 13.763915062 30.30606 30.603 29.8775 30.39
* 687 13.7839901447 30.30606 30.595 29.8775 30.394
* 688 13.8040590286 30.30606 30.594 29.8775 30.4
* 689 13.8241391182 30.30606 30.578 29.8775 30.394
* 690 13.844201088 30.30606 30.583 29.8775 30.406
* 691 13.8642709255 30.30606 30.569 29.8775 30.404
* 692 13.8843481541 30.30606 30.578 29.8775 30.413
* 693 13.9044289589 30.30606 30.582 29.8775 30.416
* 694 13.9244971275 30.30606 30.572 29.8775 30.414
* 695 13.944589138 30.30606 30.57 29.8775 30.421
* 696 13.9646661282 30.30606 30.486 29.8775 30.424
* 697 13.9847359657 30.30606 30.332 29.8775 30.333
* 698 14.0048120022 30.30606 30.306 29.8775 30.35
* 699 14.0248820782 30.30606 30.311 29.8775 30.346
* 700 14.0449581146 30.30606 30.345 29.8775 30.363
* 701 14.0650320053 30.30606 30.397 29.8775 30.372
* 702 14.0851061344 30.30606 30.422 29.8775 30.389
* 703 14.1051850319 30.30606 30.462 29.8775 30.387
* 704 14.1252670288 30.30606 30.5 29.8775 30.402
* 705 14.1453371048 30.30606 30.53 29.8775 30.404
* 706 14.1654109955 30.30606 30.547 29.8775 30.407
* 707 14.1854870319 30.30606 30.565 29.8775 30.41
* 708 14.2056651115 30.30606 30.577 29.8775 30.412
* 709 14.225782156 30.30606 30.492 29.8775 30.32
* 710 14.2458910942 30.30606 30.513 29.8775 30.336
* 711 14.2659931183 30.30606 30.518 29.8775 30.345
* 712 14.2861111164 30.30606 30.542 29.8775 30.362
* 713 14.3062081337 30.30606 30.545 29.8775 30.368
* 714 14.3263289928 30.30606 30.563 29.8775 30.373
* 715 14.3464241028 30.30606 30.552 29.8775 30.374
* 716 14.3665449619 30.30606 30.547 29.8775 30.375
* 717 14.3866779804 30.30606 30.57 29.8775 30.392
* 718 14.4068069458 30.30606 30.579 29.8775 30.399
* 719 14.4269380569 30.30606 30.487 29.8775 30.31
* 720 14.4470541477 30.30606 30.508 29.8775 30.32
* 721 14.4671709538 30.30606 30.511 29.8775 30.318
* 722 14.4873120785 30.30606 30.528 29.8775 30.339
* 723 14.5074589252 30.30606 30.526 29.8775 30.347
* 724 14.5275650024 30.30606 30.52 29.8775 30.353
* 725 14.5476560593 30.30606 30.53 29.8775 30.366
* 726 14.5677771568 30.30606 30.543 29.8775 30.377
* 727 14.5878829956 30.30606 30.462 29.8775 30.299
* 728 14.6079859734 30.30606 30.58 29.8775 30.404
* 729 14.6281149387 30.30606 30.501 29.8775 30.319
* 730 14.6482310295 30.30606 30.589 29.8775 30.419
* 731 14.6683549881 30.30606 30.588 29.8775 30.427
* 732 14.6884810925 30.30606 30.57 29.8775 30.425
* 733 14.7086501122 30.30606 30.564 29.8775 30.42
* 734 14.7287621498 30.30606 30.587 29.8775 30.43
* 735 14.7488861084 30.30606 30.58 29.8775 30.43
* 736 14.7690000534 30.30606 30.502 29.8775 30.343
* 737 14.7891161442 30.30606 30.606 29.8775 30.442
* 738 14.8092341423 30.30606 30.606 29.8775 30.45
* 739 14.8293571472 30.30606 30.59 29.8775 30.447
* 740 14.8494620323 30.30606 30.564 29.8775 30.446
* 741 14.8696429729 30.30606 30.54 29.8775 30.455
* 742 14.8897800446 30.30606 30.434 29.8775 30.367
* 743 14.909897089 30.30606 30.423 29.8775 30.368
* 744 14.929997921 30.30606 30.439 29.8775 30.377
* 745 14.9501099586 30.30606 30.456 29.8775 30.382
* 746 14.9702301025 30.30606 30.471 29.8775 30.4
* 747 14.9903600216 30.30606 30.467 29.8775 30.404
* 748 15.0104291439 30.30606 30.456 29.8775 30.409
* 749 15.0305390358 30.30606 30.468 29.8775 30.422
* 750 15.0506439209 30.30606 30.479 29.8775 30.432
* 751 15.0707719326 30.30606 30.38 29.8775 30.338
* 752 15.0909020901 30.30606 30.407 29.8775 30.357
* 753 15.1110219955 30.30606 30.421 29.8775 30.359
* 754 15.1311371326 30.30606 30.432 29.8775 30.379
* 755 15.1512601376 30.30606 30.444 29.8775 30.388
* 756 15.1713850498 30.30606 30.436 29.8775 30.393
* 757 15.1914989948 30.30606 30.453 29.8775 30.409
* 758 15.211607933 30.30606 30.362 29.8775 30.319
* 759 15.2317709923 30.30606 30.368 29.8775 30.324
* 760 15.2519080639 30.30606 30.38 29.8775 30.343
* 761 15.272028923 30.30606 30.402 29.8775 30.351
* 762 15.2921450138 30.30606 30.413 29.8775 30.373
* 763 15.3122429848 30.30606 30.431 29.8775 30.378
* 764 15.3323850632 30.30606 30.436 29.8775 30.384
* 765 15.3524971008 30.30606 30.464 29.8775 30.398
* 766 15.3726201057 30.30606 30.389 29.8775 30.311
* 767 15.3927509785 30.30606 30.402 29.8775 30.317
* 768 15.4128689766 30.30606 30.413 29.8775 30.335
* 769 15.4329781532 30.30606 30.441 29.8775 30.342
* 770 15.4530940056 30.30606 30.467 29.8775 30.36
* 771 15.4732010365 30.30606 30.492 29.8775 30.367
* 772 15.4933071136 30.30606 30.518 29.8775 30.387
* 773 15.5134420395 30.30606 30.517 29.8775 30.39
* 774 15.5335919857 30.30606 30.53 29.8775 30.396
* 775 15.553686142 30.30606 30.54 29.8775 30.414
* 776 15.5738110542 30.30606 30.528 29.8775 30.424
* 777 15.5939600468 30.30606 30.427 29.8775 30.339
* 778 15.6140699387 30.30606 30.436 29.8775 30.358
* 779 15.6341609955 30.30606 30.443 29.8775 30.364
* 780 15.654282093 30.30606 30.455 29.8775 30.382
* 781 15.6743929386 30.30606 30.455 29.8775 30.379
* 782 15.6945030689 30.30606 30.464 29.8775 30.381
* 783 15.7146151066 30.30606 30.489 29.8775 30.39
* 784 15.7347130775 30.30606 30.492 29.8775 30.399
* 785 15.7548730373 30.30606 30.407 29.8775 30.312
* 786 15.7750210762 30.30606 30.407 29.8775 30.332
* 787 15.7951109409 30.30606 30.4 29.8775 30.34
* 788 15.8152270317 30.30606 30.415 29.8775 30.359
* 789 15.8353660107 30.30606 30.402 29.8775 30.364
* 790 15.855479002 30.30606 30.409 29.8775 30.367
* 791 15.8755869865 30.30606 30.44 29.8775 30.379
* 792 15.8957121372 30.30606 30.443 29.8775 30.389
* 793 15.9158279896 30.30606 30.336 29.8775 30.303
* 794 15.9359071255 30.30606 30.261 29.8775 30.319
* 795 15.9560511112 30.30606 30.217 29.8775 30.328
* 796 15.9761710167 30.30606 30.203 29.8775 30.337
* 797 15.9962899685 30.30606 30.217 29.8775 30.346
* 798 16.0164361 30.30606 30.26 29.8775 30.351
* 799 16.036536932 30.30606 30.324 29.8775 30.366
* 800 16.0566620827 30.30606 30.246 29.8775 30.279
* 801 16.0767700672 30.30606 30.284 29.8775 30.286
* 802 16.0968821049 30.30606 30.329 29.8775 30.299
* 803 16.1169819832 30.30606 30.374 29.8775 30.305
* 804 16.1370770931 30.30606 30.419 29.8775 30.325
* 805 16.1571810246 30.30606 30.441 29.8775 30.331
* 806 16.17730093 30.30606 30.485 29.8775 30.351
* 807 16.1974110603 30.30606 30.525 29.8775 30.354
* 808 16.2175121307 30.30606 30.551 29.8775 30.351
* 809 16.237662077 30.30606 30.59 29.8775 30.369
* 810 16.2577819824 30.30606 30.634 29.8775 30.377
* 811 16.2778861523 30.30606 30.571 29.8775 30.298
* 812 16.2979850769 30.30606 30.693 29.8775 30.398
* 813 16.3180949688 30.30606 30.601 29.8775 30.316
* 814 16.3382511139 30.30606 30.689 29.8775 30.411
* 815 16.3583631516 30.30606 30.702 29.8775 30.419
* 816 16.3784780502 30.30606 30.688 29.8775 30.411
* 817 16.3985860348 30.30606 30.679 29.8775 30.401
* 818 16.418708086 30.30606 30.696 29.8775 30.414
* 819 16.4388010502 30.30606 30.689 29.8775 30.421
* 820 16.4589059353 30.30606 30.602 29.8775 30.339
* 821 16.4790050983 30.30606 30.685 29.8775 30.435
* 822 16.4991130829 30.30606 30.582 29.8775 30.348
* 823 16.5192410946 30.30606 30.679 29.8775 30.447
* 824 16.5393519402 30.30606 30.69 29.8775 30.458
* 825 16.5594410896 30.30606 30.691 29.8775 30.452
* 826 16.5795469284 30.30606 30.71 29.8775 30.452
* 827 16.5996770859 30.30606 30.721 29.8775 30.464
* 828 16.6197941303 30.30606 30.718 29.8775 30.467
* 829 16.6398949623 30.30606 30.603 29.8775 30.371
* 830 16.6600029469 30.30606 30.594 29.8775 30.384
* 831 16.6801190376 30.30606 30.596 29.8775 30.386
* 832 16.7002120018 30.30606 30.613 29.8775 30.401
* 833 16.72032094 30.30606 30.606 29.8775 30.405
* 834 16.7404370308 30.30606 30.621 29.8775 30.401
* 835 16.7605519295 30.30606 30.637 29.8775 30.415
* 836 16.7806510925 30.30606 30.649 29.8775 30.413
* 837 16.8008100986 30.30606 30.545 29.8775 30.315
* 838 16.820898056 30.30606 30.542 29.8775 30.33
* 839 16.8410220146 30.30606 30.547 29.8775 30.34
* 840 16.8611280918 30.30606 30.568 29.8775 30.357
* 841 16.8812289238 30.30606 30.555 29.8775 30.357
* 842 16.9013440609 30.30606 30.575 29.8775 30.367
* 843 16.9214520454 30.30606 30.574 29.8775 30.371
* 844 16.9415569305 30.30606 30.584 29.8775 30.374
* 845 16.9616849422 30.30606 30.586 29.8775 30.387
* 846 16.981801033 30.30606 30.569 29.8775 30.391
* 847 17.0019109249 30.30606 30.463 29.8775 30.296
* 848 17.022010088 30.30606 30.463 29.8775 30.315
* 849 17.0421450138 30.30606 30.461 29.8775 30.318
* 850 17.0622580051 30.30606 30.491 29.8775 30.334
* 851 17.082351923 30.30606 30.501 29.8775 30.341
* 852 17.1024589539 30.30606 30.512 29.8775 30.346
* 853 17.1225979328 30.30606 30.526 29.8775 30.362
* 854 17.1426811218 30.30606 30.423 29.8775 30.273
* 855 17.1627819538 30.30606 30.429 29.8775 30.276
* 856 17.1828780174 30.30606 30.43 29.8775 30.29
* 857 17.2029910088 30.30606 30.434 29.8775 30.295
* 858 17.2231149673 30.30606 30.464 29.8775 30.305
* 859 17.2432601452 30.30606 30.47 29.8775 30.317
* 860 17.2633810043 30.30606 30.486 29.8775 30.334
* 861 17.2834889889 30.30606 30.503 29.8775 30.339
* 862 17.3036060333 30.30606 30.51 29.8775 30.339
* 863 17.3237171173 30.30606 30.529 29.8775 30.356
* 864 17.3438301086 30.30606 30.543 29.8775 30.362
* 865 17.3639540672 30.30606 30.453 29.8775 30.282
* 866 17.3840539455 30.30606 30.557 29.8775 30.385
* 867 17.4041390419 30.30606 30.472 29.8775 30.307
* 868 17.4242379665 30.30606 30.559 29.8775 30.403
* 869 17.4443869591 30.30606 30.566 29.8775 30.409
* 870 17.4645030499 30.30606 30.568 29.8775 30.426
* 871 17.4846169949 30.30606 30.465 29.8775 30.337
* 872 17.504776001 30.30606 30.474 29.8775 30.341
* 873 17.5248839855 30.30606 30.476 29.8775 30.354
* 874 17.5449869633 30.30606 30.472 29.8775 30.353
* 875 17.5650920868 30.30606 30.48 29.8775 30.369
* 876 17.5852069855 30.30606 30.467 29.8775 30.375
* 877 17.6053199768 30.30606 30.485 29.8775 30.389
* 878 17.6254351139 30.30606 30.477 29.8775 30.387
* 879 17.6456069946 30.30606 30.478 29.8775 30.389
* 880 17.6657180786 30.30606 30.495 29.8775 30.402
* 881 17.6858329773 30.30606 30.494 29.8775 30.41
* 882 17.7059519291 30.30606 30.398 29.8775 30.331
* 883 17.7260661125 30.30606 30.486 29.8775 30.432
* 884 17.7461669445 30.30606 30.385 29.8775 30.351
* 885 17.7663199902 30.30606 30.483 29.8775 30.451
* 886 17.786386013 30.30606 30.488 29.8775 30.453
* 887 17.8064689636 30.30606 30.482 29.8775 30.45
* 888 17.8265490532 30.30606 30.5 29.8775 30.448
* 889 17.8466119766 30.30606 30.518 29.8775 30.457
* 890 17.8666861057 30.30606 30.517 29.8775 30.457
* 891 17.8867580891 30.30606 30.356 29.8775 30.356
* 892 17.9068360329 30.30606 30.293 29.8775 30.372
* 893 17.9269180298 30.30606 30.266 29.8775 30.379
* 894 17.9470059872 30.30606 30.27 29.8775 30.392
* 895 17.9671239853 30.30606 30.285 29.8775 30.401
* 896 17.987226963 30.30606 30.324 29.8775 30.412
* 897 18.0073349476 30.30606 30.342 29.8775 30.412
* 898 18.0274779797 30.30606 30.361 29.8775 30.419
* 899 18.0475871563 30.30606 30.4 29.8775 30.432
* 900 18.0676929951 30.30606 30.324 29.8775 30.345
* 901 18.0878329277 30.30606 30.358 29.8775 30.35
* 902 18.1079170704 30.30606 30.389 29.8775 30.368
* 903 18.1280300617 30.30606 30.402 29.8775 30.376
* 904 18.1481389999 30.30606 30.417 29.8775 30.392
* 905 18.168254137 30.30606 30.402 29.8775 30.399
* 906 18.1884100437 30.30606 30.375 29.8775 30.409
* 907 18.208532095 30.30606 30.376 29.8775 30.423
* 908 18.2286410332 30.30606 30.28 29.8775 30.331
* 909 18.2487931252 30.30606 30.27 29.8775 30.336
* 910 18.2689070702 30.30606 30.257 29.8775 30.355
* 911 18.2890219688 30.30606 30.237 29.8775 30.364
* 912 18.3091580868 30.30606 30.26 29.8775 30.378
* 913 18.3292610645 30.30606 30.288 29.8775 30.381
* 914 18.3493590355 30.30606 30.309 29.8775 30.4
* 915 18.3694601059 30.30606 30.326 29.8775 30.402
* 916 18.3895730972 30.30606 30.344 29.8775 30.409
* 917 18.4096989632 30.30606 30.363 29.8775 30.426
* 918 18.4298250675 30.30606 30.38 29.8775 30.436
* 919 18.4499549866 30.30606 30.284 29.8775 30.346
* 920 18.4700660706 30.30606 30.294 29.8775 30.36
* 921 18.4901800156 30.30606 30.32 29.8775 30.366
* 922 18.5102901459 30.30606 30.351 29.8775 30.38
* 923 18.5304040909 30.30606 30.379 29.8775 30.383
* 924 18.5505390167 30.30606 30.424 29.8775 30.389
* 925 18.5706501007 30.30606 30.453 29.8775 30.404
* 926 18.5907700062 30.30606 30.472 29.8775 30.414
* 927 18.6108269691 30.30606 30.385 29.8775 30.331
* 928 18.6309540272 30.30606 30.483 29.8775 30.434
* 929 18.6510660648 30.30606 30.417 29.8775 30.349
* 930 18.6711850166 30.30606 30.524 29.8775 30.445
* 931 18.6913311481 30.30606 30.543 29.8775 30.454
* 932 18.7114441395 30.30606 30.561 29.8775 30.45
* 933 18.7315580845 30.30606 30.574 29.8775 30.448
* 934 18.7516739368 30.30606 30.598 29.8775 30.463
* 935 18.7718000412 30.30606 30.593 29.8775 30.459
* 936 18.7919239998 30.30606 30.48 29.8775 30.362
* 937 18.8120360374 30.30606 30.485 29.8775 30.375
* 938 18.8321590424 30.30606 30.473 29.8775 30.378
* 939 18.8523061275 30.30606 30.484 29.8775 30.385
* 940 18.8724009991 30.30606 30.508 29.8775 30.382
* 941 18.8925170898 30.30606 30.533 29.8775 30.386
* 942 18.9126360416 30.30606 30.565 29.8775 30.393
* 943 18.9327969551 30.30606 30.567 29.8775 30.396
* 944 18.9529190063 30.30606 30.487 29.8775 30.307
* 945 18.9730210304 30.30606 30.568 29.8775 30.407
* 946 18.9931330681 30.30606 30.462 29.8775 30.322
* 947 19.013299942 30.30606 30.541 29.8775 30.415
* 948 19.0334529877 30.30606 30.541 29.8775 30.419
* 949 19.0535669327 30.30606 30.462 29.8775 30.337
* 950 19.0736939907 30.30606 30.478 29.8775 30.341
* 951 19.0938241482 30.30606 30.488 29.8775 30.346
* 952 19.1139481068 30.30606 30.499 29.8775 30.351
* 953 19.1340539455 30.30606 30.507 29.8775 30.355
* 954 19.1541831493 30.30606 30.43 29.8775 30.277
* 955 19.1742880344 30.30606 30.528 29.8775 30.377
* 956 19.1944351196 30.30606 30.554 29.8775 30.383
* 957 19.214525938 30.30606 30.569 29.8775 30.391
* 958 19.2346279621 30.30606 30.487 29.8775 30.292
* 959 19.2547240257 30.30606 30.501 29.8775 30.296
* 960 19.274805069 30.30606 30.52 29.8775 30.316
* 961 19.2948961258 30.30606 30.535 29.8775 30.322
* 962 19.3149809837 30.30606 30.559 29.8775 30.342
* 963 19.335062027 30.30606 30.551 29.8775 30.346
* 964 19.3551499844 30.30606 30.558 29.8775 30.364
* 965 19.3752241135 30.30606 30.553 29.8775 30.361
* 966 19.3952980042 30.30606 30.559 29.8775 30.371
* 967 19.4153709412 30.30606 30.552 29.8775 30.371
* 968 19.4354479313 30.30606 30.541 29.8775 30.374
* 969 19.455518961 30.30606 30.566 29.8775 30.389
* 970 19.4755909443 30.30606 30.594 29.8775 30.394
* 971 19.4956650734 30.30606 30.501 29.8775 30.308
* 972 19.5157389641 30.30606 30.517 29.8775 30.32
* 973 19.5358080864 30.30606 30.517 29.8775 30.32
* 974 19.5558869839 30.30606 30.52 29.8775 30.334
* 975 19.575963974 30.30606 30.527 29.8775 30.342
* 976 19.5960481167 30.30606 30.454 29.8775 30.259
* 977 19.6161220074 30.30606 30.572 29.8775 30.355
* 978 19.6361911297 30.30606 30.608 29.8775 30.369
* 979 19.6562700272 30.30606 30.605 29.8775 30.374
* 980 19.676347971 30.30606 30.622 29.8775 30.383
* 981 19.6964230537 30.30606 30.621 29.8775 30.384
* 982 19.7164969444 30.30606 30.611 29.8775 30.384
* 983 19.7365760803 30.30606 30.626 29.8775 30.399
* 984 19.7566449642 30.30606 30.615 29.8775 30.407
* 985 19.7767379284 30.30606 30.518 29.8775 30.314
* 986 19.7968139648 30.30606 30.535 29.8775 30.332
* 987 19.8168830872 30.30606 30.524 29.8775 30.34
* 988 19.8369550705 30.30606 30.522 29.8775 30.357
* 989 19.8570270538 30.30606 30.427 29.8775 30.36
* 990 19.8771030903 30.30606 30.36 29.8775 30.377
* 991 19.8971879482 30.30606 30.31 29.8775 30.377
* 992 19.9172561169 30.30606 30.315 29.8775 30.39
* 993 19.937335968 30.30606 30.321 29.8775 30.394
* 994 19.9574141502 30.30606 30.371 29.8775 30.406
* 995 19.9774839878 30.30606 30.39 29.8775 30.41
* 996 19.9975669384 30.30606 30.423 29.8775 30.405
* 997 20.0176589489 30.30606 30.466 29.8775 30.416
* 998 20.0377430916 30.30606 30.495 29.8775 30.423
* 999 20.0578241348 30.30606 30.424 29.8775 30.341
* 1000 20.0778930187 30.30606 30.524 29.8775 30.439
