*** Ensaio para Levantamento das Plantas dos Motores ***

* Parâmetros *

- Número do Ensaio: 3
- Frequência de Amostragem: 50.0 Hz
- Número de Amostras: 1000
- Velocidade de Referência Direita: 0.5 
- Velocidade de Referência Esquerda: 0.5 

# 1 0.0 15.15303 1.526 14.93875 1.354
# 2 0.0201308727264 15.15303 2.387 14.93875 2.177
# 3 0.0402569770813 15.15303 3.164 14.93875 2.925
# 4 0.0603837966919 15.15303 3.95 14.93875 3.703
# 5 0.0805058479309 15.15303 4.594 14.93875 4.369
# 6 0.100633859634 15.15303 5.25 14.93875 5.058
# 7 0.120759010315 15.15303 5.886 14.93875 5.704
# 8 0.140880823135 15.15303 6.435 14.93875 6.258
# 9 0.161003828049 15.15303 6.964 14.93875 6.786
# 10 0.181134939194 15.15303 7.512 14.93875 7.325
# 11 0.201259851456 15.15303 7.986 14.93875 7.788
# 12 0.221391916275 15.15303 8.481 14.93875 8.269
# 13 0.241514921188 15.15303 8.911 14.93875 8.682
# 14 0.261641979218 15.15303 9.346 14.93875 9.107
# 15 0.281769990921 15.15303 9.745 14.93875 9.503
# 16 0.301898002625 15.15303 10.073 14.93875 9.842
# 17 0.322026968002 15.15303 10.35 14.93875 10.144
# 18 0.342209815979 15.15303 10.641 14.93875 10.471
# 19 0.362331867218 15.15303 10.886 14.93875 10.75
# 20 0.382510900497 15.15303 11.123 14.93875 11.035
# 21 0.402633905411 15.15303 11.329 14.93875 11.283
# 22 0.422760009766 15.15303 11.549 14.93875 11.537
# 23 0.442958831787 15.15303 11.766 14.93875 11.775
# 24 0.463241815567 15.15303 11.968 14.93875 11.982
# 25 0.483419895172 15.15303 12.169 14.93875 12.193
# 26 0.503577947617 15.15303 12.286 14.93875 12.328
# 27 0.52373290062 15.15303 12.498 14.93875 12.561
# 28 0.544044971466 15.15303 12.662 14.93875 12.734
# 29 0.564167976379 15.15303 12.81 14.93875 12.887
# 30 0.584290981293 15.15303 12.945 14.93875 13.042
# 31 0.60458779335 15.15303 13.001 14.93875 13.128
# 32 0.624718904495 15.15303 13.13 14.93875 13.307
# 33 0.644843816757 15.15303 13.2 14.93875 13.43
# 34 0.665129899979 15.15303 13.274 14.93875 13.542
# 35 0.685472011566 15.15303 13.357 14.93875 13.653
# 36 0.705770969391 15.15303 13.396 14.93875 13.704
# 37 0.725900888443 15.15303 13.481 14.93875 13.803
# 38 0.746028900146 15.15303 13.563 14.93875 13.891
# 39 0.76615190506 15.15303 13.654 14.93875 13.981
# 40 0.786440849304 15.15303 13.747 14.93875 14.061
# 41 0.806804895401 15.15303 13.835 14.93875 14.14
# 42 0.827102899551 15.15303 13.907 14.93875 14.212
# 43 0.847469806671 15.15303 13.964 14.93875 14.279
# 44 0.867779970169 15.15303 14.013 14.93875 14.341
# 45 0.888090848923 15.15303 14.057 14.93875 14.4
# 46 0.908386945724 15.15303 14.103 14.93875 14.458
# 47 0.928624868393 15.15303 14.136 14.93875 14.511
# 48 0.948938846588 15.15303 14.156 14.93875 14.56
# 49 0.969254016876 15.15303 14.168 14.93875 14.606
# 50 0.989380836487 15.15303 14.186 14.93875 14.651
# 51 1.00967097282 15.15303 14.218 14.93875 14.693
# 52 1.02979183197 15.15303 14.214 14.93875 14.685
# 53 1.0500869751 15.15303 14.26 14.93875 14.723
# 54 1.07039999962 15.15303 14.301 14.93875 14.759
# 55 1.0908138752 15.15303 14.347 14.93875 14.795
# 56 1.11113286018 15.15303 14.401 14.93875 14.829
# 57 1.13141179085 15.15303 14.442 14.93875 14.862
# 58 1.15170693398 15.15303 14.417 14.93875 14.844
# 59 1.17182779312 15.15303 14.419 14.93875 14.872
# 60 1.19195580482 15.15303 14.412 14.93875 14.898
# 61 1.21208286285 15.15303 14.4 14.93875 14.924
# 62 1.23220682144 15.15303 14.4 14.93875 14.949
# 63 1.25234699249 15.15303 14.408 14.93875 14.971
# 64 1.27247190475 15.15303 14.422 14.93875 14.994
# 65 1.29259681702 15.15303 14.437 14.93875 15.011
# 66 1.31272101402 15.15303 14.461 14.93875 15.027
# 67 1.33286094666 15.15303 14.493 14.93875 15.048
# 68 1.35299181938 15.15303 14.48 14.93875 15.016
# 69 1.37312793732 15.15303 14.521 14.93875 15.033
# 70 1.39336180687 15.15303 14.55 14.93875 15.052
# 71 1.41363382339 15.15303 14.554 14.93875 15.066
# 72 1.43396401405 15.15303 14.543 14.93875 15.081
# 73 1.45423197746 15.15303 14.492 14.93875 15.051
# 74 1.47449994087 15.15303 14.532 14.93875 15.109
# 75 1.49476885796 15.15303 14.516 14.93875 15.12
# 76 1.51490283012 15.15303 14.462 14.93875 15.085
# 77 1.5351369381 15.15303 14.448 14.93875 15.095
# 78 1.55527591705 15.15303 14.451 14.93875 15.107
# 79 1.57560396194 15.15303 14.471 14.93875 15.12
# 80 1.59574389458 15.15303 14.499 14.93875 15.13
# 81 1.61600494385 15.15303 14.532 14.93875 15.141
# 82 1.63624000549 15.15303 14.566 14.93875 15.157
# 83 1.65650987625 15.15303 14.605 14.93875 15.168
# 84 1.67674398422 15.15303 14.64 14.93875 15.18
# 85 1.69701099396 15.15303 14.619 14.93875 15.144
# 86 1.7172729969 15.15303 14.634 14.93875 15.154
# 87 1.73753786087 15.15303 14.632 14.93875 15.16
# 88 1.75780797005 15.15303 14.617 14.93875 15.165
# 89 1.77794599533 15.15303 14.611 14.93875 15.178
# 90 1.79821395874 15.15303 14.608 14.93875 15.184
# 91 1.81848502159 15.15303 14.579 14.93875 15.149
# 92 1.83862495422 15.15303 14.645 14.93875 15.2
# 93 1.85888695717 15.15303 14.662 14.93875 15.208
# 94 1.87915802002 15.15303 14.685 14.93875 15.219
# 95 1.89942884445 15.15303 14.703 14.93875 15.227
# 96 1.9196639061 15.15303 14.678 14.93875 15.19
# 97 1.9398059845 15.15303 14.73 14.93875 15.24
# 98 1.96003985405 15.15303 14.713 14.93875 15.241
# 99 1.98030996323 15.15303 14.685 14.93875 15.247
# 100 2.00044798851 15.15303 14.647 14.93875 15.25
# 101 2.02071785927 15.15303 14.618 14.93875 15.252
# 102 2.04085493088 15.15303 14.568 14.93875 15.212
# 103 2.06099796295 15.15303 14.571 14.93875 15.214
# 104 2.08113789558 15.15303 14.573 14.93875 15.216
# 105 2.10141682625 15.15303 14.583 14.93875 15.225
# 106 2.12178683281 15.15303 14.595 14.93875 15.229
# 107 2.14205884933 15.15303 14.623 14.93875 15.234
# 108 2.16232585907 15.15303 14.657 14.93875 15.243
# 109 2.18258881569 15.15303 14.688 14.93875 15.247
# 110 2.20282292366 15.15303 14.722 14.93875 15.251
# 111 2.22305488586 15.15303 14.7 14.93875 15.21
# 112 2.24337887764 15.15303 14.751 14.93875 15.263
# 113 2.26361298561 15.15303 14.704 14.93875 15.22
# 114 2.28375387192 15.15303 14.69 14.93875 15.221
# 115 2.30398488045 15.15303 14.668 14.93875 15.228
# 116 2.32430696487 15.15303 14.635 14.93875 15.231
# 117 2.34453892708 15.15303 14.61 14.93875 15.24
# 118 2.36477184296 15.15303 14.603 14.93875 15.241
# 119 2.38515901566 15.15303 14.619 14.93875 15.244
# 120 2.40543889999 15.15303 14.648 14.93875 15.253
# 121 2.42567181587 15.15303 14.677 14.93875 15.255
# 122 2.44580483437 15.15303 14.701 14.93875 15.26
# 123 2.46603798866 15.15303 14.731 14.93875 15.268
# 124 2.48629879951 15.15303 14.763 14.93875 15.271
# 125 2.50653100014 15.15303 14.738 14.93875 15.225
# 126 2.52685785294 15.15303 14.732 14.93875 15.228
# 127 2.54708790779 15.15303 14.721 14.93875 15.235
# 128 2.56731796265 15.15303 14.701 14.93875 15.237
# 129 2.58754682541 15.15303 14.703 14.93875 15.244
# 130 2.60777783394 15.15303 14.707 14.93875 15.245
# 131 2.62801289558 15.15303 14.716 14.93875 15.246
# 132 2.64826798439 15.15303 14.721 14.93875 15.253
# 133 2.66859579086 15.15303 14.715 14.93875 15.255
# 134 2.6887319088 15.15303 14.717 14.93875 15.256
# 135 2.70899796486 15.15303 14.684 14.93875 15.216
# 136 2.72923183441 15.15303 14.709 14.93875 15.215
# 137 2.74949789047 15.15303 14.728 14.93875 15.219
# 138 2.76976180077 15.15303 14.729 14.93875 15.223
# 139 2.79009389877 15.15303 14.719 14.93875 15.23
# 140 2.81023001671 15.15303 14.7 14.93875 15.235
# 141 2.83057188988 15.15303 14.647 14.93875 15.195
# 142 2.85083794594 15.15303 14.68 14.93875 15.243
# 143 2.87098097801 15.15303 14.665 14.93875 15.244
# 144 2.89121794701 15.15303 14.654 14.93875 15.25
# 145 2.91148495674 15.15303 14.65 14.93875 15.253
# 146 2.93174600601 15.15303 14.659 14.93875 15.255
# 147 2.95188498497 15.15303 14.636 14.93875 15.215
# 148 2.97207689285 15.15303 14.663 14.93875 15.219
# 149 2.99234390259 15.15303 14.685 14.93875 15.22
# 150 3.01261401176 15.15303 14.702 14.93875 15.229
# 151 3.03284502029 15.15303 14.71 14.93875 15.23
# 152 3.05311489105 15.15303 14.716 14.93875 15.232
# 153 3.07334780693 15.15303 14.726 14.93875 15.239
# 154 3.09348702431 15.15303 14.71 14.93875 15.241
# 155 3.11375188828 15.15303 14.672 14.93875 15.241
# 156 3.13388991356 15.15303 14.593 14.93875 15.199
# 157 3.15403294563 15.15303 14.552 14.93875 15.201
# 158 3.17426490784 15.15303 14.528 14.93875 15.204
# 159 3.19450187683 15.15303 14.512 14.93875 15.212
# 160 3.21476793289 15.15303 14.489 14.93875 15.215
# 161 3.23503684998 15.15303 14.46 14.93875 15.22
# 162 3.25530099869 15.15303 14.46 14.93875 15.231
# 163 3.27556681633 15.15303 14.471 14.93875 15.235
# 164 3.29582881927 15.15303 14.507 14.93875 15.242
# 165 3.31596493721 15.15303 14.496 14.93875 15.206
# 166 3.33629202843 15.15303 14.517 14.93875 15.211
# 167 3.35661697388 15.15303 14.522 14.93875 15.217
# 168 3.37675595284 15.15303 14.516 14.93875 15.221
# 169 3.3970208168 15.15303 14.518 14.93875 15.228
# 170 3.41728401184 15.15303 14.507 14.93875 15.231
# 171 3.43742084503 15.15303 14.456 14.93875 15.19
# 172 3.45755982399 15.15303 14.493 14.93875 15.241
# 173 3.47779488564 15.15303 14.5 14.93875 15.243
# 174 3.4980340004 15.15303 14.473 14.93875 15.205
# 175 3.51816987991 15.15303 14.548 14.93875 15.258
# 176 3.538438797 15.15303 14.529 14.93875 15.215
# 177 3.55867385864 15.15303 14.546 14.93875 15.219
# 178 3.57894492149 15.15303 14.557 14.93875 15.228
# 179 3.59917783737 15.15303 14.562 14.93875 15.233
# 180 3.61944198608 15.15303 14.577 14.93875 15.242
# 181 3.6397049427 15.15303 14.586 14.93875 15.243
# 182 3.65993785858 15.15303 14.585 14.93875 15.245
# 183 3.68019986153 15.15303 14.572 14.93875 15.252
# 184 3.70046782494 15.15303 14.56 14.93875 15.253
# 185 3.72073292732 15.15303 14.549 14.93875 15.255
# 186 3.74105501175 15.15303 14.507 14.93875 15.208
# 187 3.76138281822 15.15303 14.525 14.93875 15.215
# 188 3.78166484833 15.15303 14.543 14.93875 15.218
# 189 3.80193090439 15.15303 14.565 14.93875 15.221
# 190 3.82221198082 15.15303 14.596 14.93875 15.229
# 191 3.84260702133 15.15303 14.638 14.93875 15.236
# 192 3.86286902428 15.15303 14.683 14.93875 15.241
# 193 3.88313388824 15.15303 14.663 14.93875 15.199
# 194 3.90336298943 15.15303 14.676 14.93875 15.209
# 195 3.92374992371 15.15303 14.675 14.93875 15.214
# 196 3.9440100193 15.15303 14.67 14.93875 15.219
# 197 3.96424198151 15.15303 14.678 14.93875 15.23
# 198 3.98451495171 15.15303 14.692 14.93875 15.232
# 199 4.00478386879 15.15303 14.698 14.93875 15.237
# 200 4.02504897118 15.15303 14.663 14.93875 15.198
# 201 4.04531383514 15.15303 14.722 14.93875 15.252
# 202 4.06554579735 15.15303 14.695 14.93875 15.212
# 203 4.08581995964 15.15303 14.768 14.93875 15.263
# 204 4.10605096817 15.15303 14.792 14.93875 15.265
# 205 4.12632083893 15.15303 14.807 14.93875 15.272
# 206 4.14658498764 15.15303 14.802 14.93875 15.274
# 207 4.16681694984 15.15303 14.798 14.93875 15.276
# 208 4.18708300591 15.15303 14.761 14.93875 15.234
# 209 4.20731282234 15.15303 14.803 14.93875 15.285
# 210 4.22754096985 15.15303 14.746 14.93875 15.243
# 211 4.24777293205 15.15303 14.76 14.93875 15.29
# 212 4.26800179482 15.15303 14.726 14.93875 15.288
# 213 4.28823494911 15.15303 14.717 14.93875 15.295
# 214 4.30860090256 15.15303 14.721 14.93875 15.295
# 215 4.32886981964 15.15303 14.737 14.93875 15.297
# 216 4.34913492203 15.15303 14.699 14.93875 15.249
# 217 4.36936688423 15.15303 14.718 14.93875 15.258
# 218 4.3896279335 15.15303 14.742 14.93875 15.26
# 219 4.40986394882 15.15303 14.763 14.93875 15.264
# 220 4.43000793457 15.15303 14.787 14.93875 15.272
# 221 4.45024180412 15.15303 14.794 14.93875 15.277
# 222 4.47047281265 15.15303 14.737 14.93875 15.231
# 223 4.49091100693 15.15303 14.714 14.93875 15.234
# 224 4.5112259388 15.15303 14.712 14.93875 15.242
# 225 4.53149485588 15.15303 14.714 14.93875 15.246
# 226 4.55176591873 15.15303 14.728 14.93875 15.25
# 227 4.57199883461 15.15303 14.694 14.93875 15.21
# 228 4.59231901169 15.15303 14.7 14.93875 15.214
# 229 4.61255598068 15.15303 14.701 14.93875 15.22
# 230 4.63282489777 15.15303 14.69 14.93875 15.226
# 231 4.65305900574 15.15303 14.68 14.93875 15.235
# 232 4.67329001427 15.15303 14.646 14.93875 15.239
# 233 4.69355583191 15.15303 14.561 14.93875 15.2
# 234 4.71382284164 15.15303 14.545 14.93875 15.247
# 235 4.73410487175 15.15303 14.506 14.93875 15.248
# 236 4.75434589386 15.15303 14.49 14.93875 15.253
# 237 4.77460885048 15.15303 14.483 14.93875 15.253
# 238 4.79487895966 15.15303 14.49 14.93875 15.254
# 239 4.81514382362 15.15303 14.464 14.93875 15.212
# 240 4.83540797234 15.15303 14.534 14.93875 15.26
# 241 4.85564184189 15.15303 14.526 14.93875 15.222
# 242 4.87590289116 15.15303 14.619 14.93875 15.274
# 243 4.89618682861 15.15303 14.673 14.93875 15.277
# 244 4.91644883156 15.15303 14.725 14.93875 15.288
# 245 4.93677783012 15.15303 14.776 14.93875 15.29
# 246 4.95703887939 15.15303 14.82 14.93875 15.295
# 247 4.97727394104 15.15303 14.86 14.93875 15.301
# 248 4.9975399971 15.15303 14.887 14.93875 15.303
# 249 5.01777791977 15.15303 14.899 14.93875 15.303
# 250 5.03801083565 15.15303 14.855 14.93875 15.262
# 251 5.05823898315 15.15303 14.892 14.93875 15.312
# 252 5.07846593857 15.15303 14.843 14.93875 15.265
# 253 5.09869384766 15.15303 14.856 14.93875 15.268
# 254 5.1190237999 15.15303 14.88 14.93875 15.276
# 255 5.13925290108 15.15303 14.903 14.93875 15.28
# 256 5.15939283371 15.15303 14.924 14.93875 15.289
# 257 5.17966079712 15.15303 14.94 14.93875 15.291
# 258 5.19992780685 15.15303 14.96 14.93875 15.294
# 259 5.22019386292 15.15303 14.929 14.93875 15.254
# 260 5.24046087265 15.15303 14.976 14.93875 15.303
# 261 5.26073288918 15.15303 14.964 14.93875 15.306
# 262 5.28096485138 15.15303 14.901 14.93875 15.258
# 263 5.30119895935 15.15303 14.889 14.93875 15.264
# 264 5.32158088684 15.15303 14.881 14.93875 15.266
# 265 5.34185600281 15.15303 14.87 14.93875 15.268
# 266 5.36208891869 15.15303 14.864 14.93875 15.275
# 267 5.38235998154 15.15303 14.859 14.93875 15.28
# 268 5.40262699127 15.15303 14.823 14.93875 15.24
# 269 5.42285895348 15.15303 14.883 14.93875 15.291
# 270 5.44319295883 15.15303 14.907 14.93875 15.293
# 271 5.4634308815 15.15303 14.939 14.93875 15.3
# 272 5.48369193077 15.15303 14.965 14.93875 15.304
# 273 5.50392484665 15.15303 14.983 14.93875 15.305
# 274 5.52418780327 15.15303 15.004 14.93875 15.313
# 275 5.54445791245 15.15303 15.015 14.93875 15.314
# 276 5.56474685669 15.15303 15.012 14.93875 15.317
# 277 5.5850288868 15.15303 14.948 14.93875 15.27
# 278 5.60537099838 15.15303 14.938 14.93875 15.277
# 279 5.62560296059 15.15303 14.927 14.93875 15.278
# 280 5.64599299431 15.15303 14.931 14.93875 15.279
# 281 5.66626286507 15.15303 14.95 14.93875 15.289
# 282 5.68653082848 15.15303 14.956 14.93875 15.291
# 283 5.70679593086 15.15303 14.949 14.93875 15.295
# 284 5.72703099251 15.15303 14.891 14.93875 15.256
# 285 5.74730992317 15.15303 14.918 14.93875 15.306
# 286 5.76759290695 15.15303 14.86 14.93875 15.265
# 287 5.78782701492 15.15303 14.882 14.93875 15.312
# 288 5.80808997154 15.15303 14.842 14.93875 15.311
# 289 5.82835793495 15.15303 14.816 14.93875 15.317
# 290 5.84862184525 15.15303 14.783 14.93875 15.316
# 291 5.86888480186 15.15303 14.75 14.93875 15.313
# 292 5.88914299011 15.15303 14.692 14.93875 15.269
# 293 5.90940785408 15.15303 14.734 14.93875 15.318
# 294 5.92967581749 15.15303 14.683 14.93875 15.274
# 295 5.9499399662 15.15303 14.726 14.93875 15.32
# 296 5.97020602226 15.15303 14.738 14.93875 15.32
# 297 5.99047279358 15.15303 14.762 14.93875 15.324
# 298 6.01073479652 15.15303 14.795 14.93875 15.323
# 299 6.03101181984 15.15303 14.816 14.93875 15.324
# 300 6.05124402046 15.15303 14.83 14.93875 15.328
# 301 6.07156181335 15.15303 14.817 14.93875 15.326
# 302 6.09182882309 15.15303 14.799 14.93875 15.325
# 303 6.11206293106 15.15303 14.747 14.93875 15.28
# 304 6.1323299408 15.15303 14.788 14.93875 15.327
# 305 6.1527159214 15.15303 14.729 14.93875 15.277
# 306 6.17294883728 15.15303 14.721 14.93875 15.277
# 307 6.19317889214 15.15303 14.729 14.93875 15.282
# 308 6.21331882477 15.15303 14.741 14.93875 15.283
# 309 6.23358297348 15.15303 14.764 14.93875 15.29
# 310 6.25372099876 15.15303 14.77 14.93875 15.289
# 311 6.27398300171 15.15303 14.763 14.93875 15.29
# 312 6.29424786568 15.15303 14.756 14.93875 15.296
# 313 6.31451582909 15.15303 14.748 14.93875 15.296
# 314 6.33477902412 15.15303 14.744 14.93875 15.297
# 315 6.35501480103 15.15303 14.702 14.93875 15.254
# 316 6.37527894974 15.15303 14.739 14.93875 15.3
# 317 6.39551281929 15.15303 14.678 14.93875 15.252
# 318 6.41577482224 15.15303 14.672 14.93875 15.252
# 319 6.43600893021 15.15303 14.678 14.93875 15.259
# 320 6.4562728405 15.15303 14.692 14.93875 15.26
# 321 6.47653889656 15.15303 14.715 14.93875 15.266
# 322 6.49680185318 15.15303 14.732 14.93875 15.267
# 323 6.51719594002 15.15303 14.744 14.93875 15.271
# 324 6.53765487671 15.15303 14.764 14.93875 15.278
# 325 6.5581009388 15.15303 14.796 14.93875 15.28
# 326 6.57832884789 15.15303 14.822 14.93875 15.282
# 327 6.59846496582 15.15303 14.832 14.93875 15.29
# 328 6.61887383461 15.15303 14.821 14.93875 15.29
# 329 6.63901281357 15.15303 14.804 14.93875 15.293
# 330 6.6591398716 15.15303 14.797 14.93875 15.297
# 331 6.67927098274 15.15303 14.794 14.93875 15.298
# 332 6.69947385788 15.15303 14.752 14.93875 15.255
# 333 6.71960282326 15.15303 14.793 14.93875 15.301
# 334 6.73972988129 15.15303 14.792 14.93875 15.303
# 335 6.75993585587 15.15303 14.801 14.93875 15.311
# 336 6.78019380569 15.15303 14.761 14.93875 15.264
# 337 6.80031991005 15.15303 14.773 14.93875 15.267
# 338 6.82045984268 15.15303 14.778 14.93875 15.275
# 339 6.84060192108 15.15303 14.767 14.93875 15.278
# 340 6.86073684692 15.15303 14.747 14.93875 15.279
# 341 6.88086295128 15.15303 14.727 14.93875 15.284
# 342 6.90099692345 15.15303 14.66 14.93875 15.239
# 343 6.9211268425 15.15303 14.651 14.93875 15.237
# 344 6.94125080109 15.15303 14.652 14.93875 15.245
# 345 6.96138095856 15.15303 14.641 14.93875 15.248
# 346 6.98150897026 15.15303 14.641 14.93875 15.254
# 347 7.00164079666 15.15303 14.654 14.93875 15.256
# 348 7.02183794975 15.15303 14.678 14.93875 15.259
# 349 7.04198980331 15.15303 14.714 14.93875 15.27
# 350 7.06214094162 15.15303 14.697 14.93875 15.226
# 351 7.08227396011 15.15303 14.733 14.93875 15.233
# 352 7.10239887238 15.15303 14.763 14.93875 15.243
# 353 7.1226940155 15.15303 14.79 14.93875 15.248
# 354 7.14281988144 15.15303 14.808 14.93875 15.254
# 355 7.1629948616 15.15303 14.767 14.93875 15.213
# 356 7.18313384056 15.15303 14.795 14.93875 15.266
# 357 7.20325899124 15.15303 14.728 14.93875 15.22
# 358 7.2233979702 15.15303 14.729 14.93875 15.227
# 359 7.24352693558 15.15303 14.738 14.93875 15.231
# 360 7.26365399361 15.15303 14.758 14.93875 15.24
# 361 7.28379797935 15.15303 14.772 14.93875 15.244
# 362 7.30392289162 15.15303 14.788 14.93875 15.247
# 363 7.32405400276 15.15303 14.812 14.93875 15.258
# 364 7.34418082237 15.15303 14.839 14.93875 15.261
# 365 7.36430692673 15.15303 14.809 14.93875 15.218
# 366 7.3844769001 15.15303 14.814 14.93875 15.227
# 367 7.40459990501 15.15303 14.804 14.93875 15.231
# 368 7.42472481728 15.15303 14.793 14.93875 15.233
# 369 7.44484996796 15.15303 14.792 14.93875 15.243
# 370 7.46499180794 15.15303 14.741 14.93875 15.196
# 371 7.48512601852 15.15303 14.737 14.93875 15.202
# 372 7.5052549839 15.15303 14.724 14.93875 15.209
# 373 7.52538084984 15.15303 14.709 14.93875 15.213
# 374 7.54550790787 15.15303 14.705 14.93875 15.222
# 375 7.56563091278 15.15303 14.716 14.93875 15.226
# 376 7.58576083183 15.15303 14.74 14.93875 15.228
# 377 7.60588788986 15.15303 14.765 14.93875 15.238
# 378 7.62601900101 15.15303 14.74 14.93875 15.198
# 379 7.64616084099 15.15303 14.752 14.93875 15.205
# 380 7.66628885269 15.15303 14.763 14.93875 15.214
# 381 7.68642282486 15.15303 14.768 14.93875 15.221
# 382 7.7065680027 15.15303 14.768 14.93875 15.232
# 383 7.72670197487 15.15303 14.742 14.93875 15.233
# 384 7.74683499336 15.15303 14.711 14.93875 15.237
# 385 7.76698589325 15.15303 14.696 14.93875 15.244
# 386 7.78712201118 15.15303 14.645 14.93875 15.2
# 387 7.80725097656 15.15303 14.659 14.93875 15.202
# 388 7.82737779617 15.15303 14.684 14.93875 15.212
# 389 7.84750890732 15.15303 14.699 14.93875 15.217
# 390 7.86765694618 15.15303 14.705 14.93875 15.228
# 391 7.88778591156 15.15303 14.706 14.93875 15.231
# 392 7.90791583061 15.15303 14.703 14.93875 15.234
# 393 7.92803502083 15.15303 14.706 14.93875 15.243
# 394 7.94817280769 15.15303 14.687 14.93875 15.247
# 395 7.96831679344 15.15303 14.626 14.93875 15.207
# 396 7.98847794533 15.15303 14.639 14.93875 15.257
# 397 8.00861692429 15.15303 14.625 14.93875 15.263
# 398 8.02875185013 15.15303 14.615 14.93875 15.262
# 399 8.04888081551 15.15303 14.615 14.93875 15.262
# 400 8.06902384758 15.15303 14.612 14.93875 15.265
# 401 8.08917784691 15.15303 14.614 14.93875 15.266
# 402 8.10930681229 15.15303 14.577 14.93875 15.22
# 403 8.12943601608 15.15303 14.598 14.93875 15.227
# 404 8.14956784248 15.15303 14.633 14.93875 15.231
# 405 8.16971993446 15.15303 14.67 14.93875 15.237
# 406 8.18984889984 15.15303 14.687 14.93875 15.249
# 407 8.20997881889 15.15303 14.637 14.93875 15.206
# 408 8.23012089729 15.15303 14.623 14.93875 15.209
# 409 8.25026583672 15.15303 14.612 14.93875 15.216
# 410 8.27039384842 15.15303 14.606 14.93875 15.22
# 411 8.29052591324 15.15303 14.604 14.93875 15.228
# 412 8.31065988541 15.15303 14.593 14.93875 15.23
# 413 8.33080792427 15.15303 14.593 14.93875 15.232
# 414 8.35093402863 15.15303 14.61 14.93875 15.239
# 415 8.37106394768 15.15303 14.592 14.93875 15.197
# 416 8.3912088871 15.15303 14.623 14.93875 15.202
# 417 8.41134095192 15.15303 14.644 14.93875 15.214
# 418 8.4314699173 15.15303 14.645 14.93875 15.219
# 419 8.45167589188 15.15303 14.65 14.93875 15.229
# 420 8.47213697433 15.15303 14.647 14.93875 15.232
# 421 8.49228191376 15.15303 14.657 14.93875 15.234
# 422 8.51255083084 15.15303 14.66 14.93875 15.24
# 423 8.5326769352 15.15303 14.645 14.93875 15.241
# 424 8.55283093452 15.15303 14.63 14.93875 15.244
# 425 8.57312679291 15.15303 14.616 14.93875 15.25
# 426 8.5934278965 15.15303 14.599 14.93875 15.252
# 427 8.61388683319 15.15303 14.55 14.93875 15.205
# 428 8.63401198387 15.15303 14.551 14.93875 15.207
# 429 8.65413689613 15.15303 14.553 14.93875 15.216
# 430 8.67440199852 15.15303 14.557 14.93875 15.221
# 431 8.69483995438 15.15303 14.565 14.93875 15.227
# 432 8.71512579918 15.15303 14.515 14.93875 15.188
# 433 8.73527383804 15.15303 14.528 14.93875 15.238
# 434 8.75539779663 15.15303 14.438 14.93875 15.196
# 435 8.77578401566 15.15303 14.407 14.93875 15.245
# 436 8.79600691795 15.15303 14.34 14.93875 15.244
# 437 8.81621384621 15.15303 14.313 14.93875 15.249
# 438 8.83665394783 15.15303 14.315 14.93875 15.248
# 439 8.85706782341 15.15303 14.341 14.93875 15.25
# 440 8.87760400772 15.15303 14.323 14.93875 15.21
# 441 8.89783000946 15.15303 14.403 14.93875 15.261
# 442 8.91812586784 15.15303 14.438 14.93875 15.263
# 443 8.93850684166 15.15303 14.482 14.93875 15.27
# 444 8.95890784264 15.15303 14.521 14.93875 15.271
# 445 8.97917985916 15.15303 14.553 14.93875 15.274
# 446 8.99960899353 15.15303 14.568 14.93875 15.281
# 447 9.01995182037 15.15303 14.568 14.93875 15.283
# 448 9.04030585289 15.15303 14.569 14.93875 15.284
# 449 9.06065297127 15.15303 14.576 14.93875 15.29
# 450 9.08097791672 15.15303 14.573 14.93875 15.289
# 451 9.10141682625 15.15303 14.553 14.93875 15.289
# 452 9.12189292908 15.15303 14.523 14.93875 15.29
# 453 9.14201879501 15.15303 14.493 14.93875 15.294
# 454 9.16214179993 15.15303 14.436 14.93875 15.245
# 455 9.18226194382 15.15303 14.445 14.93875 15.244
# 456 9.20260596275 15.15303 14.469 14.93875 15.249
# 457 9.22282290459 15.15303 14.49 14.93875 15.251
# 458 9.24316382408 15.15303 14.519 14.93875 15.254
# 459 9.26328897476 15.15303 14.549 14.93875 15.263
# 460 9.2836959362 15.15303 14.559 14.93875 15.265
# 461 9.30382084846 15.15303 14.552 14.93875 15.268
# 462 9.32408499718 15.15303 14.484 14.93875 15.227
# 463 9.34420990944 15.15303 14.481 14.93875 15.274
# 464 9.36456894875 15.15303 14.39 14.93875 15.228
# 465 9.38479280472 15.15303 14.362 14.93875 15.227
# 466 9.40491700172 15.15303 14.366 14.93875 15.234
# 467 9.42524385452 15.15303 14.383 14.93875 15.236
# 468 9.44566202164 15.15303 14.408 14.93875 15.243
# 469 9.46619486809 15.15303 14.428 14.93875 15.246
# 470 9.4863858223 15.15303 14.445 14.93875 15.246
# 471 9.50683188438 15.15303 14.468 14.93875 15.25
# 472 9.52726602554 15.15303 14.507 14.93875 15.258
# 473 9.54764580727 15.15303 14.536 14.93875 15.261
# 474 9.56777000427 15.15303 14.552 14.93875 15.264
# 475 9.5883398056 15.15303 14.505 14.93875 15.225
# 476 9.60863780975 15.15303 14.53 14.93875 15.272
# 477 9.62881588936 15.15303 14.511 14.93875 15.272
# 478 9.64926481247 15.15303 14.46 14.93875 15.229
# 479 9.66970992088 15.15303 14.481 14.93875 15.275
# 480 9.6899728775 15.15303 14.466 14.93875 15.274
# 481 9.71031188965 15.15303 14.419 14.93875 15.23
# 482 9.73052787781 15.15303 14.474 14.93875 15.277
# 483 9.75077795982 15.15303 14.506 14.93875 15.277
# 484 9.77103996277 15.15303 14.501 14.93875 15.235
# 485 9.79139280319 15.15303 14.6 14.93875 15.287
# 486 9.81184482574 15.15303 14.588 14.93875 15.244
# 487 9.83214497566 15.15303 14.605 14.93875 15.246
# 488 9.85226893425 15.15303 14.613 14.93875 15.253
# 489 9.87271380424 15.15303 14.614 14.93875 15.256
# 490 9.89289879799 15.15303 14.609 14.93875 15.26
# 491 9.91337585449 15.15303 14.552 14.93875 15.219
# 492 9.9336810112 15.15303 14.583 14.93875 15.268
# 493 9.95402193069 15.15303 14.586 14.93875 15.27
# 494 9.97440099716 15.15303 14.609 14.93875 15.28
# 495 9.99457192421 15.15303 14.642 14.93875 15.282
# 496 10.0149099827 15.15303 14.679 14.93875 15.288
# 497 10.035189867 15.15303 14.708 14.93875 15.296
# 498 10.0553150177 15.15303 14.733 14.93875 15.299
# 499 10.0757088661 15.15303 14.758 14.93875 15.304
# 500 10.0958378315 15.15303 14.735 14.93875 15.258
# 501 10.1160628796 15.15303 14.75 14.93875 15.267
# 502 10.1363198757 15.15303 14.741 14.93875 15.268
# 503 10.1567239761 15.15303 14.722 14.93875 15.272
# 504 10.1771028042 15.15303 14.707 14.93875 15.278
# 505 10.1974818707 15.15303 14.686 14.93875 15.28
# 506 10.2178399563 15.15303 14.629 14.93875 15.233
# 507 10.2379798889 15.15303 14.615 14.93875 15.236
# 508 10.2583158016 15.15303 14.606 14.93875 15.243
# 509 10.2784948349 15.15303 14.61 14.93875 15.246
# 510 10.2987070084 15.15303 14.633 14.93875 15.25
# 511 10.3188369274 15.15303 14.626 14.93875 15.212
# 512 10.3389649391 15.15303 14.668 14.93875 15.22
# 513 10.3594458103 15.15303 14.697 14.93875 15.226
# 514 10.3796389103 15.15303 14.714 14.93875 15.237
# 515 10.3998157978 15.15303 14.717 14.93875 15.242
# 516 10.4200758934 15.15303 14.717 14.93875 15.245
# 517 10.440281868 15.15303 14.727 14.93875 15.253
# 518 10.4605128765 15.15303 14.728 14.93875 15.258
# 519 10.480907917 15.15303 14.724 14.93875 15.263
# 520 10.5013568401 15.15303 14.686 14.93875 15.224
# 521 10.5215559006 15.15303 14.749 14.93875 15.278
# 522 10.5417528152 15.15303 14.779 14.93875 15.281
# 523 10.5619499683 15.15303 14.771 14.93875 15.244
# 524 10.5821869373 15.15303 14.795 14.93875 15.25
# 525 10.6023139954 15.15303 14.806 14.93875 15.253
# 526 10.622497797 15.15303 14.818 14.93875 15.26
# 527 10.642939806 15.15303 14.829 14.93875 15.264
# 528 10.6632900238 15.15303 14.839 14.93875 15.268
# 529 10.6834628582 15.15303 14.844 14.93875 15.275
# 530 10.7036859989 15.15303 14.834 14.93875 15.278
# 531 10.7238099575 15.15303 14.814 14.93875 15.279
# 532 10.7439348698 15.15303 14.805 14.93875 15.284
# 533 10.7643749714 15.15303 14.761 14.93875 15.24
# 534 10.7846999168 15.15303 14.774 14.93875 15.242
# 535 10.8048968315 15.15303 14.78 14.93875 15.244
# 536 10.8251450062 15.15303 14.799 14.93875 15.25
# 537 10.8452739716 15.15303 14.817 14.93875 15.251
# 538 10.8654158115 15.15303 14.799 14.93875 15.211
# 539 10.8855578899 15.15303 14.884 14.93875 15.262
# 540 10.9057040215 15.15303 14.927 14.93875 15.272
# 541 10.9258329868 15.15303 14.967 14.93875 15.274
# 542 10.9459738731 15.15303 15.002 14.93875 15.277
# 543 10.9661037922 15.15303 15.035 14.93875 15.285
# 544 10.9862389565 15.15303 15.052 14.93875 15.287
# 545 11.0063648224 15.15303 15.009 14.93875 15.246
# 546 11.0264928341 15.15303 15.036 14.93875 15.296
# 547 11.0466229916 15.15303 15.019 14.93875 15.3
# 548 11.0667579174 15.15303 14.993 14.93875 15.297
# 549 11.0868899822 15.15303 14.99 14.93875 15.294
# 550 11.1070280075 15.15303 15.001 14.93875 15.3
# 551 11.127161026 15.15303 14.958 14.93875 15.25
# 552 11.1472949982 15.15303 14.963 14.93875 15.252
# 553 11.1674218178 15.15303 14.971 14.93875 15.258
# 554 11.1875579357 15.15303 14.982 14.93875 15.263
# 555 11.2076849937 15.15303 14.993 14.93875 15.27
# 556 11.2278118134 15.15303 14.996 14.93875 15.271
# 557 11.2479379177 15.15303 14.981 14.93875 15.274
# 558 11.2680649757 15.15303 14.961 14.93875 15.278
# 559 11.288203001 15.15303 14.929 14.93875 15.274
# 560 11.3083310127 15.15303 14.863 14.93875 15.23
# 561 11.3284637928 15.15303 14.9 14.93875 15.279
# 562 11.3485968113 15.15303 14.899 14.93875 15.284
# 563 11.3687238693 15.15303 14.9 14.93875 15.283
# 564 11.3888618946 15.15303 14.907 14.93875 15.284
# 565 11.4089999199 15.15303 14.929 14.93875 15.288
# 566 11.4291357994 15.15303 14.96 14.93875 15.292
# 567 11.4492619038 15.15303 14.946 14.93875 15.248
# 568 11.4693930149 15.15303 14.976 14.93875 15.257
# 569 11.4895238876 15.15303 14.993 14.93875 15.261
# 570 11.5096738338 15.15303 15.005 14.93875 15.271
# 571 11.5298149586 15.15303 14.996 14.93875 15.272
# 572 11.5499489307 15.15303 14.981 14.93875 15.274
# 573 11.5700860023 15.15303 14.956 14.93875 15.281
# 574 11.5902168751 15.15303 14.917 14.93875 15.283
# 575 11.6103479862 15.15303 14.84 14.93875 15.241
# 576 11.6304829121 15.15303 14.86 14.93875 15.289
# 577 11.6506109238 15.15303 14.858 14.93875 15.295
# 578 11.6707408428 15.15303 14.861 14.93875 15.294
# 579 11.6908679008 15.15303 14.864 14.93875 15.296
# 580 11.7110049725 15.15303 14.862 14.93875 15.304
# 581 11.7311429977 15.15303 14.851 14.93875 15.304
# 582 11.7512729168 15.15303 14.792 14.93875 15.258
# 583 11.7714078426 15.15303 14.794 14.93875 15.265
# 584 11.7915408611 15.15303 14.78 14.93875 15.266
# 585 11.8116698265 15.15303 14.763 14.93875 15.273
# 586 11.8318078518 15.15303 14.73 14.93875 15.272
# 587 11.8519330025 15.15303 14.699 14.93875 15.27
# 588 11.8720598221 15.15303 14.695 14.93875 15.277
# 589 11.8921909332 15.15303 14.708 14.93875 15.277
# 590 11.9123499393 15.15303 14.681 14.93875 15.237
# 591 11.9324748516 15.15303 14.735 14.93875 15.286
# 592 11.952619791 15.15303 14.749 14.93875 15.292
# 593 11.9727599621 15.15303 14.756 14.93875 15.292
# 594 11.9928939342 15.15303 14.773 14.93875 15.291
# 595 12.0130259991 15.15303 14.796 14.93875 15.299
# 596 12.0331509113 15.15303 14.812 14.93875 15.3
# 597 12.053278923 15.15303 14.758 14.93875 15.254
# 598 12.0734059811 15.15303 14.747 14.93875 15.263
# 599 12.0935409069 15.15303 14.727 14.93875 15.265
# 600 12.1136929989 15.15303 14.712 14.93875 15.267
# 601 12.1338188648 15.15303 14.708 14.93875 15.275
# 602 12.1539440155 15.15303 14.647 14.93875 15.229
# 603 12.1740758419 15.15303 14.64 14.93875 15.23
# 604 12.1942028999 15.15303 14.642 14.93875 15.238
# 605 12.2143788338 15.15303 14.653 14.93875 15.242
# 606 12.2345068455 15.15303 14.681 14.93875 15.251
# 607 12.2546470165 15.15303 14.698 14.93875 15.256
# 608 12.2748038769 15.15303 14.693 14.93875 15.259
# 609 12.2949368954 15.15303 14.693 14.93875 15.267
# 610 12.3150718212 15.15303 14.64 14.93875 15.223
# 611 12.3351988792 15.15303 14.633 14.93875 15.227
# 612 12.3553628922 15.15303 14.626 14.93875 15.235
# 613 12.3754940033 15.15303 14.595 14.93875 15.239
# 614 12.3956239223 15.15303 14.573 14.93875 15.246
# 615 12.4157538414 15.15303 14.547 14.93875 15.246
# 616 12.4358899593 15.15303 14.548 14.93875 15.247
# 617 12.4560170174 15.15303 14.569 14.93875 15.255
# 618 12.47615695 15.15303 14.598 14.93875 15.259
# 619 12.4974799156 15.15303 14.567 14.93875 15.216
# 620 12.517649889 15.15303 14.581 14.93875 15.222
# 621 12.5377860069 15.15303 14.597 14.93875 15.226
# 622 12.5579149723 15.15303 14.625 14.93875 15.237
# 623 12.5780549049 15.15303 14.661 14.93875 15.244
# 624 12.5981879234 15.15303 14.64 14.93875 15.206
# 625 12.6183159351 15.15303 14.686 14.93875 15.261
# 626 12.6384558678 15.15303 14.629 14.93875 15.222
# 627 12.6585888863 15.15303 14.652 14.93875 15.271
# 628 12.6787209511 15.15303 14.639 14.93875 15.273
# 629 12.6988739967 15.15303 14.64 14.93875 15.28
# 630 12.7190058231 15.15303 14.578 14.93875 15.235
# 631 12.7391309738 15.15303 14.559 14.93875 15.238
# 632 12.7592628002 15.15303 14.549 14.93875 15.246
# 633 12.779392004 15.15303 14.529 14.93875 15.251
# 634 12.7995269299 15.15303 14.51 14.93875 15.26
# 635 12.8196578026 15.15303 14.475 14.93875 15.262
# 636 12.8398737907 15.15303 14.424 14.93875 15.264
# 637 12.8600108624 15.15303 14.384 14.93875 15.27
# 638 12.8801419735 15.15303 14.34 14.93875 15.271
# 639 12.900290966 15.15303 14.272 14.93875 15.223
# 640 12.9204227924 15.15303 14.271 14.93875 15.229
# 641 12.9405558109 15.15303 14.272 14.93875 15.231
# 642 12.9606850147 15.15303 14.284 14.93875 15.238
# 643 12.9808139801 15.15303 14.296 14.93875 15.239
# 644 13.0009717941 15.15303 14.319 14.93875 15.242
# 645 13.0211029053 15.15303 14.356 14.93875 15.25
# 646 13.0412428379 15.15303 14.405 14.93875 15.256
# 647 13.0613679886 15.15303 14.402 14.93875 15.218
# 648 13.0815119743 15.15303 14.492 14.93875 15.271
# 649 13.1016418934 15.15303 14.536 14.93875 15.278
# 650 13.1217699051 15.15303 14.58 14.93875 15.281
# 651 13.1419279575 15.15303 14.634 14.93875 15.285
# 652 13.1620779037 15.15303 14.683 14.93875 15.293
# 653 13.1822369099 15.15303 14.713 14.93875 15.296
# 654 13.2023808956 15.15303 14.682 14.93875 15.255
# 655 13.222509861 15.15303 14.729 14.93875 15.302
# 656 13.2426450253 15.15303 14.731 14.93875 15.308
# 657 13.262775898 15.15303 14.73 14.93875 15.306
# 658 13.2828989029 15.15303 14.728 14.93875 15.305
# 659 13.3030807972 15.15303 14.728 14.93875 15.312
# 660 13.3232038021 15.15303 14.725 14.93875 15.312
# 661 13.3433279991 15.15303 14.683 14.93875 15.265
# 662 13.3634529114 15.15303 14.701 14.93875 15.273
# 663 13.3835778236 15.15303 14.714 14.93875 15.276
# 664 13.4037020206 15.15303 14.719 14.93875 15.285
# 665 13.4238259792 15.15303 14.703 14.93875 15.286
# 666 13.4439718723 15.15303 14.674 14.93875 15.289
# 667 13.4641168118 15.15303 14.646 14.93875 15.295
# 668 13.4842369556 15.15303 14.618 14.93875 15.296
# 669 13.5044629574 15.15303 14.544 14.93875 15.246
# 670 13.5245878696 15.15303 14.527 14.93875 15.251
# 671 13.544716835 15.15303 14.516 14.93875 15.251
# 672 13.5648548603 15.15303 14.523 14.93875 15.253
# 673 13.5849997997 15.15303 14.549 14.93875 15.259
# 674 13.6051278114 15.15303 14.583 14.93875 15.265
# 675 13.6252548695 15.15303 14.572 14.93875 15.221
# 676 13.6453838348 15.15303 14.6 14.93875 15.23
# 677 13.6657679081 15.15303 14.625 14.93875 15.235
# 678 13.6861848831 15.15303 14.651 14.93875 15.242
# 679 13.7063698769 15.15303 14.688 14.93875 15.253
# 680 13.7265918255 15.15303 14.726 14.93875 15.26
# 681 13.7472198009 15.15303 14.739 14.93875 15.265
# 682 13.7674717903 15.15303 14.693 14.93875 15.224
# 683 13.7880868912 15.15303 14.722 14.93875 15.274
# 684 13.8084039688 15.15303 14.706 14.93875 15.275
# 685 13.8288419247 15.15303 14.702 14.93875 15.275
# 686 13.8490638733 15.15303 14.66 14.93875 15.233
# 687 13.869560957 15.15303 14.705 14.93875 15.283
# 688 13.8900558949 15.15303 14.664 14.93875 15.238
# 689 13.91046381 15.15303 14.673 14.93875 15.239
# 690 13.9306659698 15.15303 14.693 14.93875 15.248
# 691 13.9510509968 15.15303 14.699 14.93875 15.252
# 692 13.9714148045 15.15303 14.68 14.93875 15.255
# 693 13.991702795 15.15303 14.647 14.93875 15.256
# 694 14.0121548176 15.15303 14.619 14.93875 15.262
# 695 14.0323328972 15.15303 14.597 14.93875 15.263
# 696 14.0524590015 15.15303 14.548 14.93875 15.222
# 697 14.0726668835 15.15303 14.584 14.93875 15.268
# 698 14.0930829048 15.15303 14.582 14.93875 15.268
# 699 14.1134419441 15.15303 14.59 14.93875 15.273
# 700 14.1335668564 15.15303 14.599 14.93875 15.272
# 701 14.1536948681 15.15303 14.623 14.93875 15.279
# 702 14.1742048264 15.15303 14.652 14.93875 15.279
# 703 14.1943819523 15.15303 14.68 14.93875 15.28
# 704 14.2148339748 15.15303 14.7 14.93875 15.281
# 705 14.2349579334 15.15303 14.733 14.93875 15.288
# 706 14.2551538944 15.15303 14.719 14.93875 15.241
# 707 14.2756049633 15.15303 14.744 14.93875 15.245
# 708 14.2957808971 15.15303 14.757 14.93875 15.248
# 709 14.3161449432 15.15303 14.752 14.93875 15.254
# 710 14.3366718292 15.15303 14.729 14.93875 15.255
# 711 14.357216835 15.15303 14.659 14.93875 15.208
# 712 14.3775618076 15.15303 14.658 14.93875 15.21
# 713 14.397785902 15.15303 14.667 14.93875 15.213
# 714 14.4179179668 15.15303 14.676 14.93875 15.22
# 715 14.4383409023 15.15303 14.683 14.93875 15.225
# 716 14.4587478638 15.15303 14.685 14.93875 15.229
# 717 14.4792089462 15.15303 14.646 14.93875 15.186
# 718 14.4994699955 15.15303 14.661 14.93875 15.196
# 719 14.5195989609 15.15303 14.661 14.93875 15.202
# 720 14.5397238731 15.15303 14.638 14.93875 15.207
# 721 14.5602200031 15.15303 14.61 14.93875 15.214
# 722 14.5806219578 15.15303 14.572 14.93875 15.215
# 723 14.6007659435 15.15303 14.537 14.93875 15.218
# 724 14.621090889 15.15303 14.459 14.93875 15.171
# 725 14.64149189 15.15303 14.447 14.93875 15.18
# 726 14.6621518135 15.15303 14.433 14.93875 15.183
# 727 14.6824128628 15.15303 14.429 14.93875 15.188
# 728 14.7026247978 15.15303 14.444 14.93875 15.201
# 729 14.7228198051 15.15303 14.467 14.93875 15.204
# 730 14.7431600094 15.15303 14.502 14.93875 15.211
# 731 14.7636289597 15.15303 14.541 14.93875 15.222
# 732 14.783851862 15.15303 14.571 14.93875 15.225
# 733 14.8039879799 15.15303 14.585 14.93875 15.229
# 734 14.8241188526 15.15303 14.6 14.93875 15.236
# 735 14.8442468643 15.15303 14.607 14.93875 15.239
# 736 14.8646528721 15.15303 14.569 14.93875 15.199
# 737 14.8849449158 15.15303 14.603 14.93875 15.244
# 738 14.9050889015 15.15303 14.592 14.93875 15.245
# 739 14.9252958298 15.15303 14.597 14.93875 15.251
# 740 14.9454388618 15.15303 14.606 14.93875 15.252
# 741 14.9655640125 15.15303 14.63 14.93875 15.261
# 742 14.9856920242 15.15303 14.645 14.93875 15.262
# 743 15.0058670044 15.15303 14.646 14.93875 15.264
# 744 15.025993824 15.15303 14.634 14.93875 15.272
# 745 15.0461888313 15.15303 14.575 14.93875 15.226
# 746 15.0663638115 15.15303 14.556 14.93875 15.229
# 747 15.0867619514 15.15303 14.536 14.93875 15.23
# 748 15.1071639061 15.15303 14.525 14.93875 15.236
# 749 15.1273570061 15.15303 14.511 14.93875 15.238
# 750 15.147521019 15.15303 14.467 14.93875 15.197
# 751 15.1677680016 15.15303 14.512 14.93875 15.247
# 752 15.1882688999 15.15303 14.506 14.93875 15.248
# 753 15.2083969116 15.15303 14.509 14.93875 15.254
# 754 15.22884202 15.15303 14.521 14.93875 15.254
# 755 15.2490029335 15.15303 14.533 14.93875 15.255
# 756 15.2691259384 15.15303 14.558 14.93875 15.262
# 757 15.2898328304 15.15303 14.592 14.93875 15.265
# 758 15.3100337982 15.15303 14.587 14.93875 15.221
# 759 15.3304359913 15.15303 14.638 14.93875 15.227
# 760 15.3507969379 15.15303 14.687 14.93875 15.235
# 761 15.3712818623 15.15303 14.724 14.93875 15.246
# 762 15.3917868137 15.15303 14.748 14.93875 15.249
# 763 15.4122049809 15.15303 14.762 14.93875 15.253
# 764 15.432612896 15.15303 14.72 14.93875 15.213
# 765 15.4527368546 15.15303 14.747 14.93875 15.259
# 766 15.4728729725 15.15303 14.727 14.93875 15.259
# 767 15.4933140278 15.15303 14.731 14.93875 15.265
# 768 15.5136020184 15.15303 14.748 14.93875 15.265
# 769 15.5337510109 15.15303 14.773 14.93875 15.269
# 770 15.5538759232 15.15303 14.756 14.93875 15.226
# 771 15.5741829872 15.15303 14.765 14.93875 15.231
# 772 15.5944578648 15.15303 14.764 14.93875 15.234
# 773 15.6146860123 15.15303 14.758 14.93875 15.242
# 774 15.6349380016 15.15303 14.749 14.93875 15.244
# 775 15.6550798416 15.15303 14.738 14.93875 15.247
# 776 15.6752038002 15.15303 14.732 14.93875 15.255
# 777 15.6956880093 15.15303 14.716 14.93875 15.258
# 778 15.7159998417 15.15303 14.705 14.93875 15.26
# 779 15.7363510132 15.15303 14.651 14.93875 15.215
# 780 15.7564768791 15.15303 14.658 14.93875 15.223
# 781 15.7766048908 15.15303 14.675 14.93875 15.228
# 782 15.7968018055 15.15303 14.695 14.93875 15.232
# 783 15.8170080185 15.15303 14.725 14.93875 15.244
# 784 15.8372459412 15.15303 14.714 14.93875 15.204
# 785 15.8574149609 15.15303 14.756 14.93875 15.21
# 786 15.877933979 15.15303 14.81 14.93875 15.219
# 787 15.8980798721 15.15303 14.858 14.93875 15.232
# 788 15.9183559418 15.15303 14.881 14.93875 15.241
# 789 15.9384839535 15.15303 14.845 14.93875 15.204
# 790 15.9588530064 15.15303 14.89 14.93875 15.255
# 791 15.9791150093 15.15303 14.883 14.93875 15.258
# 792 15.9992928505 15.15303 14.881 14.93875 15.266
# 793 16.019548893 15.15303 14.865 14.93875 15.271
# 794 16.0396699905 15.15303 14.857 14.93875 15.278
# 795 16.0599269867 15.15303 14.856 14.93875 15.278
# 796 16.0802838802 15.15303 14.868 14.93875 15.281
# 797 16.1007540226 15.15303 14.883 14.93875 15.286
# 798 16.1209769249 15.15303 14.881 14.93875 15.294
# 799 16.1411449909 15.15303 14.818 14.93875 15.249
# 800 16.1614029408 15.15303 14.795 14.93875 15.252
# 801 16.1815319061 15.15303 14.784 14.93875 15.259
# 802 16.2020030022 15.15303 14.776 14.93875 15.261
# 803 16.2221879959 15.15303 14.771 14.93875 15.263
# 804 16.2423717976 15.15303 14.754 14.93875 15.27
# 805 16.2625718117 15.15303 14.725 14.93875 15.27
# 806 16.283012867 15.15303 14.705 14.93875 15.272
# 807 16.3031449318 15.15303 14.666 14.93875 15.231
# 808 16.323292017 15.15303 14.733 14.93875 15.282
# 809 16.3434298038 15.15303 14.713 14.93875 15.242
# 810 16.3638019562 15.15303 14.788 14.93875 15.294
# 811 16.3839478493 15.15303 14.817 14.93875 15.296
# 812 16.4044589996 15.15303 14.862 14.93875 15.3
# 813 16.4247448444 15.15303 14.902 14.93875 15.302
# 814 16.4449188709 15.15303 14.929 14.93875 15.306
# 815 16.4653580189 15.15303 14.939 14.93875 15.311
# 816 16.4854879379 15.15303 14.921 14.93875 15.31
# 817 16.505656004 15.15303 14.906 14.93875 15.316
# 818 16.5261127949 15.15303 14.887 14.93875 15.313
# 819 16.5462470055 15.15303 14.886 14.93875 15.312
# 820 16.5666499138 15.15303 14.888 14.93875 15.316
# 821 16.5867879391 15.15303 14.884 14.93875 15.316
# 822 16.6073739529 15.15303 14.884 14.93875 15.316
# 823 16.6276237965 15.15303 14.895 14.93875 15.322
# 824 16.6477999687 15.15303 14.905 14.93875 15.324
# 825 16.6680648327 15.15303 14.91 14.93875 15.323
# 826 16.6883428097 15.15303 14.904 14.93875 15.329
# 827 16.7084758282 15.15303 14.876 14.93875 15.329
# 828 16.7288508415 15.15303 14.847 14.93875 15.328
# 829 16.7489769459 15.15303 14.785 14.93875 15.283
# 830 16.7691018581 15.15303 14.776 14.93875 15.282
# 831 16.7895088196 15.15303 14.76 14.93875 15.282
# 832 16.80981493 15.15303 14.741 14.93875 15.282
# 833 16.8299980164 15.15303 14.733 14.93875 15.289
# 834 16.8503990173 15.15303 14.722 14.93875 15.29
# 835 16.8708438873 15.15303 14.717 14.93875 15.294
# 836 16.8909828663 15.15303 14.662 14.93875 15.249
# 837 16.9113299847 15.15303 14.655 14.93875 15.255
# 838 16.9317770004 15.15303 14.636 14.93875 15.258
# 839 16.9521548748 15.15303 14.629 14.93875 15.256
# 840 16.9724929333 15.15303 14.619 14.93875 15.262
# 841 16.9926328659 15.15303 14.614 14.93875 15.262
# 842 17.0131299496 15.15303 14.61 14.93875 15.264
# 843 17.0333039761 15.15303 14.614 14.93875 15.271
# 844 17.0535697937 15.15303 14.616 14.93875 15.274
# 845 17.0739519596 15.15303 14.634 14.93875 15.278
# 846 17.0943758488 15.15303 14.622 14.93875 15.236
# 847 17.1148519516 15.15303 14.665 14.93875 15.243
# 848 17.1350610256 15.15303 14.71 14.93875 15.253
# 849 17.1552858353 15.15303 14.751 14.93875 15.26
# 850 17.1756968498 15.15303 14.79 14.93875 15.272
# 851 17.1958508492 15.15303 14.823 14.93875 15.277
# 852 17.2163898945 15.15303 14.856 14.93875 15.282
# 853 17.236866951 15.15303 14.874 14.93875 15.287
# 854 17.2569899559 15.15303 14.88 14.93875 15.295
# 855 17.2773189545 15.15303 14.817 14.93875 15.252
# 856 17.2978198528 15.15303 14.796 14.93875 15.255
# 857 17.3179550171 15.15303 14.775 14.93875 15.257
# 858 17.3381860256 15.15303 14.755 14.93875 15.266
# 859 17.3583638668 15.15303 14.731 14.93875 15.268
# 860 17.3785588741 15.15303 14.669 14.93875 15.225
# 861 17.398993969 15.15303 14.706 14.93875 15.273
# 862 17.4193239212 15.15303 14.711 14.93875 15.276
# 863 17.4396829605 15.15303 14.739 14.93875 15.278
# 864 17.4599339962 15.15303 14.73 14.93875 15.238
# 865 17.4801268578 15.15303 14.768 14.93875 15.245
# 866 17.5003018379 15.15303 14.788 14.93875 15.249
# 867 17.5204567909 15.15303 14.8 14.93875 15.258
# 868 17.5406639576 15.15303 14.8 14.93875 15.26
# 869 17.5608959198 15.15303 14.796 14.93875 15.263
# 870 17.5811648369 15.15303 14.792 14.93875 15.271
# 871 17.6013438702 15.15303 14.783 14.93875 15.271
# 872 17.6214690208 15.15303 14.734 14.93875 15.228
# 873 17.641685009 15.15303 14.787 14.93875 15.278
# 874 17.6619839668 15.15303 14.812 14.93875 15.282
# 875 17.6821849346 15.15303 14.847 14.93875 15.291
# 876 17.702559948 15.15303 14.875 14.93875 15.296
# 877 17.7227489948 15.15303 14.889 14.93875 15.299
# 878 17.7431459427 15.15303 14.846 14.93875 15.255
# 879 17.7633509636 15.15303 14.854 14.93875 15.264
# 880 17.7834749222 15.15303 14.855 14.93875 15.267
# 881 17.8036198616 15.15303 14.852 14.93875 15.277
# 882 17.8238019943 15.15303 14.83 14.93875 15.277
# 883 17.8439979553 15.15303 14.804 14.93875 15.276
# 884 17.8641839027 15.15303 14.797 14.93875 15.282
# 885 17.8844249249 15.15303 14.794 14.93875 15.284
# 886 17.9045619965 15.15303 14.757 14.93875 15.24
# 887 17.9246799946 15.15303 14.805 14.93875 15.287
# 888 17.9448108673 15.15303 14.812 14.93875 15.288
# 889 17.9649338722 15.15303 14.829 14.93875 15.294
# 890 17.9850568771 15.15303 14.806 14.93875 15.251
# 891 18.0051820278 15.15303 14.843 14.93875 15.255
# 892 18.0253078938 15.15303 14.87 14.93875 15.263
# 893 18.0454440117 15.15303 14.868 14.93875 15.27
# 894 18.0655670166 15.15303 14.851 14.93875 15.278
# 895 18.0856978893 15.15303 14.815 14.93875 15.278
# 896 18.1058199406 15.15303 14.777 14.93875 15.279
# 897 18.1259520054 15.15303 14.76 14.93875 15.284
# 898 18.1460809708 15.15303 14.696 14.93875 15.237
# 899 18.1662158966 15.15303 14.683 14.93875 15.239
# 900 18.1863398552 15.15303 14.684 14.93875 15.247
# 901 18.2064669132 15.15303 14.699 14.93875 15.252
# 902 18.2265918255 15.15303 14.731 14.93875 15.264
# 903 18.2467138767 15.15303 14.765 14.93875 15.267
# 904 18.2668399811 15.15303 14.784 14.93875 15.273
# 905 18.2869648933 15.15303 14.793 14.93875 15.283
# 906 18.3071470261 15.15303 14.735 14.93875 15.24
# 907 18.3272697926 15.15303 14.718 14.93875 15.244
# 908 18.3473927975 15.15303 14.71 14.93875 15.251
# 909 18.3675298691 15.15303 14.678 14.93875 15.254
# 910 18.3876538277 15.15303 14.644 14.93875 15.262
# 911 18.4077789783 15.15303 14.604 14.93875 15.261
# 912 18.4279029369 15.15303 14.582 14.93875 15.263
# 913 18.4480450153 15.15303 14.588 14.93875 15.27
# 914 18.4681739807 15.15303 14.61 14.93875 15.273
# 915 18.4883019924 15.15303 14.588 14.93875 15.229
# 916 18.5084369183 15.15303 14.615 14.93875 15.237
# 917 18.5287418365 15.15303 14.646 14.93875 15.24
# 918 18.5489048958 15.15303 14.685 14.93875 15.248
# 919 18.569026947 15.15303 14.709 14.93875 15.257
# 920 18.5891489983 15.15303 14.67 14.93875 15.214
# 921 18.6092698574 15.15303 14.661 14.93875 15.218
# 922 18.6294457912 15.15303 14.643 14.93875 15.226
# 923 18.6497678757 15.15303 14.618 14.93875 15.231
# 924 18.6699438095 15.15303 14.608 14.93875 15.235
# 925 18.6902627945 15.15303 14.576 14.93875 15.196
# 926 18.7106318474 15.15303 14.639 14.93875 15.249
# 927 18.7309479713 15.15303 14.658 14.93875 15.256
# 928 18.751240015 15.15303 14.633 14.93875 15.213
# 929 18.7713639736 15.15303 14.662 14.93875 15.224
# 930 18.7916698456 15.15303 14.695 14.93875 15.228
# 931 18.8117949963 15.15303 14.721 14.93875 15.233
# 932 18.831923008 15.15303 14.736 14.93875 15.244
# 933 18.8521938324 15.15303 14.691 14.93875 15.202
# 934 18.8723199368 15.15303 14.693 14.93875 15.209
# 935 18.89249897 15.15303 14.696 14.93875 15.218
# 936 18.9128668308 15.15303 14.698 14.93875 15.223
# 937 18.9329919815 15.15303 14.7 14.93875 15.227
# 938 18.9531128407 15.15303 14.694 14.93875 15.235
# 939 18.973238945 15.15303 14.686 14.93875 15.24
# 940 18.993366003 15.15303 14.644 14.93875 15.198
# 941 19.0136778355 15.15303 14.704 14.93875 15.251
# 942 19.0338528156 15.15303 14.73 14.93875 15.254
# 943 19.0539739132 15.15303 14.718 14.93875 15.214
# 944 19.0740969181 15.15303 14.755 14.93875 15.22
# 945 19.0943880081 15.15303 14.796 14.93875 15.225
# 946 19.1145880222 15.15303 14.821 14.93875 15.238
# 947 19.1348838806 15.15303 14.826 14.93875 15.24
# 948 19.1550610065 15.15303 14.815 14.93875 15.243
# 949 19.1751840115 15.15303 14.789 14.93875 15.252
# 950 19.1953070164 15.15303 14.758 14.93875 15.253
# 951 19.2156720161 15.15303 14.699 14.93875 15.213
# 952 19.235850811 15.15303 14.751 14.93875 15.264
# 953 19.2560288906 15.15303 14.773 14.93875 15.266
# 954 19.2762567997 15.15303 14.8 14.93875 15.273
# 955 19.2964320183 15.15303 14.822 14.93875 15.276
# 956 19.3166408539 15.15303 14.843 14.93875 15.286
# 957 19.3367660046 15.15303 14.856 14.93875 15.29
# 958 19.3568890095 15.15303 14.867 14.93875 15.292
# 959 19.3771178722 15.15303 14.873 14.93875 15.3
# 960 19.3973348141 15.15303 14.855 14.93875 15.301
# 961 19.4175469875 15.15303 14.791 14.93875 15.259
# 962 19.437723875 15.15303 14.806 14.93875 15.305
# 963 19.4578998089 15.15303 14.79 14.93875 15.303
# 964 19.4781208038 15.15303 14.777 14.93875 15.306
# 965 19.4983279705 15.15303 14.749 14.93875 15.304
# 966 19.5185058117 15.15303 14.687 14.93875 15.261
# 967 19.5386788845 15.15303 14.728 14.93875 15.307
# 968 19.5588569641 15.15303 14.741 14.93875 15.304
# 969 19.5790708065 15.15303 14.771 14.93875 15.31
# 970 19.599241972 15.15303 14.805 14.93875 15.312
# 971 19.6194598675 15.15303 14.786 14.93875 15.266
# 972 19.6396548748 15.15303 14.821 14.93875 15.272
# 973 19.6598780155 15.15303 14.833 14.93875 15.274
# 974 19.6801400185 15.15303 14.828 14.93875 15.275
# 975 19.7003509998 15.15303 14.818 14.93875 15.28
# 976 19.7205219269 15.15303 14.791 14.93875 15.279
# 977 19.7407019138 15.15303 14.767 14.93875 15.282
# 978 19.7609028816 15.15303 14.734 14.93875 15.278
# 979 19.7810809612 15.15303 14.724 14.93875 15.276
# 980 19.8013010025 15.15303 14.738 14.93875 15.283
# 981 19.8215088844 15.15303 14.762 14.93875 15.28
# 982 19.8416309357 15.15303 14.783 14.93875 15.287
# 983 19.8618509769 15.15303 14.794 14.93875 15.287
# 984 19.8820278645 15.15303 14.792 14.93875 15.287
# 985 19.9022028446 15.15303 14.795 14.93875 15.293
# 986 19.9223759174 15.15303 14.794 14.93875 15.294
# 987 19.9425888062 15.15303 14.75 14.93875 15.25
# 988 19.9627628326 15.15303 14.775 14.93875 15.296
# 989 19.9829800129 15.15303 14.746 14.93875 15.288
# 990 20.0031559467 15.15303 14.729 14.93875 15.292
# 991 20.0233669281 15.15303 14.704 14.93875 15.291
# 992 20.0435729027 15.15303 14.654 14.93875 15.244
# 993 20.0637469292 15.15303 14.692 14.93875 15.291
# 994 20.0839238167 15.15303 14.681 14.93875 15.287
# 995 20.1041338444 15.15303 14.681 14.93875 15.294
# 996 20.1243078709 15.15303 14.69 14.93875 15.293
# 997 20.1444838047 15.15303 14.665 14.93875 15.248
# 998 20.1646659374 15.15303 14.707 14.93875 15.252
# 999 20.1848728657 15.15303 14.736 14.93875 15.256
# 1000 20.2050418854 15.15303 14.74 14.93875 15.256
