### Ensaio para Levantamento das Plantas dos Motores ###

# Parâmetros #

# Número do Ensaio: 5
# Frequência de Amostragem: 50.0 Hz
# Número de Amostras: 1000
# Velocidade de Referência Direita: -0.5 
# Velocidade de Referência Esquerda: -0.5 

* 1 0.0 -15.15303 0.0 -14.93875 0.0
* 2 0.0201439857483 -15.15303 -0.501 -14.93875 -0.364
* 3 0.0402939319611 -15.15303 -1.249 -14.93875 -1.011
* 4 0.060436964035 -15.15303 -2.214 -14.93875 -1.877
* 5 0.0806288719177 -15.15303 -3.079 -14.93875 -2.668
* 6 0.100769996643 -15.15303 -3.813 -14.93875 -3.348
* 7 0.120913028717 -15.15303 -4.575 -14.93875 -4.051
* 8 0.141048908234 -15.15303 -5.237 -14.93875 -4.664
* 9 0.161187887192 -15.15303 -5.843 -14.93875 -5.225
* 10 0.181335926056 -15.15303 -6.475 -14.93875 -5.806
* 11 0.201478004456 -15.15303 -7.07 -14.93875 -6.352
* 12 0.221616983414 -15.15303 -7.581 -14.93875 -6.819
* 13 0.241761922836 -15.15303 -8.061 -14.93875 -7.257
* 14 0.26189994812 -15.15303 -8.552 -14.93875 -7.709
* 15 0.282038927078 -15.15303 -8.974 -14.93875 -8.094
* 16 0.302183866501 -15.15303 -9.404 -14.93875 -8.49
* 17 0.322327852249 -15.15303 -9.773 -14.93875 -8.832
* 18 0.342480897903 -15.15303 -10.143 -14.93875 -9.181
* 19 0.362695932388 -15.15303 -10.491 -14.93875 -9.508
* 20 0.382835865021 -15.15303 -10.789 -14.93875 -9.79
* 21 0.402983903885 -15.15303 -11.092 -14.93875 -10.082
* 22 0.423933982849 -15.15303 -11.328 -14.93875 -10.308
* 23 0.444742918015 -15.15303 -11.598 -14.93875 -10.565
* 24 0.46488404274 -15.15303 -11.842 -14.93875 -10.805
* 25 0.48567199707 -15.15303 -12.067 -14.93875 -11.03
* 26 0.506147861481 -15.15303 -12.256 -14.93875 -11.226
* 27 0.526922941208 -15.15303 -12.437 -14.93875 -11.424
* 28 0.547830820084 -15.15303 -12.592 -14.93875 -11.611
* 29 0.5686378479 -15.15303 -12.732 -14.93875 -11.784
* 30 0.588783025742 -15.15303 -12.811 -14.93875 -11.901
* 31 0.609258890152 -15.15303 -12.933 -14.93875 -12.053
* 32 0.630045890808 -15.15303 -13.057 -14.93875 -12.196
* 33 0.650684833527 -15.15303 -13.174 -14.93875 -12.33
* 34 0.671082019806 -15.15303 -13.275 -14.93875 -12.451
* 35 0.691515922546 -15.15303 -13.383 -14.93875 -12.569
* 36 0.71168088913 -15.15303 -13.496 -14.93875 -12.68
* 37 0.731822967529 -15.15303 -13.554 -14.93875 -12.737
* 38 0.752034902573 -15.15303 -13.704 -14.93875 -12.88
* 39 0.772178888321 -15.15303 -13.741 -14.93875 -12.923
* 40 0.792320013046 -15.15303 -13.864 -14.93875 -13.052
* 41 0.81324005127 -15.15303 -13.943 -14.93875 -13.134
* 42 0.833381891251 -15.15303 -14.019 -14.93875 -13.209
* 43 0.854179859161 -15.15303 -14.087 -14.93875 -13.277
* 44 0.875097990036 -15.15303 -14.144 -14.93875 -13.344
* 45 0.895900011063 -15.15303 -14.205 -14.93875 -13.407
* 46 0.916383981705 -15.15303 -14.265 -14.93875 -13.466
* 47 0.937203884125 -15.15303 -14.331 -14.93875 -13.522
* 48 0.957705020905 -15.15303 -14.355 -14.93875 -13.533
* 49 0.977846860886 -15.15303 -14.434 -14.93875 -13.584
* 50 0.99879193306 -15.15303 -14.51 -14.93875 -13.635
* 51 1.01895594597 -15.15303 -14.58 -14.93875 -13.682
* 52 1.0391190052 -15.15303 -14.646 -14.93875 -13.726
* 53 1.05943989754 -15.15303 -14.697 -14.93875 -13.767
* 54 1.08019089699 -15.15303 -14.689 -14.93875 -13.763
* 55 1.10057497025 -15.15303 -14.751 -14.93875 -13.843
* 56 1.12096405029 -15.15303 -14.742 -14.93875 -13.878
* 57 1.14135503769 -15.15303 -14.725 -14.93875 -13.912
* 58 1.1617410183 -15.15303 -14.692 -14.93875 -13.938
* 59 1.18212389946 -15.15303 -14.657 -14.93875 -13.964
* 60 1.20250296593 -15.15303 -14.629 -14.93875 -13.985
* 61 1.22288584709 -15.15303 -14.616 -14.93875 -14.011
* 62 1.24329900742 -15.15303 -14.61 -14.93875 -14.034
* 63 1.26368284225 -15.15303 -14.622 -14.93875 -14.054
* 64 1.28407788277 -15.15303 -14.599 -14.93875 -14.03
* 65 1.30439090729 -15.15303 -14.621 -14.93875 -14.05
* 66 1.32469892502 -15.15303 -14.635 -14.93875 -14.07
* 67 1.34507799149 -15.15303 -14.632 -14.93875 -14.087
* 68 1.36539101601 -15.15303 -14.63 -14.93875 -14.103
* 69 1.38586497307 -15.15303 -14.6 -14.93875 -14.078
* 70 1.40625882149 -15.15303 -14.669 -14.93875 -14.139
* 71 1.4266500473 -15.15303 -14.647 -14.93875 -14.11
* 72 1.44726085663 -15.15303 -14.659 -14.93875 -14.124
* 73 1.46764183044 -15.15303 -14.667 -14.93875 -14.136
* 74 1.48800301552 -15.15303 -14.684 -14.93875 -14.154
* 75 1.50837802887 -15.15303 -14.71 -14.93875 -14.165
* 76 1.52869391441 -15.15303 -14.745 -14.93875 -14.179
* 77 1.54899787903 -15.15303 -14.739 -14.93875 -14.148
* 78 1.56935691833 -15.15303 -14.828 -14.93875 -14.206
* 79 1.58974885941 -15.15303 -14.862 -14.93875 -14.217
* 80 1.61017799377 -15.15303 -14.842 -14.93875 -14.182
* 81 1.63055205345 -15.15303 -14.898 -14.93875 -14.235
* 82 1.65091300011 -15.15303 -14.89 -14.93875 -14.243
* 83 1.67126297951 -15.15303 -14.871 -14.93875 -14.256
* 84 1.69178700447 -15.15303 -14.829 -14.93875 -14.26
* 85 1.71254491806 -15.15303 -14.783 -14.93875 -14.266
* 86 1.73310399055 -15.15303 -14.741 -14.93875 -14.271
* 87 1.75360202789 -15.15303 -14.707 -14.93875 -14.273
* 88 1.77398490906 -15.15303 -14.634 -14.93875 -14.233
* 89 1.79436182976 -15.15303 -14.614 -14.93875 -14.236
* 90 1.81474304199 -15.15303 -14.603 -14.93875 -14.242
* 91 1.83512783051 -15.15303 -14.602 -14.93875 -14.246
* 92 1.85543584824 -15.15303 -14.612 -14.93875 -14.248
* 93 1.87576389313 -15.15303 -14.585 -14.93875 -14.212
* 94 1.89614391327 -15.15303 -14.65 -14.93875 -14.258
* 95 1.91651988029 -15.15303 -14.616 -14.93875 -14.215
* 96 1.93689799309 -15.15303 -14.625 -14.93875 -14.221
* 97 1.95720887184 -15.15303 -14.631 -14.93875 -14.227
* 98 1.97759199142 -15.15303 -14.63 -14.93875 -14.231
* 99 1.9981739521 -15.15303 -14.618 -14.93875 -14.235
* 100 2.01855182648 -15.15303 -14.603 -14.93875 -14.237
* 101 2.03894782066 -15.15303 -14.551 -14.93875 -14.202
* 102 2.059278965 -15.15303 -14.601 -14.93875 -14.25
* 103 2.07966399193 -15.15303 -14.627 -14.93875 -14.256
* 104 2.10002994537 -15.15303 -14.616 -14.93875 -14.221
* 105 2.12041592598 -15.15303 -14.706 -14.93875 -14.268
* 106 2.14090585709 -15.15303 -14.748 -14.93875 -14.27
* 107 2.16125893593 -15.15303 -14.787 -14.93875 -14.282
* 108 2.18173694611 -15.15303 -14.815 -14.93875 -14.286
* 109 2.20247983932 -15.15303 -14.825 -14.93875 -14.288
* 110 2.22311997414 -15.15303 -14.815 -14.93875 -14.29
* 111 2.24353384972 -15.15303 -14.789 -14.93875 -14.293
* 112 2.26403403282 -15.15303 -14.719 -14.93875 -14.255
* 113 2.28442192078 -15.15303 -14.728 -14.93875 -14.299
* 114 2.30478382111 -15.15303 -14.701 -14.93875 -14.299
* 115 2.32509088516 -15.15303 -14.636 -14.93875 -14.26
* 116 2.3455619812 -15.15303 -14.643 -14.93875 -14.304
* 117 2.36586689949 -15.15303 -14.605 -14.93875 -14.304
* 118 2.38618183136 -15.15303 -14.58 -14.93875 -14.307
* 119 2.40664887428 -15.15303 -14.554 -14.93875 -14.306
* 120 2.42695498466 -15.15303 -14.545 -14.93875 -14.303
* 121 2.44725894928 -15.15303 -14.544 -14.93875 -14.308
* 122 2.46773886681 -15.15303 -14.534 -14.93875 -14.304
* 123 2.48833990097 -15.15303 -14.521 -14.93875 -14.303
* 124 2.50876498222 -15.15303 -14.507 -14.93875 -14.303
* 125 2.52905893326 -15.15303 -14.494 -14.93875 -14.308
* 126 2.54953193665 -15.15303 -14.479 -14.93875 -14.308
* 127 2.56983304024 -15.15303 -14.468 -14.93875 -14.305
* 128 2.59022092819 -15.15303 -14.417 -14.93875 -14.264
* 129 2.61071681976 -15.15303 -14.459 -14.93875 -14.307
* 130 2.63104104996 -15.15303 -14.469 -14.93875 -14.308
* 131 2.6514339447 -15.15303 -14.501 -14.93875 -14.31
* 132 2.67192697525 -15.15303 -14.492 -14.93875 -14.271
* 133 2.69232583046 -15.15303 -14.57 -14.93875 -14.319
* 134 2.71291399002 -15.15303 -14.579 -14.93875 -14.32
* 135 2.73341202736 -15.15303 -14.537 -14.93875 -14.279
* 136 2.753895998 -15.15303 -14.541 -14.93875 -14.283
* 137 2.7743730545 -15.15303 -14.534 -14.93875 -14.285
* 138 2.79484891891 -15.15303 -14.521 -14.93875 -14.294
* 139 2.81524801254 -15.15303 -14.491 -14.93875 -14.297
* 140 2.83573198318 -15.15303 -14.468 -14.93875 -14.298
* 141 2.85620594025 -15.15303 -14.401 -14.93875 -14.257
* 142 2.87651705742 -15.15303 -14.387 -14.93875 -14.26
* 143 2.89709186554 -15.15303 -14.377 -14.93875 -14.266
* 144 2.91739988327 -15.15303 -14.357 -14.93875 -14.27
* 145 2.93779587746 -15.15303 -14.332 -14.93875 -14.271
* 146 2.9582400322 -15.15303 -14.32 -14.93875 -14.278
* 147 2.97919797897 -15.15303 -14.313 -14.93875 -14.278
* 148 2.99956893921 -15.15303 -14.33 -14.93875 -14.28
* 149 3.01988482475 -15.15303 -14.353 -14.93875 -14.281
* 150 3.04027795792 -15.15303 -14.379 -14.93875 -14.287
* 151 3.06075596809 -15.15303 -14.394 -14.93875 -14.287
* 152 3.08114504814 -15.15303 -14.392 -14.93875 -14.285
* 153 3.10799884796 -15.15303 -14.368 -14.93875 -14.271
* 154 3.12848091125 -15.15303 -14.366 -14.93875 -14.271
* 155 3.14886188507 -15.15303 -14.373 -14.93875 -14.278
* 156 3.16924405098 -15.15303 -14.38 -14.93875 -14.277
* 157 3.18956589699 -15.15303 -14.399 -14.93875 -14.277
* 158 3.20987200737 -15.15303 -14.385 -14.93875 -14.239
* 159 3.23025488853 -15.15303 -14.465 -14.93875 -14.286
* 160 3.25072383881 -15.15303 -14.497 -14.93875 -14.29
* 161 3.27112698555 -15.15303 -14.473 -14.93875 -14.244
* 162 3.29148387909 -15.15303 -14.486 -14.93875 -14.249
* 163 3.31188082695 -15.15303 -14.501 -14.93875 -14.258
* 164 3.33219790459 -15.15303 -14.519 -14.93875 -14.262
* 165 3.35295200348 -15.15303 -14.545 -14.93875 -14.268
* 166 3.37336301804 -15.15303 -14.52 -14.93875 -14.228
* 167 3.39397597313 -15.15303 -14.528 -14.93875 -14.235
* 168 3.41428995132 -15.15303 -14.526 -14.93875 -14.244
* 169 3.43460583687 -15.15303 -14.513 -14.93875 -14.247
* 170 3.4549138546 -15.15303 -14.496 -14.93875 -14.251
* 171 3.47544598579 -15.15303 -14.471 -14.93875 -14.256
* 172 3.49634099007 -15.15303 -14.447 -14.93875 -14.259
* 173 3.51672697067 -15.15303 -14.387 -14.93875 -14.222
* 174 3.53711104393 -15.15303 -14.416 -14.93875 -14.27
* 175 3.5574259758 -15.15303 -14.374 -14.93875 -14.228
* 176 3.57779788971 -15.15303 -14.389 -14.93875 -14.233
* 177 3.59817695618 -15.15303 -14.402 -14.93875 -14.243
* 178 3.61853885651 -15.15303 -14.39 -14.93875 -14.246
* 179 3.63894295692 -15.15303 -14.372 -14.93875 -14.247
* 180 3.65933704376 -15.15303 -14.352 -14.93875 -14.248
* 181 3.67975783348 -15.15303 -14.3 -14.93875 -14.21
* 182 3.70015883446 -15.15303 -14.347 -14.93875 -14.258
* 183 3.72054004669 -15.15303 -14.315 -14.93875 -14.217
* 184 3.74092793465 -15.15303 -14.327 -14.93875 -14.221
* 185 3.76131391525 -15.15303 -14.336 -14.93875 -14.225
* 186 3.78169703484 -15.15303 -14.351 -14.93875 -14.233
* 187 3.80208683014 -15.15303 -14.369 -14.93875 -14.24
* 188 3.82249593735 -15.15303 -14.386 -14.93875 -14.247
* 189 3.84298682213 -15.15303 -14.353 -14.93875 -14.209
* 190 3.86339187622 -15.15303 -14.353 -14.93875 -14.215
* 191 3.88397502899 -15.15303 -14.357 -14.93875 -14.228
* 192 3.904337883 -15.15303 -14.36 -14.93875 -14.237
* 193 3.92493796349 -15.15303 -14.366 -14.93875 -14.243
* 194 3.94525289536 -15.15303 -14.33 -14.93875 -14.211
* 195 3.96573495865 -15.15303 -14.372 -14.93875 -14.262
* 196 3.98611783981 -15.15303 -14.348 -14.93875 -14.266
* 197 4.00643086433 -15.15303 -14.322 -14.93875 -14.27
* 198 4.02680897713 -15.15303 -14.306 -14.93875 -14.275
* 199 4.04719305038 -15.15303 -14.302 -14.93875 -14.279
* 200 4.06751203537 -15.15303 -14.305 -14.93875 -14.286
* 201 4.08782887459 -15.15303 -14.27 -14.93875 -14.245
* 202 4.10830593109 -15.15303 -14.275 -14.93875 -14.249
* 203 4.1289498806 -15.15303 -14.291 -14.93875 -14.258
* 204 4.14934182167 -15.15303 -14.314 -14.93875 -14.264
* 205 4.16965198517 -15.15303 -14.342 -14.93875 -14.269
* 206 4.19003582001 -15.15303 -14.321 -14.93875 -14.234
* 207 4.21041893959 -15.15303 -14.376 -14.93875 -14.282
* 208 4.23079490662 -15.15303 -14.374 -14.93875 -14.283
* 209 4.25116205215 -15.15303 -14.376 -14.93875 -14.289
* 210 4.27155089378 -15.15303 -14.38 -14.93875 -14.291
* 211 4.29191303253 -15.15303 -14.388 -14.93875 -14.293
* 212 4.31229400635 -15.15303 -14.397 -14.93875 -14.296
* 213 4.33283996582 -15.15303 -14.359 -14.93875 -14.259
* 214 4.35322284698 -15.15303 -14.413 -14.93875 -14.308
* 215 4.37373495102 -15.15303 -14.426 -14.93875 -14.311
* 216 4.39412784576 -15.15303 -14.406 -14.93875 -14.269
* 217 4.41443395615 -15.15303 -14.435 -14.93875 -14.273
* 218 4.43483090401 -15.15303 -14.46 -14.93875 -14.283
* 219 4.45522999763 -15.15303 -14.473 -14.93875 -14.29
* 220 4.47563505173 -15.15303 -14.486 -14.93875 -14.295
* 221 4.49652886391 -15.15303 -14.453 -14.93875 -14.256
* 222 4.51700592041 -15.15303 -14.449 -14.93875 -14.261
* 223 4.53747987747 -15.15303 -14.438 -14.93875 -14.267
* 224 4.55862784386 -15.15303 -14.412 -14.93875 -14.27
* 225 4.57903695107 -15.15303 -14.393 -14.93875 -14.279
* 226 4.59934592247 -15.15303 -14.377 -14.93875 -14.282
* 227 4.61973905563 -15.15303 -14.382 -14.93875 -14.285
* 228 4.64012694359 -15.15303 -14.402 -14.93875 -14.293
* 229 4.6605360508 -15.15303 -14.421 -14.93875 -14.297
* 230 4.68084692955 -15.15303 -14.441 -14.93875 -14.299
* 231 4.70125484467 -15.15303 -14.459 -14.93875 -14.306
* 232 4.72179198265 -15.15303 -14.471 -14.93875 -14.307
* 233 4.74209785461 -15.15303 -14.488 -14.93875 -14.305
* 234 4.76247286797 -15.15303 -14.487 -14.93875 -14.307
* 235 4.78287386894 -15.15303 -14.473 -14.93875 -14.312
* 236 4.80325698853 -15.15303 -14.447 -14.93875 -14.31
* 237 4.82375788689 -15.15303 -14.427 -14.93875 -14.31
* 238 4.84412503242 -15.15303 -14.385 -14.93875 -14.268
* 239 4.86450004578 -15.15303 -14.447 -14.93875 -14.311
* 240 4.88488602638 -15.15303 -14.475 -14.93875 -14.312
* 241 4.9052670002 -15.15303 -14.505 -14.93875 -14.318
* 242 4.92556786537 -15.15303 -14.538 -14.93875 -14.318
* 243 4.94587993622 -15.15303 -14.575 -14.93875 -14.318
* 244 4.9663579464 -15.15303 -14.616 -14.93875 -14.318
* 245 4.9869158268 -15.15303 -14.655 -14.93875 -14.324
* 246 5.00721693039 -15.15303 -14.693 -14.93875 -14.327
* 247 5.02778601646 -15.15303 -14.722 -14.93875 -14.33
* 248 5.0481698513 -15.15303 -14.694 -14.93875 -14.291
* 249 5.06856799126 -15.15303 -14.739 -14.93875 -14.337
* 250 5.08921599388 -15.15303 -14.722 -14.93875 -14.338
* 251 5.10970783234 -15.15303 -14.699 -14.93875 -14.338
* 252 5.13030099869 -15.15303 -14.674 -14.93875 -14.338
* 253 5.15066099167 -15.15303 -14.609 -14.93875 -14.297
* 254 5.17105388641 -15.15303 -14.636 -14.93875 -14.344
* 255 5.19136190414 -15.15303 -14.579 -14.93875 -14.3
* 256 5.2117459774 -15.15303 -14.567 -14.93875 -14.3
* 257 5.23212790489 -15.15303 -14.568 -14.93875 -14.309
* 258 5.25250792503 -15.15303 -14.571 -14.93875 -14.311
* 259 5.27291297913 -15.15303 -14.581 -14.93875 -14.312
* 260 5.29339504242 -15.15303 -14.601 -14.93875 -14.313
* 261 5.31414985657 -15.15303 -14.618 -14.93875 -14.318
* 262 5.3347568512 -15.15303 -14.617 -14.93875 -14.317
* 263 5.35514998436 -15.15303 -14.606 -14.93875 -14.316
* 264 5.37544703484 -15.15303 -14.593 -14.93875 -14.315
* 265 5.3957669735 -15.15303 -14.597 -14.93875 -14.319
* 266 5.41617703438 -15.15303 -14.604 -14.93875 -14.318
* 267 5.43648290634 -15.15303 -14.618 -14.93875 -14.32
* 268 5.45679497719 -15.15303 -14.59 -14.93875 -14.279
* 269 5.47716403008 -15.15303 -14.66 -14.93875 -14.327
* 270 5.49773597717 -15.15303 -14.687 -14.93875 -14.331
* 271 5.51826190948 -15.15303 -14.669 -14.93875 -14.289
* 272 5.5388379097 -15.15303 -14.7 -14.93875 -14.293
* 273 5.55931186676 -15.15303 -14.722 -14.93875 -14.298
* 274 5.57968688011 -15.15303 -14.738 -14.93875 -14.307
* 275 5.60000085831 -15.15303 -14.744 -14.93875 -14.312
* 276 5.62031793594 -15.15303 -14.706 -14.93875 -14.271
* 277 5.64067983627 -15.15303 -14.718 -14.93875 -14.278
* 278 5.66143298149 -15.15303 -14.725 -14.93875 -14.282
* 279 5.68203902245 -15.15303 -14.729 -14.93875 -14.289
* 280 5.70239686966 -15.15303 -14.721 -14.93875 -14.293
* 281 5.72278285027 -15.15303 -14.699 -14.93875 -14.297
* 282 5.74309682846 -15.15303 -14.689 -14.93875 -14.303
* 283 5.76346802711 -15.15303 -14.682 -14.93875 -14.304
* 284 5.78386092186 -15.15303 -14.681 -14.93875 -14.303
* 285 5.80424904823 -15.15303 -14.685 -14.93875 -14.305
* 286 5.8245549202 -15.15303 -14.651 -14.93875 -14.268
* 287 5.8448779583 -15.15303 -14.715 -14.93875 -14.317
* 288 5.8654229641 -15.15303 -14.686 -14.93875 -14.274
* 289 5.88595986366 -15.15303 -14.7 -14.93875 -14.277
* 290 5.90632295609 -15.15303 -14.715 -14.93875 -14.279
* 291 5.92672801018 -15.15303 -14.722 -14.93875 -14.287
* 292 5.94710993767 -15.15303 -14.716 -14.93875 -14.29
* 293 5.96759390831 -15.15303 -14.712 -14.93875 -14.294
* 294 5.98810386658 -15.15303 -14.669 -14.93875 -14.253
* 295 6.00850486755 -15.15303 -14.674 -14.93875 -14.256
* 296 6.02888298035 -15.15303 -14.683 -14.93875 -14.267
* 297 6.04918193817 -15.15303 -14.696 -14.93875 -14.271
* 298 6.06953787804 -15.15303 -14.715 -14.93875 -14.277
* 299 6.09029388428 -15.15303 -14.744 -14.93875 -14.284
* 300 6.11119699478 -15.15303 -14.731 -14.93875 -14.247
* 301 6.13167095184 -15.15303 -14.77 -14.93875 -14.255
* 302 6.15204787254 -15.15303 -14.799 -14.93875 -14.266
* 303 6.17243099213 -15.15303 -14.818 -14.93875 -14.276
* 304 6.19282102585 -15.15303 -14.828 -14.93875 -14.283
* 305 6.21319794655 -15.15303 -14.837 -14.93875 -14.293
* 306 6.2335858345 -15.15303 -14.827 -14.93875 -14.297
* 307 6.25405097008 -15.15303 -14.799 -14.93875 -14.302
* 308 6.27443790436 -15.15303 -14.772 -14.93875 -14.306
* 309 6.29475593567 -15.15303 -14.756 -14.93875 -14.316
* 310 6.31537389755 -15.15303 -14.743 -14.93875 -14.319
* 311 6.33576202393 -15.15303 -14.746 -14.93875 -14.321
* 312 6.35607194901 -15.15303 -14.713 -14.93875 -14.278
* 313 6.37637686729 -15.15303 -14.734 -14.93875 -14.282
* 314 6.39668083191 -15.15303 -14.763 -14.93875 -14.289
* 315 6.41706204414 -15.15303 -14.787 -14.93875 -14.292
* 316 6.43754005432 -15.15303 -14.806 -14.93875 -14.295
* 317 6.45798897743 -15.15303 -14.765 -14.93875 -14.258
* 318 6.47835993767 -15.15303 -14.792 -14.93875 -14.303
* 319 6.49876093864 -15.15303 -14.768 -14.93875 -14.3
* 320 6.51915001869 -15.15303 -14.756 -14.93875 -14.306
* 321 6.53951191902 -15.15303 -14.752 -14.93875 -14.304
* 322 6.55987787247 -15.15303 -14.764 -14.93875 -14.303
* 323 6.5802628994 -15.15303 -14.788 -14.93875 -14.305
* 324 6.60062885284 -15.15303 -14.818 -14.93875 -14.312
* 325 6.62113285065 -15.15303 -14.851 -14.93875 -14.315
* 326 6.64148902893 -15.15303 -14.841 -14.93875 -14.274
* 327 6.66193199158 -15.15303 -14.885 -14.93875 -14.279
* 328 6.68229198456 -15.15303 -14.923 -14.93875 -14.283
* 329 6.70303988457 -15.15303 -14.96 -14.93875 -14.293
* 330 6.72363090515 -15.15303 -14.987 -14.93875 -14.297
* 331 6.74432301521 -15.15303 -15.015 -14.93875 -14.301
* 332 6.76471805573 -15.15303 -15.049 -14.93875 -14.307
* 333 6.78502392769 -15.15303 -15.03 -14.93875 -14.272
* 334 6.8054189682 -15.15303 -15.081 -14.93875 -14.321
* 335 6.8258228302 -15.15303 -15.07 -14.93875 -14.323
* 336 6.84612798691 -15.15303 -15.062 -14.93875 -14.331
* 337 6.86643385887 -15.15303 -15.045 -14.93875 -14.332
* 338 6.88700699806 -15.15303 -15.03 -14.93875 -14.336
* 339 6.90740990639 -15.15303 -15.016 -14.93875 -14.338
* 340 6.92779493332 -15.15303 -14.961 -14.93875 -14.301
* 341 6.94818091393 -15.15303 -15.0 -14.93875 -14.347
* 342 6.96857094765 -15.15303 -14.998 -14.93875 -14.349
* 343 6.98887586594 -15.15303 -14.958 -14.93875 -14.305
* 344 7.00926589966 -15.15303 -14.959 -14.93875 -14.307
* 345 7.02973604202 -15.15303 -14.956 -14.93875 -14.315
* 346 7.05012392998 -15.15303 -14.939 -14.93875 -14.316
* 347 7.07050991058 -15.15303 -14.925 -14.93875 -14.319
* 348 7.09089398384 -15.15303 -14.875 -14.93875 -14.281
* 349 7.11128282547 -15.15303 -14.926 -14.93875 -14.327
* 350 7.13166904449 -15.15303 -14.935 -14.93875 -14.329
* 351 7.1520318985 -15.15303 -14.903 -14.93875 -14.291
* 352 7.17241001129 -15.15303 -14.965 -14.93875 -14.336
* 353 7.19279503822 -15.15303 -14.992 -14.93875 -14.34
* 354 7.21338295937 -15.15303 -15.021 -14.93875 -14.346
* 355 7.23379302025 -15.15303 -15.001 -14.93875 -14.308
* 356 7.25417995453 -15.15303 -15.069 -14.93875 -14.358
* 357 7.27456092834 -15.15303 -15.081 -14.93875 -14.361
* 358 7.29499101639 -15.15303 -15.048 -14.93875 -14.323
* 359 7.31563091278 -15.15303 -15.11 -14.93875 -14.369
* 360 7.33601903915 -15.15303 -15.112 -14.93875 -14.372
* 361 7.35633683205 -15.15303 -15.102 -14.93875 -14.374
* 362 7.3767209053 -15.15303 -15.037 -14.93875 -14.337
* 363 7.39702796936 -15.15303 -15.047 -14.93875 -14.383
* 364 7.41734194756 -15.15303 -15.015 -14.93875 -14.385
* 365 7.43781805038 -15.15303 -14.948 -14.93875 -14.34
* 366 7.458288908 -15.15303 -14.926 -14.93875 -14.342
* 367 7.4788479805 -15.15303 -14.909 -14.93875 -14.348
* 368 7.49923205376 -15.15303 -14.891 -14.93875 -14.349
* 369 7.51955199242 -15.15303 -14.884 -14.93875 -14.35
* 370 7.53995490074 -15.15303 -14.839 -14.93875 -14.31
* 371 7.56033492088 -15.15303 -14.877 -14.93875 -14.355
* 372 7.58069586754 -15.15303 -14.861 -14.93875 -14.354
* 373 7.6010799408 -15.15303 -14.847 -14.93875 -14.358
* 374 7.62146997452 -15.15303 -14.829 -14.93875 -14.355
* 375 7.64184188843 -15.15303 -14.826 -14.93875 -14.356
* 376 7.66223096848 -15.15303 -14.828 -14.93875 -14.357
* 377 7.68261504173 -15.15303 -14.791 -14.93875 -14.316
* 378 7.70297384262 -15.15303 -14.847 -14.93875 -14.364
* 379 7.72344183922 -15.15303 -14.809 -14.93875 -14.32
* 380 7.74400687218 -15.15303 -14.822 -14.93875 -14.324
* 381 7.76431703568 -15.15303 -14.839 -14.93875 -14.325
* 382 7.78469586372 -15.15303 -14.862 -14.93875 -14.334
* 383 7.80535793304 -15.15303 -14.873 -14.93875 -14.338
* 384 7.82574391365 -15.15303 -14.882 -14.93875 -14.343
* 385 7.84636688232 -15.15303 -14.844 -14.93875 -14.303
* 386 7.86667585373 -15.15303 -14.864 -14.93875 -14.308
* 387 7.88703989983 -15.15303 -14.885 -14.93875 -14.315
* 388 7.90742397308 -15.15303 -14.9 -14.93875 -14.319
* 389 7.92772483826 -15.15303 -14.901 -14.93875 -14.324
* 390 7.94809985161 -15.15303 -14.901 -14.93875 -14.334
* 391 7.96840286255 -15.15303 -14.884 -14.93875 -14.337
* 392 7.98878788948 -15.15303 -14.865 -14.93875 -14.338
* 393 8.00911784172 -15.15303 -14.85 -14.93875 -14.343
* 394 8.02948188782 -15.15303 -14.823 -14.93875 -14.341
* 395 8.04988598824 -15.15303 -14.791 -14.93875 -14.342
* 396 8.07019782066 -15.15303 -14.76 -14.93875 -14.341
* 397 8.09075593948 -15.15303 -14.747 -14.93875 -14.344
* 398 8.11114096642 -15.15303 -14.734 -14.93875 -14.343
* 399 8.13157892227 -15.15303 -14.721 -14.93875 -14.341
* 400 8.15189194679 -15.15303 -14.665 -14.93875 -14.3
* 401 8.17236495018 -15.15303 -14.692 -14.93875 -14.342
* 402 8.19283890724 -15.15303 -14.686 -14.93875 -14.339
* 403 8.21333789825 -15.15303 -14.695 -14.93875 -14.338
* 404 8.23373889923 -15.15303 -14.665 -14.93875 -14.294
* 405 8.25417399406 -15.15303 -14.69 -14.93875 -14.3
* 406 8.27469801903 -15.15303 -14.708 -14.93875 -14.302
* 407 8.29509091377 -15.15303 -14.726 -14.93875 -14.305
* 408 8.31561493874 -15.15303 -14.749 -14.93875 -14.309
* 409 8.33601784706 -15.15303 -14.776 -14.93875 -14.318
* 410 8.35649895668 -15.15303 -14.782 -14.93875 -14.32
* 411 8.37697601318 -15.15303 -14.767 -14.93875 -14.324
* 412 8.39837884903 -15.15303 -14.742 -14.93875 -14.327
* 413 8.41876387596 -15.15303 -14.715 -14.93875 -14.328
* 414 8.43912482262 -15.15303 -14.656 -14.93875 -14.287
* 415 8.45951199532 -15.15303 -14.639 -14.93875 -14.29
* 416 8.47989296913 -15.15303 -14.619 -14.93875 -14.297
* 417 8.50027990341 -15.15303 -14.596 -14.93875 -14.299
* 418 8.52066087723 -15.15303 -14.582 -14.93875 -14.301
* 419 8.54103302956 -15.15303 -14.588 -14.93875 -14.306
* 420 8.56158089638 -15.15303 -14.604 -14.93875 -14.307
* 421 8.58196902275 -15.15303 -14.622 -14.93875 -14.31
* 422 8.60235095024 -15.15303 -14.627 -14.93875 -14.312
* 423 8.62273287773 -15.15303 -14.576 -14.93875 -14.272
* 424 8.64312696457 -15.15303 -14.597 -14.93875 -14.316
* 425 8.66359996796 -15.15303 -14.577 -14.93875 -14.316
* 426 8.68384003639 -15.15303 -14.517 -14.93875 -14.271
* 427 8.70422887802 -15.15303 -14.499 -14.93875 -14.274
* 428 8.72469997406 -15.15303 -14.488 -14.93875 -14.279
* 429 8.74514198303 -15.15303 -14.469 -14.93875 -14.283
* 430 8.76575803757 -15.15303 -14.464 -14.93875 -14.284
* 431 8.78614401817 -15.15303 -14.429 -14.93875 -14.244
* 432 8.8064558506 -15.15303 -14.496 -14.93875 -14.291
* 433 8.82719993591 -15.15303 -14.52 -14.93875 -14.293
* 434 8.84758090973 -15.15303 -14.547 -14.93875 -14.295
* 435 8.86800885201 -15.15303 -14.574 -14.93875 -14.304
* 436 8.88839197159 -15.15303 -14.6 -14.93875 -14.307
* 437 8.90870690346 -15.15303 -14.63 -14.93875 -14.311
* 438 8.92910885811 -15.15303 -14.654 -14.93875 -14.319
* 439 8.94941592216 -15.15303 -14.667 -14.93875 -14.323
* 440 8.96977305412 -15.15303 -14.678 -14.93875 -14.325
* 441 8.9901008606 -15.15303 -14.693 -14.93875 -14.333
* 442 9.01041793823 -15.15303 -14.699 -14.93875 -14.331
* 443 9.030823946 -15.15303 -14.701 -14.93875 -14.331
* 444 9.05120301247 -15.15303 -14.689 -14.93875 -14.331
* 445 9.07159495354 -15.15303 -14.675 -14.93875 -14.337
* 446 9.092015028 -15.15303 -14.655 -14.93875 -14.335
* 447 9.11239290237 -15.15303 -14.594 -14.93875 -14.289
* 448 9.13277387619 -15.15303 -14.595 -14.93875 -14.288
* 449 9.15324401855 -15.15303 -14.603 -14.93875 -14.289
* 450 9.17360687256 -15.15303 -14.609 -14.93875 -14.294
* 451 9.19400382042 -15.15303 -14.609 -14.93875 -14.295
* 452 9.21460604668 -15.15303 -14.611 -14.93875 -14.298
* 453 9.23509001732 -15.15303 -14.572 -14.93875 -14.255
* 454 9.25539684296 -15.15303 -14.579 -14.93875 -14.256
* 455 9.27570390701 -15.15303 -14.587 -14.93875 -14.263
* 456 9.29601383209 -15.15303 -14.578 -14.93875 -14.265
* 457 9.31632089615 -15.15303 -14.568 -14.93875 -14.268
* 458 9.33679485321 -15.15303 -14.522 -14.93875 -14.233
* 459 9.35719299316 -15.15303 -14.577 -14.93875 -14.279
* 460 9.3776679039 -15.15303 -14.588 -14.93875 -14.279
* 461 9.39841985703 -15.15303 -14.553 -14.93875 -14.239
* 462 9.41877889633 -15.15303 -14.559 -14.93875 -14.243
* 463 9.43915700912 -15.15303 -14.567 -14.93875 -14.25
* 464 9.4597029686 -15.15303 -14.585 -14.93875 -14.261
* 465 9.48007583618 -15.15303 -14.609 -14.93875 -14.268
* 466 9.50055193901 -15.15303 -14.627 -14.93875 -14.275
* 467 9.52103185654 -15.15303 -14.576 -14.93875 -14.237
* 468 9.54142999649 -15.15303 -14.545 -14.93875 -14.242
* 469 9.56178498268 -15.15303 -14.522 -14.93875 -14.251
* 470 9.58231782913 -15.15303 -14.506 -14.93875 -14.254
* 471 9.60270190239 -15.15303 -14.493 -14.93875 -14.26
* 472 9.62316584587 -15.15303 -14.441 -14.93875 -14.219
* 473 9.64355301857 -15.15303 -14.44 -14.93875 -14.224
* 474 9.66395783424 -15.15303 -14.448 -14.93875 -14.234
* 475 9.68433094025 -15.15303 -14.459 -14.93875 -14.24
* 476 9.70474004745 -15.15303 -14.47 -14.93875 -14.246
* 477 9.72511792183 -15.15303 -14.48 -14.93875 -14.254
* 478 9.74544000626 -15.15303 -14.475 -14.93875 -14.256
* 479 9.7658200264 -15.15303 -14.453 -14.93875 -14.258
* 480 9.78629994392 -15.15303 -14.434 -14.93875 -14.262
* 481 9.80689001083 -15.15303 -14.432 -14.93875 -14.268
* 482 9.82728385925 -15.15303 -14.433 -14.93875 -14.269
* 483 9.84799194336 -15.15303 -14.44 -14.93875 -14.27
* 484 9.86841201782 -15.15303 -14.446 -14.93875 -14.273
* 485 9.88877296448 -15.15303 -14.41 -14.93875 -14.235
* 486 9.90931582451 -15.15303 -14.465 -14.93875 -14.283
* 487 9.92970085144 -15.15303 -14.481 -14.93875 -14.285
* 488 9.95005488396 -15.15303 -14.45 -14.93875 -14.247
* 489 9.97050905228 -15.15303 -14.501 -14.93875 -14.293
* 490 9.99121499062 -15.15303 -14.504 -14.93875 -14.293
* 491 10.0117590427 -15.15303 -14.507 -14.93875 -14.298
* 492 10.0321388245 -15.15303 -14.52 -14.93875 -14.302
* 493 10.0525300503 -15.15303 -14.494 -14.93875 -14.265
* 494 10.0729398727 -15.15303 -14.547 -14.93875 -14.317
* 495 10.0933308601 -15.15303 -14.486 -14.93875 -14.274
* 496 10.1138010025 -15.15303 -14.461 -14.93875 -14.276
* 497 10.1341938972 -15.15303 -14.445 -14.93875 -14.278
* 498 10.1545798779 -15.15303 -14.458 -14.93875 -14.286
* 499 10.1750659943 -15.15303 -14.479 -14.93875 -14.291
* 500 10.1954100132 -15.15303 -14.504 -14.93875 -14.295
* 501 10.2157509327 -15.15303 -14.479 -14.93875 -14.253
* 502 10.2361478806 -15.15303 -14.492 -14.93875 -14.257
* 503 10.2566239834 -15.15303 -14.504 -14.93875 -14.266
* 504 10.2770149708 -15.15303 -14.505 -14.93875 -14.27
* 505 10.2973248959 -15.15303 -14.502 -14.93875 -14.272
* 506 10.317704916 -15.15303 -14.451 -14.93875 -14.235
* 507 10.3380630016 -15.15303 -14.483 -14.93875 -14.28
* 508 10.3583738804 -15.15303 -14.468 -14.93875 -14.282
* 509 10.378757 -15.15303 -14.422 -14.93875 -14.239
* 510 10.3991379738 -15.15303 -14.429 -14.93875 -14.242
* 511 10.4196798801 -15.15303 -14.436 -14.93875 -14.249
* 512 10.4400620461 -15.15303 -14.439 -14.93875 -14.252
* 513 10.4603788853 -15.15303 -14.44 -14.93875 -14.254
* 514 10.4807648659 -15.15303 -14.402 -14.93875 -14.217
* 515 10.5011620522 -15.15303 -14.46 -14.93875 -14.267
* 516 10.521545887 -15.15303 -14.48 -14.93875 -14.273
* 517 10.5419118404 -15.15303 -14.454 -14.93875 -14.238
* 518 10.5623550415 -15.15303 -14.512 -14.93875 -14.285
* 519 10.5827260017 -15.15303 -14.524 -14.93875 -14.29
* 520 10.6031098366 -15.15303 -14.55 -14.93875 -14.298
* 521 10.6234948635 -15.15303 -14.575 -14.93875 -14.301
* 522 10.6439540386 -15.15303 -14.577 -14.93875 -14.304
* 523 10.6643660069 -15.15303 -14.56 -14.93875 -14.304
* 524 10.6846709251 -15.15303 -14.549 -14.93875 -14.311
* 525 10.705051899 -15.15303 -14.545 -14.93875 -14.311
* 526 10.7254359722 -15.15303 -14.558 -14.93875 -14.313
* 527 10.7458298206 -15.15303 -14.532 -14.93875 -14.271
* 528 10.7663078308 -15.15303 -14.546 -14.93875 -14.275
* 529 10.7867870331 -15.15303 -14.558 -14.93875 -14.283
* 530 10.8071708679 -15.15303 -14.56 -14.93875 -14.284
* 531 10.8275518417 -15.15303 -14.554 -14.93875 -14.287
* 532 10.8479979038 -15.15303 -14.511 -14.93875 -14.249
* 533 10.8683600426 -15.15303 -14.543 -14.93875 -14.296
* 534 10.8887379169 -15.15303 -14.517 -14.93875 -14.296
* 535 10.9090468884 -15.15303 -14.494 -14.93875 -14.299
* 536 10.9294378757 -15.15303 -14.467 -14.93875 -14.298
* 537 10.9497389793 -15.15303 -14.449 -14.93875 -14.297
* 538 10.9701230526 -15.15303 -14.449 -14.93875 -14.298
* 539 10.9904308319 -15.15303 -14.456 -14.93875 -14.303
* 540 11.0106709003 -15.15303 -14.461 -14.93875 -14.304
* 541 11.0311410427 -15.15303 -14.416 -14.93875 -14.26
* 542 11.0515220165 -15.15303 -14.421 -14.93875 -14.263
* 543 11.0719020367 -15.15303 -14.437 -14.93875 -14.271
* 544 11.0922749043 -15.15303 -14.451 -14.93875 -14.27
* 545 11.1128008366 -15.15303 -14.455 -14.93875 -14.274
* 546 11.1331870556 -15.15303 -14.457 -14.93875 -14.28
* 547 11.1535840034 -15.15303 -14.411 -14.93875 -14.242
* 548 11.1739609241 -15.15303 -14.45 -14.93875 -14.29
* 549 11.1946349144 -15.15303 -14.46 -14.93875 -14.296
* 550 11.2149479389 -15.15303 -14.415 -14.93875 -14.254
* 551 11.2352688313 -15.15303 -14.404 -14.93875 -14.258
* 552 11.2555840015 -15.15303 -14.4 -14.93875 -14.264
* 553 11.275936842 -15.15303 -14.406 -14.93875 -14.267
* 554 11.2964160442 -15.15303 -14.437 -14.93875 -14.271
* 555 11.3168148994 -15.15303 -14.437 -14.93875 -14.236
* 556 11.3372008801 -15.15303 -14.534 -14.93875 -14.282
* 557 11.3575148582 -15.15303 -14.585 -14.93875 -14.288
* 558 11.377820015 -15.15303 -14.578 -14.93875 -14.251
* 559 11.3981308937 -15.15303 -14.65 -14.93875 -14.298
* 560 11.4184420109 -15.15303 -14.662 -14.93875 -14.298
* 561 11.4388289452 -15.15303 -14.669 -14.93875 -14.304
* 562 11.4591388702 -15.15303 -14.661 -14.93875 -14.303
* 563 11.4795329571 -15.15303 -14.643 -14.93875 -14.301
* 564 11.4998409748 -15.15303 -14.589 -14.93875 -14.26
* 565 11.5202209949 -15.15303 -14.625 -14.93875 -14.304
* 566 11.5405988693 -15.15303 -14.632 -14.93875 -14.302
* 567 11.5609810352 -15.15303 -14.649 -14.93875 -14.309
* 568 11.5813579559 -15.15303 -14.654 -14.93875 -14.308
* 569 11.6016728878 -15.15303 -14.659 -14.93875 -14.311
* 570 11.6220488548 -15.15303 -14.668 -14.93875 -14.316
* 571 11.6424319744 -15.15303 -14.683 -14.93875 -14.315
* 572 11.6629068851 -15.15303 -14.705 -14.93875 -14.318
* 573 11.6835458279 -15.15303 -14.728 -14.93875 -14.323
* 574 11.7039320469 -15.15303 -14.749 -14.93875 -14.331
* 575 11.7242889404 -15.15303 -14.767 -14.93875 -14.335
* 576 11.7446069717 -15.15303 -14.783 -14.93875 -14.339
* 577 11.7649078369 -15.15303 -14.792 -14.93875 -14.344
* 578 11.785296917 -15.15303 -14.785 -14.93875 -14.344
* 579 11.8056938648 -15.15303 -14.775 -14.93875 -14.345
* 580 11.8260319233 -15.15303 -14.775 -14.93875 -14.352
* 581 11.8463459015 -15.15303 -14.771 -14.93875 -14.352
* 582 11.8667428493 -15.15303 -14.775 -14.93875 -14.353
* 583 11.8870480061 -15.15303 -14.793 -14.93875 -14.359
* 584 11.9073529243 -15.15303 -14.805 -14.93875 -14.36
* 585 11.9277720451 -15.15303 -14.802 -14.93875 -14.362
* 586 11.9481668472 -15.15303 -14.786 -14.93875 -14.362
* 587 11.9684798717 -15.15303 -14.771 -14.93875 -14.368
* 588 11.9887969494 -15.15303 -14.745 -14.93875 -14.369
* 589 12.0091040134 -15.15303 -14.672 -14.93875 -14.323
* 590 12.0294859409 -15.15303 -14.64 -14.93875 -14.322
* 591 12.0498759747 -15.15303 -14.618 -14.93875 -14.327
* 592 12.0702650547 -15.15303 -14.594 -14.93875 -14.326
* 593 12.0916109085 -15.15303 -14.594 -14.93875 -14.328
* 594 12.1120018959 -15.15303 -14.611 -14.93875 -14.329
* 595 12.1323850155 -15.15303 -14.634 -14.93875 -14.332
* 596 12.1529998779 -15.15303 -14.61 -14.93875 -14.29
* 597 12.1733949184 -15.15303 -14.626 -14.93875 -14.296
* 598 12.1938519478 -15.15303 -14.645 -14.93875 -14.304
* 599 12.2143139839 -15.15303 -14.66 -14.93875 -14.307
* 600 12.2347309589 -15.15303 -14.674 -14.93875 -14.313
* 601 12.2550859451 -15.15303 -14.681 -14.93875 -14.317
* 602 12.2755589485 -15.15303 -14.629 -14.93875 -14.281
* 603 12.2962050438 -15.15303 -14.647 -14.93875 -14.331
* 604 12.316685915 -15.15303 -14.576 -14.93875 -14.288
* 605 12.3371589184 -15.15303 -14.566 -14.93875 -14.291
* 606 12.3580369949 -15.15303 -14.569 -14.93875 -14.292
* 607 12.3783519268 -15.15303 -14.584 -14.93875 -14.294
* 608 12.3986690044 -15.15303 -14.613 -14.93875 -14.304
* 609 12.4189829826 -15.15303 -14.656 -14.93875 -14.309
* 610 12.4392168522 -15.15303 -14.711 -14.93875 -14.316
* 611 12.4596099854 -15.15303 -14.716 -14.93875 -14.28
* 612 12.4799199104 -15.15303 -14.819 -14.93875 -14.332
* 613 12.500674963 -15.15303 -14.855 -14.93875 -14.337
* 614 12.5212209225 -15.15303 -14.833 -14.93875 -14.295
* 615 12.5417218208 -15.15303 -14.84 -14.93875 -14.3
* 616 12.5621140003 -15.15303 -14.839 -14.93875 -14.305
* 617 12.5824730396 -15.15303 -14.832 -14.93875 -14.312
* 618 12.6030550003 -15.15303 -14.813 -14.93875 -14.316
* 619 12.62352705 -15.15303 -14.745 -14.93875 -14.273
* 620 12.6438529491 -15.15303 -14.726 -14.93875 -14.275
* 621 12.6642379761 -15.15303 -14.724 -14.93875 -14.276
* 622 12.6845419407 -15.15303 -14.732 -14.93875 -14.283
* 623 12.7048819065 -15.15303 -14.745 -14.93875 -14.287
* 624 12.7255680561 -15.15303 -14.759 -14.93875 -14.293
* 625 12.7460408211 -15.15303 -14.732 -14.93875 -14.255
* 626 12.7664358616 -15.15303 -14.755 -14.93875 -14.261
* 627 12.7867429256 -15.15303 -14.782 -14.93875 -14.273
* 628 12.8070559502 -15.15303 -14.8 -14.93875 -14.279
* 629 12.8274579048 -15.15303 -14.803 -14.93875 -14.287
* 630 12.8479950428 -15.15303 -14.751 -14.93875 -14.253
* 631 12.868377924 -15.15303 -14.776 -14.93875 -14.301
* 632 12.8886919022 -15.15303 -14.775 -14.93875 -14.304
* 633 12.9091739655 -15.15303 -14.787 -14.93875 -14.308
* 634 12.9296479225 -15.15303 -14.81 -14.93875 -14.317
* 635 12.9501829147 -15.15303 -14.833 -14.93875 -14.322
* 636 12.9706559181 -15.15303 -14.872 -14.93875 -14.327
* 637 12.9913020134 -15.15303 -14.868 -14.93875 -14.284
* 638 13.0116808414 -15.15303 -14.916 -14.93875 -14.288
* 639 13.0320718288 -15.15303 -14.969 -14.93875 -14.293
* 640 13.0524599552 -15.15303 -15.012 -14.93875 -14.304
* 641 13.0728368759 -15.15303 -15.039 -14.93875 -14.31
* 642 13.093225956 -15.15303 -15.047 -14.93875 -14.319
* 643 13.1136169434 -15.15303 -14.992 -14.93875 -14.278
* 644 13.1340758801 -15.15303 -14.962 -14.93875 -14.284
* 645 13.1543848515 -15.15303 -14.924 -14.93875 -14.293
* 646 13.1747448444 -15.15303 -14.87 -14.93875 -14.298
* 647 13.1950540543 -15.15303 -14.832 -14.93875 -14.301
* 648 13.215419054 -15.15303 -14.808 -14.93875 -14.304
* 649 13.2358920574 -15.15303 -14.805 -14.93875 -14.309
* 650 13.2563610077 -15.15303 -14.813 -14.93875 -14.314
* 651 13.2768490314 -15.15303 -14.831 -14.93875 -14.323
* 652 13.2973279953 -15.15303 -14.857 -14.93875 -14.327
* 653 13.3181159496 -15.15303 -14.882 -14.93875 -14.333
* 654 13.3385980129 -15.15303 -14.894 -14.93875 -14.337
* 655 13.3589968681 -15.15303 -14.841 -14.93875 -14.3
* 656 13.3793799877 -15.15303 -14.851 -14.93875 -14.347
* 657 13.3997778893 -15.15303 -14.81 -14.93875 -14.349
* 658 13.4201688766 -15.15303 -14.777 -14.93875 -14.352
* 659 13.4404778481 -15.15303 -14.769 -14.93875 -14.356
* 660 13.4608929157 -15.15303 -14.771 -14.93875 -14.359
* 661 13.4812040329 -15.15303 -14.738 -14.93875 -14.316
* 662 13.501557827 -15.15303 -14.762 -14.93875 -14.322
* 663 13.5219428539 -15.15303 -14.791 -14.93875 -14.33
* 664 13.5424280167 -15.15303 -14.824 -14.93875 -14.333
* 665 13.5628139973 -15.15303 -14.864 -14.93875 -14.339
* 666 13.5833008289 -15.15303 -14.903 -14.93875 -14.342
* 667 13.6037828922 -15.15303 -14.933 -14.93875 -14.352
* 668 13.6241600513 -15.15303 -14.948 -14.93875 -14.354
* 669 13.644562006 -15.15303 -14.955 -14.93875 -14.357
* 670 13.6649448872 -15.15303 -14.961 -14.93875 -14.365
* 671 13.6853308678 -15.15303 -14.948 -14.93875 -14.366
* 672 13.7056398392 -15.15303 -14.927 -14.93875 -14.365
* 673 13.7260229588 -15.15303 -14.908 -14.93875 -14.368
* 674 13.7464969158 -15.15303 -14.884 -14.93875 -14.365
* 675 13.7669718266 -15.15303 -14.877 -14.93875 -14.364
* 676 13.7873489857 -15.15303 -14.886 -14.93875 -14.361
* 677 13.8076729774 -15.15303 -14.905 -14.93875 -14.365
* 678 13.8281350136 -15.15303 -14.915 -14.93875 -14.365
* 679 13.8484530449 -15.15303 -14.911 -14.93875 -14.365
* 680 13.8687589169 -15.15303 -14.853 -14.93875 -14.326
* 681 13.8891699314 -15.15303 -14.86 -14.93875 -14.369
* 682 13.9095628262 -15.15303 -14.822 -14.93875 -14.367
* 683 13.9298698902 -15.15303 -14.746 -14.93875 -14.321
* 684 13.9501099586 -15.15303 -14.748 -14.93875 -14.363
* 685 13.9704158306 -15.15303 -14.71 -14.93875 -14.361
* 686 13.9907720089 -15.15303 -14.701 -14.93875 -14.367
* 687 14.0110850334 -15.15303 -14.706 -14.93875 -14.364
* 688 14.0314610004 -15.15303 -14.724 -14.93875 -14.364
* 689 14.0517690182 -15.15303 -14.753 -14.93875 -14.368
* 690 14.0721540451 -15.15303 -14.782 -14.93875 -14.369
* 691 14.092566967 -15.15303 -14.812 -14.93875 -14.371
* 692 14.1133289337 -15.15303 -14.839 -14.93875 -14.372
* 693 14.1336460114 -15.15303 -14.818 -14.93875 -14.33
* 694 14.1543118954 -15.15303 -14.837 -14.93875 -14.331
* 695 14.1746418476 -15.15303 -14.851 -14.93875 -14.335
* 696 14.1950278282 -15.15303 -14.843 -14.93875 -14.335
* 697 14.2154150009 -15.15303 -14.828 -14.93875 -14.335
* 698 14.2358129025 -15.15303 -14.772 -14.93875 -14.294
* 699 14.2561159134 -15.15303 -14.794 -14.93875 -14.338
* 700 14.2764220238 -15.15303 -14.767 -14.93875 -14.336
* 701 14.2968168259 -15.15303 -14.751 -14.93875 -14.339
* 702 14.3171319962 -15.15303 -14.74 -14.93875 -14.336
* 703 14.3374419212 -15.15303 -14.742 -14.93875 -14.335
* 704 14.3577518463 -15.15303 -14.758 -14.93875 -14.338
* 705 14.3780999184 -15.15303 -14.768 -14.93875 -14.337
* 706 14.3985769749 -15.15303 -14.763 -14.93875 -14.335
* 707 14.4190528393 -15.15303 -14.741 -14.93875 -14.333
* 708 14.4400119781 -15.15303 -14.665 -14.93875 -14.292
* 709 14.4603948593 -15.15303 -14.658 -14.93875 -14.334
* 710 14.480711937 -15.15303 -14.609 -14.93875 -14.329
* 711 14.5013289452 -15.15303 -14.571 -14.93875 -14.327
* 712 14.521707058 -15.15303 -14.547 -14.93875 -14.329
* 713 14.5420968533 -15.15303 -14.529 -14.93875 -14.329
* 714 14.562691927 -15.15303 -14.526 -14.93875 -14.329
* 715 14.5834729671 -15.15303 -14.548 -14.93875 -14.332
* 716 14.6038730145 -15.15303 -14.53 -14.93875 -14.289
* 717 14.6242609024 -15.15303 -14.563 -14.93875 -14.292
* 718 14.6445670128 -15.15303 -14.594 -14.93875 -14.299
* 719 14.6649539471 -15.15303 -14.625 -14.93875 -14.303
* 720 14.6851708889 -15.15303 -14.665 -14.93875 -14.303
* 721 14.705477953 -15.15303 -14.659 -14.93875 -14.268
* 722 14.7257888317 -15.15303 -14.733 -14.93875 -14.317
* 723 14.7460958958 -15.15303 -14.684 -14.93875 -14.276
* 724 14.7663989067 -15.15303 -14.675 -14.93875 -14.281
* 725 14.7867109776 -15.15303 -14.662 -14.93875 -14.285
* 726 14.8070988655 -15.15303 -14.65 -14.93875 -14.286
* 727 14.8274159431 -15.15303 -14.649 -14.93875 -14.287
* 728 14.8477199078 -15.15303 -14.606 -14.93875 -14.251
* 729 14.868103981 -15.15303 -14.639 -14.93875 -14.298
* 730 14.8884139061 -15.15303 -14.629 -14.93875 -14.298
* 731 14.9087309837 -15.15303 -14.59 -14.93875 -14.259
* 732 14.9290928841 -15.15303 -14.64 -14.93875 -14.306
* 733 14.9494109154 -15.15303 -14.637 -14.93875 -14.308
* 734 14.9697179794 -15.15303 -14.578 -14.93875 -14.27
* 735 14.9900989532 -15.15303 -14.586 -14.93875 -14.316
* 736 15.0104119778 -15.15303 -14.533 -14.93875 -14.314
* 737 15.0307929516 -15.15303 -14.491 -14.93875 -14.319
* 738 15.0511798859 -15.15303 -14.45 -14.93875 -14.317
* 739 15.0715718269 -15.15303 -14.418 -14.93875 -14.316
* 740 15.0919489861 -15.15303 -14.401 -14.93875 -14.323
* 741 15.1123318672 -15.15303 -14.384 -14.93875 -14.32
* 742 15.1327149868 -15.15303 -14.38 -14.93875 -14.32
* 743 15.1531250477 -15.15303 -14.397 -14.93875 -14.321
* 744 15.1735169888 -15.15303 -14.421 -14.93875 -14.329
* 745 15.1938998699 -15.15303 -14.439 -14.93875 -14.332
* 746 15.2142908573 -15.15303 -14.452 -14.93875 -14.333
* 747 15.2348029613 -15.15303 -14.421 -14.93875 -14.291
* 748 15.2552728653 -15.15303 -14.447 -14.93875 -14.292
* 749 15.2757468224 -15.15303 -14.488 -14.93875 -14.301
* 750 15.2967619896 -15.15303 -14.515 -14.93875 -14.306
* 751 15.3171598911 -15.15303 -14.522 -14.93875 -14.309
* 752 15.3374638557 -15.15303 -14.514 -14.93875 -14.31
* 753 15.3577690125 -15.15303 -14.505 -14.93875 -14.317
* 754 15.3780758381 -15.15303 -14.494 -14.93875 -14.317
* 755 15.3984680176 -15.15303 -14.484 -14.93875 -14.318
* 756 15.4190599918 -15.15303 -14.473 -14.93875 -14.32
* 757 15.4393010139 -15.15303 -14.419 -14.93875 -14.279
* 758 15.4596810341 -15.15303 -14.456 -14.93875 -14.326
* 759 15.480080843 -15.15303 -14.416 -14.93875 -14.283
* 760 15.5007259846 -15.15303 -14.43 -14.93875 -14.285
* 761 15.5210878849 -15.15303 -14.44 -14.93875 -14.287
* 762 15.5414438248 -15.15303 -14.43 -14.93875 -14.294
* 763 15.5618188381 -15.15303 -14.396 -14.93875 -14.295
* 764 15.5821819305 -15.15303 -14.306 -14.93875 -14.251
* 765 15.6026508808 -15.15303 -14.265 -14.93875 -14.253
* 766 15.6228690147 -15.15303 -14.248 -14.93875 -14.259
* 767 15.6432590485 -15.15303 -14.239 -14.93875 -14.261
* 768 15.6636400223 -15.15303 -14.24 -14.93875 -14.265
* 769 15.6843059063 -15.15303 -14.249 -14.93875 -14.268
* 770 15.7046890259 -15.15303 -14.22 -14.93875 -14.233
* 771 15.7250759602 -15.15303 -14.291 -14.93875 -14.28
* 772 15.7453889847 -15.15303 -14.322 -14.93875 -14.284
* 773 15.7657940388 -15.15303 -14.355 -14.93875 -14.292
* 774 15.7861039639 -15.15303 -14.372 -14.93875 -14.294
* 775 15.8064959049 -15.15303 -14.384 -14.93875 -14.299
* 776 15.8268740177 -15.15303 -14.407 -14.93875 -14.304
* 777 15.8472590446 -15.15303 -14.424 -14.93875 -14.305
* 778 15.8675768375 -15.15303 -14.434 -14.93875 -14.306
* 779 15.8880109787 -15.15303 -14.435 -14.93875 -14.307
* 780 15.9084990025 -15.15303 -14.434 -14.93875 -14.315
* 781 15.9288749695 -15.15303 -14.419 -14.93875 -14.314
* 782 15.9493589401 -15.15303 -14.41 -14.93875 -14.316
* 783 15.9696660042 -15.15303 -14.368 -14.93875 -14.271
* 784 15.9900519848 -15.15303 -14.372 -14.93875 -14.274
* 785 16.010434866 -15.15303 -14.382 -14.93875 -14.282
* 786 16.030823946 -15.15303 -14.383 -14.93875 -14.283
* 787 16.0512959957 -15.15303 -14.388 -14.93875 -14.286
* 788 16.0715358257 -15.15303 -14.36 -14.93875 -14.25
* 789 16.0919220448 -15.15303 -14.43 -14.93875 -14.296
* 790 16.1123080254 -15.15303 -14.439 -14.93875 -14.299
* 791 16.1326959133 -15.15303 -14.379 -14.93875 -14.256
* 792 16.1531970501 -15.15303 -14.345 -14.93875 -14.257
* 793 16.1735799313 -15.15303 -14.326 -14.93875 -14.263
* 794 16.1939630508 -15.15303 -14.313 -14.93875 -14.268
* 795 16.214496851 -15.15303 -14.313 -14.93875 -14.27
* 796 16.2348799706 -15.15303 -14.277 -14.93875 -14.235
* 797 16.2552499771 -15.15303 -14.323 -14.93875 -14.285
* 798 16.2756168842 -15.15303 -14.326 -14.93875 -14.287
* 799 16.2963638306 -15.15303 -14.329 -14.93875 -14.29
* 800 16.3168480396 -15.15303 -14.353 -14.93875 -14.296
* 801 16.3371598721 -15.15303 -14.383 -14.93875 -14.299
* 802 16.357544899 -15.15303 -14.419 -14.93875 -14.305
* 803 16.3779919147 -15.15303 -14.449 -14.93875 -14.308
* 804 16.3983509541 -15.15303 -14.48 -14.93875 -14.32
* 805 16.4186608791 -15.15303 -14.504 -14.93875 -14.323
* 806 16.4389719963 -15.15303 -14.468 -14.93875 -14.282
* 807 16.4593570232 -15.15303 -14.467 -14.93875 -14.286
* 808 16.4798300266 -15.15303 -14.455 -14.93875 -14.293
* 809 16.5003039837 -15.15303 -14.437 -14.93875 -14.297
* 810 16.5206840038 -15.15303 -14.431 -14.93875 -14.298
* 811 16.5412240028 -15.15303 -14.435 -14.93875 -14.303
* 812 16.5616078377 -15.15303 -14.406 -14.93875 -14.266
* 813 16.5820908546 -15.15303 -14.468 -14.93875 -14.314
* 814 16.6024730206 -15.15303 -14.479 -14.93875 -14.318
* 815 16.6230568886 -15.15303 -14.44 -14.93875 -14.277
* 816 16.6434390545 -15.15303 -14.453 -14.93875 -14.279
* 817 16.663823843 -15.15303 -14.469 -14.93875 -14.286
* 818 16.6842050552 -15.15303 -14.476 -14.93875 -14.288
* 819 16.7045829296 -15.15303 -14.476 -14.93875 -14.29
* 820 16.7248899937 -15.15303 -14.476 -14.93875 -14.295
* 821 16.7452459335 -15.15303 -14.466 -14.93875 -14.296
* 822 16.7656290531 -15.15303 -14.459 -14.93875 -14.296
* 823 16.7860269547 -15.15303 -14.463 -14.93875 -14.298
* 824 16.8063318729 -15.15303 -14.479 -14.93875 -14.306
* 825 16.8271288872 -15.15303 -14.489 -14.93875 -14.308
* 826 16.8474400043 -15.15303 -14.458 -14.93875 -14.268
* 827 16.868074894 -15.15303 -14.486 -14.93875 -14.273
* 828 16.888548851 -15.15303 -14.525 -14.93875 -14.277
* 829 16.9089288712 -15.15303 -14.563 -14.93875 -14.285
* 830 16.9293320179 -15.15303 -14.59 -14.93875 -14.291
* 831 16.9496779442 -15.15303 -14.605 -14.93875 -14.297
* 832 16.9700598717 -15.15303 -14.618 -14.93875 -14.303
* 833 16.9904389381 -15.15303 -14.638 -14.93875 -14.312
* 834 17.0108039379 -15.15303 -14.65 -14.93875 -14.316
* 835 17.0311169624 -15.15303 -14.599 -14.93875 -14.271
* 836 17.0513558388 -15.15303 -14.576 -14.93875 -14.273
* 837 17.0717339516 -15.15303 -14.553 -14.93875 -14.283
* 838 17.0921418667 -15.15303 -14.527 -14.93875 -14.285
* 839 17.1125199795 -15.15303 -14.515 -14.93875 -14.288
* 840 17.1328859329 -15.15303 -14.513 -14.93875 -14.296
* 841 17.1532700062 -15.15303 -14.512 -14.93875 -14.299
* 842 17.1736519337 -15.15303 -14.512 -14.93875 -14.3
* 843 17.1940209866 -15.15303 -14.522 -14.93875 -14.302
* 844 17.214329958 -15.15303 -14.543 -14.93875 -14.31
* 845 17.2346339226 -15.15303 -14.568 -14.93875 -14.312
* 846 17.2551908493 -15.15303 -14.553 -14.93875 -14.269
* 847 17.275578022 -15.15303 -14.587 -14.93875 -14.274
* 848 17.2958810329 -15.15303 -14.617 -14.93875 -14.281
* 849 17.3162779808 -15.15303 -14.628 -14.93875 -14.283
* 850 17.3365938663 -15.15303 -14.633 -14.93875 -14.286
* 851 17.3569049835 -15.15303 -14.65 -14.93875 -14.292
* 852 17.3772690296 -15.15303 -14.659 -14.93875 -14.293
* 853 17.3975758553 -15.15303 -14.67 -14.93875 -14.295
* 854 17.4178819656 -15.15303 -14.686 -14.93875 -14.3
* 855 17.4381940365 -15.15303 -14.713 -14.93875 -14.307
* 856 17.4585089684 -15.15303 -14.693 -14.93875 -14.267
* 857 17.4789059162 -15.15303 -14.715 -14.93875 -14.272
* 858 17.4992189407 -15.15303 -14.727 -14.93875 -14.278
* 859 17.519520998 -15.15303 -14.74 -14.93875 -14.288
* 860 17.5399169922 -15.15303 -14.75 -14.93875 -14.295
* 861 17.5602240562 -15.15303 -14.755 -14.93875 -14.303
* 862 17.5805909634 -15.15303 -14.697 -14.93875 -14.263
* 863 17.6009659767 -15.15303 -14.67 -14.93875 -14.268
* 864 17.6213450432 -15.15303 -14.637 -14.93875 -14.276
* 865 17.6417078972 -15.15303 -14.593 -14.93875 -14.279
* 866 17.6621079445 -15.15303 -14.563 -14.93875 -14.283
* 867 17.6826279163 -15.15303 -14.516 -14.93875 -14.249
* 868 17.7030129433 -15.15303 -14.566 -14.93875 -14.297
* 869 17.7233719826 -15.15303 -14.573 -14.93875 -14.297
* 870 17.7437598705 -15.15303 -14.541 -14.93875 -14.26
* 871 17.7641718388 -15.15303 -14.606 -14.93875 -14.311
* 872 17.784389019 -15.15303 -14.633 -14.93875 -14.314
* 873 17.8049459457 -15.15303 -14.666 -14.93875 -14.32
* 874 17.825250864 -15.15303 -14.65 -14.93875 -14.278
* 875 17.8456408978 -15.15303 -14.693 -14.93875 -14.327
* 876 17.8660409451 -15.15303 -14.621 -14.93875 -14.281
* 877 17.8864228725 -15.15303 -14.585 -14.93875 -14.285
* 878 17.9067339897 -15.15303 -14.564 -14.93875 -14.292
* 879 17.9270329475 -15.15303 -14.551 -14.93875 -14.292
* 880 17.947437048 -15.15303 -14.556 -14.93875 -14.296
* 881 17.9678008556 -15.15303 -14.575 -14.93875 -14.303
* 882 17.9882810116 -15.15303 -14.601 -14.93875 -14.308
* 883 18.0086629391 -15.15303 -14.64 -14.93875 -14.314
* 884 18.0290498734 -15.15303 -14.688 -14.93875 -14.321
* 885 18.0494399071 -15.15303 -14.685 -14.93875 -14.285
* 886 18.0697538853 -15.15303 -14.769 -14.93875 -14.337
* 887 18.090159893 -15.15303 -14.791 -14.93875 -14.342
* 888 18.1105139256 -15.15303 -14.75 -14.93875 -14.297
* 889 18.1308729649 -15.15303 -14.759 -14.93875 -14.307
* 890 18.151255846 -15.15303 -14.749 -14.93875 -14.312
* 891 18.1717998981 -15.15303 -14.731 -14.93875 -14.316
* 892 18.1923458576 -15.15303 -14.713 -14.93875 -14.321
* 893 18.212733984 -15.15303 -14.714 -14.93875 -14.329
* 894 18.2331140041 -15.15303 -14.722 -14.93875 -14.332
* 895 18.2534990311 -15.15303 -14.748 -14.93875 -14.336
* 896 18.2738749981 -15.15303 -14.784 -14.93875 -14.345
* 897 18.2942550182 -15.15303 -14.815 -14.93875 -14.35
* 898 18.3148589134 -15.15303 -14.851 -14.93875 -14.352
* 899 18.3351719379 -15.15303 -14.89 -14.93875 -14.354
* 900 18.3554928303 -15.15303 -14.932 -14.93875 -14.36
* 901 18.3758778572 -15.15303 -14.955 -14.93875 -14.363
* 902 18.3961868286 -15.15303 -14.946 -14.93875 -14.363
* 903 18.4164960384 -15.15303 -14.877 -14.93875 -14.323
* 904 18.43699193 -15.15303 -14.876 -14.93875 -14.366
* 905 18.4573059082 -15.15303 -14.833 -14.93875 -14.364
* 906 18.4777028561 -15.15303 -14.765 -14.93875 -14.323
* 907 18.498267889 -15.15303 -14.799 -14.93875 -14.368
* 908 18.5185689926 -15.15303 -14.798 -14.93875 -14.366
* 909 18.5389459133 -15.15303 -14.811 -14.93875 -14.366
* 910 18.559458971 -15.15303 -14.792 -14.93875 -14.327
* 911 18.5798490047 -15.15303 -14.879 -14.93875 -14.376
* 912 18.6001529694 -15.15303 -14.92 -14.93875 -14.379
* 913 18.6209208965 -15.15303 -14.912 -14.93875 -14.338
* 914 18.6413099766 -15.15303 -14.953 -14.93875 -14.34
* 915 18.6616919041 -15.15303 -14.988 -14.93875 -14.348
* 916 18.682101965 -15.15303 -15.006 -14.93875 -14.35
* 917 18.702493906 -15.15303 -15.014 -14.93875 -14.353
* 918 18.7228739262 -15.15303 -15.012 -14.93875 -14.362
* 919 18.7432620525 -15.15303 -14.99 -14.93875 -14.362
* 920 18.7637360096 -15.15303 -14.955 -14.93875 -14.364
* 921 18.7844319344 -15.15303 -14.927 -14.93875 -14.366
* 922 18.8048260212 -15.15303 -14.907 -14.93875 -14.372
* 923 18.8252089024 -15.15303 -14.885 -14.93875 -14.37
* 924 18.8455958366 -15.15303 -14.876 -14.93875 -14.371
* 925 18.8659038544 -15.15303 -14.881 -14.93875 -14.374
* 926 18.8863039017 -15.15303 -14.891 -14.93875 -14.374
* 927 18.906690836 -15.15303 -14.909 -14.93875 -14.375
* 928 18.9270479679 -15.15303 -14.923 -14.93875 -14.374
* 929 18.9473588467 -15.15303 -14.928 -14.93875 -14.379
* 930 18.967664957 -15.15303 -14.926 -14.93875 -14.376
* 931 18.9881420135 -15.15303 -14.869 -14.93875 -14.33
* 932 19.0088839531 -15.15303 -14.862 -14.93875 -14.33
* 933 19.0292680264 -15.15303 -14.85 -14.93875 -14.331
* 934 19.049654007 -15.15303 -14.849 -14.93875 -14.336
* 935 19.069963932 -15.15303 -14.842 -14.93875 -14.335
* 936 19.0902709961 -15.15303 -14.844 -14.93875 -14.337
* 937 19.1106569767 -15.15303 -14.866 -14.93875 -14.344
* 938 19.131098032 -15.15303 -14.899 -14.93875 -14.345
* 939 19.1514918804 -15.15303 -14.94 -14.93875 -14.348
* 940 19.171875 -15.15303 -14.982 -14.93875 -14.357
* 941 19.1922559738 -15.15303 -15.01 -14.93875 -14.358
* 942 19.2126629353 -15.15303 -15.019 -14.93875 -14.362
* 943 19.2331228256 -15.15303 -15.015 -14.93875 -14.364
* 944 19.2535948753 -15.15303 -15.007 -14.93875 -14.372
* 945 19.274242878 -15.15303 -14.976 -14.93875 -14.373
* 946 19.2948329449 -15.15303 -14.926 -14.93875 -14.375
* 947 19.3154709339 -15.15303 -14.864 -14.93875 -14.377
* 948 19.3357899189 -15.15303 -14.764 -14.93875 -14.332
* 949 19.3560929298 -15.15303 -14.734 -14.93875 -14.333
* 950 19.3764028549 -15.15303 -14.732 -14.93875 -14.339
* 951 19.3967139721 -15.15303 -14.737 -14.93875 -14.341
* 952 19.4171879292 -15.15303 -14.754 -14.93875 -14.345
* 953 19.4375019073 -15.15303 -14.738 -14.93875 -14.305
* 954 19.4578919411 -15.15303 -14.816 -14.93875 -14.353
* 955 19.4782078266 -15.15303 -14.846 -14.93875 -14.354
* 956 19.4985189438 -15.15303 -14.82 -14.93875 -14.316
* 957 19.5188298225 -15.15303 -14.876 -14.93875 -14.363
* 958 19.539139986 -15.15303 -14.875 -14.93875 -14.364
* 959 19.5595190525 -15.15303 -14.828 -14.93875 -14.323
* 960 19.5799260139 -15.15303 -14.861 -14.93875 -14.368
* 961 19.6002440453 -15.15303 -14.845 -14.93875 -14.369
* 962 19.6205649376 -15.15303 -14.788 -14.93875 -14.328
* 963 19.6409330368 -15.15303 -14.814 -14.93875 -14.37
* 964 19.6612508297 -15.15303 -14.809 -14.93875 -14.372
* 965 19.6816389561 -15.15303 -14.771 -14.93875 -14.335
* 966 19.702023983 -15.15303 -14.842 -14.93875 -14.377
* 967 19.7224040031 -15.15303 -14.868 -14.93875 -14.38
* 968 19.7427809238 -15.15303 -14.841 -14.93875 -14.341
* 969 19.7631409168 -15.15303 -14.883 -14.93875 -14.388
* 970 19.7835218906 -15.15303 -14.867 -14.93875 -14.388
* 971 19.8037619591 -15.15303 -14.849 -14.93875 -14.392
* 972 19.8241529465 -15.15303 -14.815 -14.93875 -14.391
* 973 19.8444468975 -15.15303 -14.775 -14.93875 -14.389
* 974 19.8647420406 -15.15303 -14.734 -14.93875 -14.393
* 975 19.8851289749 -15.15303 -14.692 -14.93875 -14.388
* 976 19.9054858685 -15.15303 -14.662 -14.93875 -14.384
* 977 19.9258730412 -15.15303 -14.661 -14.93875 -14.388
* 978 19.9462349415 -15.15303 -14.669 -14.93875 -14.385
* 979 19.966550827 -15.15303 -14.68 -14.93875 -14.383
* 980 19.9869298935 -15.15303 -14.676 -14.93875 -14.382
* 981 20.00730896 -15.15303 -14.677 -14.93875 -14.384
* 982 20.0276179314 -15.15303 -14.686 -14.93875 -14.384
* 983 20.0480599403 -15.15303 -14.657 -14.93875 -14.33
* 984 20.0684468746 -15.15303 -14.672 -14.93875 -14.329
* 985 20.0889258385 -15.15303 -14.68 -14.93875 -14.33
* 986 20.1092488766 -15.15303 -14.674 -14.93875 -14.334
* 987 20.1295568943 -15.15303 -14.658 -14.93875 -14.335
* 988 20.1498658657 -15.15303 -14.603 -14.93875 -14.291
* 989 20.1701688766 -15.15303 -14.641 -14.93875 -14.335
* 990 20.1904709339 -15.15303 -14.638 -14.93875 -14.334
* 991 20.2108240128 -15.15303 -14.637 -14.93875 -14.336
* 992 20.2315189838 -15.15303 -14.643 -14.93875 -14.343
* 993 20.2523128986 -15.15303 -14.651 -14.93875 -14.344
* 994 20.2726948261 -15.15303 -14.664 -14.93875 -14.348
* 995 20.293076992 -15.15303 -14.674 -14.93875 -14.352
* 996 20.3134629726 -15.15303 -14.631 -14.93875 -14.311
* 997 20.3339960575 -15.15303 -14.618 -14.93875 -14.313
* 998 20.3543000221 -15.15303 -14.595 -14.93875 -14.321
* 999 20.3746788502 -15.15303 -14.565 -14.93875 -14.321
* 1000 20.3950788975 -15.15303 -14.544 -14.93875 -14.325
