### Ensaio para Levantamento das Plantas dos Motores ###

# Parâmetros #

# Número do Ensaio: 2
# Frequência de Amostragem: 50.0 Hz
# Número de Amostras: 500
# Velocidade de Referência Direita: 0.5 
# Velocidade de Referência Esquerda: 0.5 

* 1 0.0 15.15303 1.604 14.93875 1.433
* 2 0.0201280117035 15.15303 2.436 14.93875 2.257
* 3 0.0403101444244 15.15303 3.173 14.93875 3.011
* 4 0.0604929924011 15.15303 3.932 14.93875 3.798
* 5 0.0807011127472 15.15303 4.643 14.93875 4.535
* 6 0.100919008255 15.15303 5.253 14.93875 5.164
* 7 0.121100187302 15.15303 5.844 14.93875 5.767
* 8 0.141282081604 15.15303 6.45 14.93875 6.377
* 9 0.161461114883 15.15303 6.971 14.93875 6.897
* 10 0.181686162949 15.15303 7.517 14.93875 7.437
* 11 0.201903104782 15.15303 8.034 14.93875 7.94
* 12 0.222079992294 15.15303 8.473 14.93875 8.372
* 13 0.242256164551 15.15303 8.912 14.93875 8.819
* 14 0.262434005737 15.15303 9.234 14.93875 9.153
* 15 0.282612085342 15.15303 9.655 14.93875 9.593
* 16 0.302836179733 15.15303 9.997 14.93875 9.959
* 17 0.323042154312 15.15303 10.235 14.93875 10.227
* 18 0.343253135681 15.15303 10.563 14.93875 10.599
* 19 0.363428115845 15.15303 10.772 14.93875 10.852
* 20 0.383608102798 15.15303 10.985 14.93875 11.113
* 21 0.403787136078 15.15303 11.203 14.93875 11.378
* 22 0.423969984055 15.15303 11.406 14.93875 11.629
* 23 0.444202184677 15.15303 11.579 14.93875 11.842
* 24 0.464421033859 15.15303 11.749 14.93875 12.062
* 25 0.48463511467 15.15303 11.85 14.93875 12.204
* 26 0.504816055298 15.15303 12.035 14.93875 12.443
* 27 0.525007963181 15.15303 12.185 14.93875 12.624
* 28 0.545225143433 15.15303 12.327 14.93875 12.779
* 29 0.565430164337 15.15303 12.48 14.93875 12.939
* 30 0.585610151291 15.15303 12.567 14.93875 13.031
* 31 0.605825185776 15.15303 12.748 14.93875 13.217
* 32 0.626006126404 15.15303 12.886 14.93875 13.348
* 33 0.646186113358 15.15303 13.023 14.93875 13.466
* 34 0.666363954544 15.15303 13.162 14.93875 13.58
* 35 0.686539173126 15.15303 13.228 14.93875 13.636
* 36 0.706664085388 15.15303 13.372 14.93875 13.784
* 37 0.726850986481 15.15303 13.461 14.93875 13.879
* 38 0.747034072876 15.15303 13.551 14.93875 13.964
* 39 0.767215013504 15.15303 13.601 14.93875 14.0
* 40 0.787395954132 15.15303 13.696 14.93875 14.078
* 41 0.807574987411 15.15303 13.772 14.93875 14.148
* 42 0.827754020691 15.15303 13.84 14.93875 14.218
* 43 0.847934961319 15.15303 13.899 14.93875 14.283
* 44 0.868113994598 15.15303 13.951 14.93875 14.345
* 45 0.888293027878 15.15303 14.003 14.93875 14.398
* 46 0.908467054367 15.15303 13.995 14.93875 14.405
* 47 0.928645133972 15.15303 14.071 14.93875 14.502
* 48 0.9488260746 15.15303 14.095 14.93875 14.547
* 49 0.969006061554 15.15303 14.123 14.93875 14.592
* 50 0.989192008972 15.15303 14.101 14.93875 14.586
* 51 1.0093729496 15.15303 14.112 14.93875 14.624
* 52 1.02955198288 15.15303 14.114 14.93875 14.66
* 53 1.04973101616 15.15303 14.099 14.93875 14.692
* 54 1.06991195679 15.15303 14.089 14.93875 14.725
* 55 1.09010004997 15.15303 14.101 14.93875 14.758
* 56 1.11027407646 15.15303 14.128 14.93875 14.789
* 57 1.13045215607 15.15303 14.115 14.93875 14.772
* 58 1.15063309669 15.15303 14.189 14.93875 14.847
* 59 1.17081308365 15.15303 14.222 14.93875 14.872
* 60 1.19102096558 15.15303 14.256 14.93875 14.9
* 61 1.21120095253 15.15303 14.242 14.93875 14.876
* 62 1.23137998581 15.15303 14.279 14.93875 14.9
* 63 1.25156116486 15.15303 14.304 14.93875 14.92
* 64 1.27173614502 15.15303 14.312 14.93875 14.94
* 65 1.2919280529 15.15303 14.321 14.93875 14.957
* 66 1.31210803986 15.15303 14.34 14.93875 14.976
* 67 1.33236002922 15.15303 14.369 14.93875 14.994
* 68 1.35254216194 15.15303 14.358 14.93875 14.964
* 69 1.37276697159 15.15303 14.434 14.93875 15.025
* 70 1.39296317101 15.15303 14.456 14.93875 15.038
* 71 1.41317009926 15.15303 14.476 14.93875 15.055
* 72 1.4333729744 15.15303 14.494 14.93875 15.067
* 73 1.45355010033 15.15303 14.474 14.93875 15.035
* 74 1.47377610207 15.15303 14.531 14.93875 15.094
* 75 1.49395298958 15.15303 14.525 14.93875 15.103
* 76 1.51413607597 15.15303 14.518 14.93875 15.113
* 77 1.5343170166 15.15303 14.503 14.93875 15.122
* 78 1.5544359684 15.15303 14.455 14.93875 15.081
* 79 1.57464408875 15.15303 14.464 14.93875 15.096
* 80 1.59482908249 15.15303 14.445 14.93875 15.103
* 81 1.6150021553 15.15303 14.41 14.93875 15.109
* 82 1.63518714905 15.15303 14.381 14.93875 15.119
* 83 1.65538716316 15.15303 14.344 14.93875 15.125
* 84 1.67559599876 15.15303 14.281 14.93875 15.088
* 85 1.69581198692 15.15303 14.318 14.93875 15.141
* 86 1.71602606773 15.15303 14.312 14.93875 15.145
* 87 1.73620605469 15.15303 14.318 14.93875 15.155
* 88 1.75633096695 15.15303 14.322 14.93875 15.159
* 89 1.77655601501 15.15303 14.284 14.93875 15.122
* 90 1.79673409462 15.15303 14.332 14.93875 15.173
* 91 1.81691598892 15.15303 14.335 14.93875 15.177
* 92 1.83704018593 15.15303 14.332 14.93875 15.184
* 93 1.85716605186 15.15303 14.269 14.93875 15.139
* 94 1.8772881031 15.15303 14.268 14.93875 15.141
* 95 1.89746212959 15.15303 14.286 14.93875 15.15
* 96 1.91767406464 15.15303 14.315 14.93875 15.155
* 97 1.93785500526 15.15303 14.351 14.93875 15.163
* 98 1.95803403854 15.15303 14.328 14.93875 15.124
* 99 1.97820711136 15.15303 14.338 14.93875 15.131
* 100 1.99838399887 15.15303 14.349 14.93875 15.138
* 101 2.01856708527 15.15303 14.371 14.93875 15.149
* 102 2.03874111176 15.15303 14.394 14.93875 15.156
* 103 2.05892014503 15.15303 14.407 14.93875 15.163
* 104 2.07909703255 15.15303 14.407 14.93875 15.175
* 105 2.09922003746 15.15303 14.358 14.93875 15.133
* 106 2.11939907074 15.15303 14.357 14.93875 15.14
* 107 2.13952207565 15.15303 14.37 14.93875 15.149
* 108 2.15974402428 15.15303 14.375 14.93875 15.156
* 109 2.17991805077 15.15303 14.36 14.93875 15.159
* 110 2.20013308525 15.15303 14.342 14.93875 15.169
* 111 2.22032904625 15.15303 14.32 14.93875 15.17
* 112 2.24054598808 15.15303 14.265 14.93875 15.126
* 113 2.2606651783 15.15303 14.276 14.93875 15.136
* 114 2.28084206581 15.15303 14.305 14.93875 15.141
* 115 2.30101895332 15.15303 14.346 14.93875 15.147
* 116 2.32120513916 15.15303 14.387 14.93875 15.159
* 117 2.34138703346 15.15303 14.422 14.93875 15.165
* 118 2.36156511307 15.15303 14.411 14.93875 15.128
* 119 2.38177895546 15.15303 14.486 14.93875 15.178
* 120 2.40199613571 15.15303 14.504 14.93875 15.182
* 121 2.42217898369 15.15303 14.506 14.93875 15.19
* 122 2.44250607491 15.15303 14.5 14.93875 15.192
* 123 2.46268510818 15.15303 14.464 14.93875 15.151
* 124 2.48287010193 15.15303 14.528 14.93875 15.199
* 125 2.50308299065 15.15303 14.548 14.93875 15.203
* 126 2.52329206467 15.15303 14.558 14.93875 15.21
* 127 2.54347205162 15.15303 14.558 14.93875 15.214
* 128 2.56365609169 15.15303 14.511 14.93875 15.172
* 129 2.58383512497 15.15303 14.561 14.93875 15.221
* 130 2.60401415825 15.15303 14.579 14.93875 15.222
* 131 2.62419199944 15.15303 14.609 14.93875 15.23
* 132 2.64440798759 15.15303 14.632 14.93875 15.235
* 133 2.66458797455 15.15303 14.594 14.93875 15.191
* 134 2.68476700783 15.15303 14.605 14.93875 15.201
* 135 2.70497918129 15.15303 14.607 14.93875 15.206
* 136 2.72515797615 15.15303 14.612 14.93875 15.209
* 137 2.74533700943 15.15303 14.611 14.93875 15.217
* 138 2.76551699638 15.15303 14.597 14.93875 15.217
* 139 2.78569507599 15.15303 14.538 14.93875 15.174
* 140 2.80592918396 15.15303 14.574 14.93875 15.223
* 141 2.82613515854 15.15303 14.582 14.93875 15.226
* 142 2.84631514549 15.15303 14.607 14.93875 15.234
* 143 2.86649513245 15.15303 14.632 14.93875 15.239
* 144 2.88667416573 15.15303 14.604 14.93875 15.199
* 145 2.90685796738 15.15303 14.657 14.93875 15.249
* 146 2.92708015442 15.15303 14.66 14.93875 15.25
* 147 2.94726014137 15.15303 14.676 14.93875 15.254
* 148 2.96743297577 15.15303 14.687 14.93875 15.253
* 149 2.98761415482 15.15303 14.649 14.93875 15.211
* 150 3.00783801079 15.15303 14.69 14.93875 15.258
* 151 3.02805900574 15.15303 14.691 14.93875 15.258
* 152 3.04823803902 15.15303 14.707 14.93875 15.262
* 153 3.06845498085 15.15303 14.728 14.93875 15.265
* 154 3.08863401413 15.15303 14.702 14.93875 15.224
* 155 3.10884714127 15.15303 14.754 14.93875 15.275
* 156 3.12902712822 15.15303 14.755 14.93875 15.276
* 157 3.14920806885 15.15303 14.766 14.93875 15.284
* 158 3.16939306259 15.15303 14.781 14.93875 15.286
* 159 3.18953895569 15.15303 14.748 14.93875 15.241
* 160 3.20967698097 15.15303 14.757 14.93875 15.25
* 161 3.22981214523 15.15303 14.75 14.93875 15.253
* 162 3.24993395805 15.15303 14.74 14.93875 15.256
* 163 3.27005696297 15.15303 14.737 14.93875 15.264
* 164 3.29017996788 15.15303 14.695 14.93875 15.219
* 165 3.31030416489 15.15303 14.685 14.93875 15.222
* 166 3.3304271698 15.15303 14.67 14.93875 15.229
* 167 3.35056900978 15.15303 14.646 14.93875 15.231
* 168 3.37070417404 15.15303 14.637 14.93875 15.239
* 169 3.3908290863 15.15303 14.64 14.93875 15.24
* 170 3.41095399857 15.15303 14.672 14.93875 15.244
* 171 3.43113017082 15.15303 14.708 14.93875 15.254
* 172 3.45125317574 15.15303 14.693 14.93875 15.21
* 173 3.47137618065 15.15303 14.723 14.93875 15.214
* 174 3.49150204659 15.15303 14.759 14.93875 15.22
* 175 3.51162695885 15.15303 14.79 14.93875 15.225
* 176 3.53174901009 15.15303 14.812 14.93875 15.233
* 177 3.55187296867 15.15303 14.818 14.93875 15.234
* 178 3.57200312614 15.15303 14.815 14.93875 15.236
* 179 3.59212613106 15.15303 14.821 14.93875 15.243
* 180 3.61225414276 15.15303 14.79 14.93875 15.199
* 181 3.63238096237 15.15303 14.816 14.93875 15.204
* 182 3.65250396729 15.15303 14.834 14.93875 15.211
* 183 3.67264509201 15.15303 14.842 14.93875 15.216
* 184 3.69277095795 15.15303 14.852 14.93875 15.227
* 185 3.71289515495 15.15303 14.86 14.93875 15.232
* 186 3.73301696777 15.15303 14.875 14.93875 15.236
* 187 3.75315117836 15.15303 14.889 14.93875 15.247
* 188 3.77328300476 15.15303 14.89 14.93875 15.251
* 189 3.79342198372 15.15303 14.835 14.93875 15.206
* 190 3.8135471344 15.15303 14.832 14.93875 15.216
* 191 3.83368515968 15.15303 14.83 14.93875 15.218
* 192 3.85382318497 15.15303 14.845 14.93875 15.228
* 193 3.87395596504 15.15303 14.851 14.93875 15.229
* 194 3.89409303665 15.15303 14.853 14.93875 15.233
* 195 3.91422700882 15.15303 14.866 14.93875 15.24
* 196 3.93445706367 15.15303 14.889 14.93875 15.245
* 197 3.95459198952 15.15303 14.877 14.93875 15.201
* 198 3.9747171402 15.15303 14.916 14.93875 15.212
* 199 3.99484395981 15.15303 14.936 14.93875 15.217
* 200 4.01497602463 15.15303 14.945 14.93875 15.225
* 201 4.03511214256 15.15303 14.954 14.93875 15.235
* 202 4.05524706841 15.15303 14.919 14.93875 15.191
* 203 4.07537198067 15.15303 14.927 14.93875 15.197
* 204 4.09550595284 15.15303 14.93 14.93875 15.207
* 205 4.11564016342 15.15303 14.925 14.93875 15.211
* 206 4.13577604294 15.15303 14.928 14.93875 15.222
* 207 4.1559381485 15.15303 14.933 14.93875 15.226
* 208 4.17606401443 15.15303 14.95 14.93875 15.232
* 209 4.19618606567 15.15303 14.97 14.93875 15.243
* 210 4.21630597115 15.15303 14.975 14.93875 15.25
* 211 4.23642706871 15.15303 14.927 14.93875 15.207
* 212 4.25655007362 15.15303 14.93 14.93875 15.218
* 213 4.27667307854 15.15303 14.933 14.93875 15.227
* 214 4.29679012299 15.15303 14.945 14.93875 15.238
* 215 4.31691002846 15.15303 14.94 14.93875 15.243
* 216 4.33702898026 15.15303 14.915 14.93875 15.247
* 217 4.3571460247 15.15303 14.888 14.93875 15.255
* 218 4.37726306915 15.15303 14.819 14.93875 15.208
* 219 4.39738798141 15.15303 14.806 14.93875 15.21
* 220 4.41751909256 15.15303 14.807 14.93875 15.217
* 221 4.43764996529 15.15303 14.802 14.93875 15.22
* 222 4.4577960968 15.15303 14.807 14.93875 15.228
* 223 4.47792696953 15.15303 14.816 14.93875 15.231
* 224 4.49804496765 15.15303 14.847 14.93875 15.235
* 225 4.51816415787 15.15303 14.885 14.93875 15.244
* 226 4.53828215599 15.15303 14.918 14.93875 15.251
* 227 4.55840611458 15.15303 14.89 14.93875 15.206
* 228 4.57854199409 15.15303 14.902 14.93875 15.215
* 229 4.59867596626 15.15303 14.905 14.93875 15.218
* 230 4.61881613731 15.15303 14.918 14.93875 15.226
* 231 4.63895201683 15.15303 14.931 14.93875 15.228
* 232 4.65907716751 15.15303 14.942 14.93875 15.232
* 233 4.67920017242 15.15303 14.948 14.93875 15.241
* 234 4.69932198524 15.15303 14.907 14.93875 15.201
* 235 4.71944999695 15.15303 14.925 14.93875 15.208
* 236 4.73958396912 15.15303 14.949 14.93875 15.219
* 237 4.75970816612 15.15303 14.963 14.93875 15.228
* 238 4.77984905243 15.15303 14.968 14.93875 15.24
* 239 4.79998707771 15.15303 14.962 14.93875 15.245
* 240 4.82011198997 15.15303 14.96 14.93875 15.247
* 241 4.84023213387 15.15303 14.972 14.93875 15.255
* 242 4.8603541851 15.15303 14.972 14.93875 15.259
* 243 4.88048911095 15.15303 14.921 14.93875 15.218
* 244 4.90061998367 15.15303 14.956 14.93875 15.27
* 245 4.92074203491 15.15303 14.907 14.93875 15.229
* 246 4.94091796875 15.15303 14.954 14.93875 15.278
* 247 4.96104216576 15.15303 14.966 14.93875 15.279
* 248 4.98116707802 15.15303 14.983 14.93875 15.288
* 249 5.00128912926 15.15303 14.95 14.93875 15.243
* 250 5.0214099884 15.15303 14.972 14.93875 15.247
* 251 5.04153299332 15.15303 15.008 14.93875 15.256
* 252 5.06165599823 15.15303 15.042 14.93875 15.261
* 253 5.08177495003 15.15303 15.07 14.93875 15.269
* 254 5.10191702843 15.15303 15.078 14.93875 15.272
* 255 5.12205505371 15.15303 15.068 14.93875 15.275
* 256 5.14217805862 15.15303 15.062 14.93875 15.282
* 257 5.16230416298 15.15303 15.006 14.93875 15.235
* 258 5.18244600296 15.15303 15.008 14.93875 15.238
* 259 5.20257401466 15.15303 15.011 14.93875 15.247
* 260 5.22269916534 15.15303 15.008 14.93875 15.252
* 261 5.24283218384 15.15303 15.01 14.93875 15.263
* 262 5.26295399666 15.15303 15.005 14.93875 15.262
* 263 5.28308415413 15.15303 15.009 14.93875 15.266
* 264 5.30320811272 15.15303 15.015 14.93875 15.275
* 265 5.32335495949 15.15303 15.01 14.93875 15.282
* 266 5.34347605705 15.15303 14.948 14.93875 15.237
* 267 5.36359906197 15.15303 14.936 14.93875 15.247
* 268 5.3837211132 15.15303 14.923 14.93875 15.249
* 269 5.40385508537 15.15303 14.921 14.93875 15.259
* 270 5.4239821434 15.15303 14.908 14.93875 15.261
* 271 5.4441151619 15.15303 14.885 14.93875 15.263
* 272 5.46423697472 15.15303 14.873 14.93875 15.27
* 273 5.48440098763 15.15303 14.865 14.93875 15.273
* 274 5.50452899933 15.15303 14.831 14.93875 15.229
* 275 5.52465701103 15.15303 14.859 14.93875 15.237
* 276 5.54478597641 15.15303 14.885 14.93875 15.244
* 277 5.56491398811 15.15303 14.913 14.93875 15.255
* 278 5.58503699303 15.15303 14.931 14.93875 15.258
* 279 5.60516309738 15.15303 14.946 14.93875 15.262
* 280 5.62528800964 15.15303 14.965 14.93875 15.271
* 281 5.64541196823 15.15303 14.97 14.93875 15.276
* 282 5.66553902626 15.15303 14.913 14.93875 15.234
* 283 5.6856610775 15.15303 14.933 14.93875 15.283
* 284 5.70578408241 15.15303 14.915 14.93875 15.29
* 285 5.72590708733 15.15303 14.902 14.93875 15.289
* 286 5.74605512619 15.15303 14.896 14.93875 15.29
* 287 5.76618218422 15.15303 14.889 14.93875 15.296
* 288 5.78630614281 15.15303 14.828 14.93875 15.252
* 289 5.80643010139 15.15303 14.809 14.93875 15.254
* 290 5.82655310631 15.15303 14.812 14.93875 15.262
* 291 5.84668898582 15.15303 14.821 14.93875 15.266
* 292 5.8668179512 15.15303 14.834 14.93875 15.276
* 293 5.88694405556 15.15303 14.827 14.93875 15.279
* 294 5.90707707405 15.15303 14.809 14.93875 15.28
* 295 5.92720913887 15.15303 14.793 14.93875 15.284
* 296 5.94733309746 15.15303 14.731 14.93875 15.237
* 297 5.96745800972 15.15303 14.73 14.93875 15.24
* 298 5.98759317398 15.15303 14.73 14.93875 15.245
* 299 6.00772213936 15.15303 14.714 14.93875 15.246
* 300 6.02784609795 15.15303 14.708 14.93875 15.253
* 301 6.04796814919 15.15303 14.706 14.93875 15.254
* 302 6.06810903549 15.15303 14.72 14.93875 15.255
* 303 6.08823895454 15.15303 14.746 14.93875 15.262
* 304 6.10836315155 15.15303 14.772 14.93875 15.266
* 305 6.12849617004 15.15303 14.739 14.93875 15.22
* 306 6.14862298965 15.15303 14.748 14.93875 15.227
* 307 6.16874504089 15.15303 14.752 14.93875 15.229
* 308 6.18886804581 15.15303 14.757 14.93875 15.236
* 309 6.20899200439 15.15303 14.743 14.93875 15.237
* 310 6.22912812233 15.15303 14.717 14.93875 15.238
* 311 6.24927210808 15.15303 14.692 14.93875 15.247
* 312 6.26939511299 15.15303 14.625 14.93875 15.201
* 313 6.2895181179 15.15303 14.612 14.93875 15.203
* 314 6.30964112282 15.15303 14.624 14.93875 15.213
* 315 6.32976818085 15.15303 14.628 14.93875 15.218
* 316 6.34990406036 15.15303 14.625 14.93875 15.231
* 317 6.37004113197 15.15303 14.608 14.93875 15.234
* 318 6.39017605782 15.15303 14.592 14.93875 15.237
* 319 6.41030812263 15.15303 14.593 14.93875 15.246
* 320 6.43043112755 15.15303 14.594 14.93875 15.253
* 321 6.45055413246 15.15303 14.537 14.93875 15.21
* 322 6.4706890583 15.15303 14.521 14.93875 15.219
* 323 6.49081301689 15.15303 14.497 14.93875 15.223
* 324 6.51093697548 15.15303 14.473 14.93875 15.231
* 325 6.53107309341 15.15303 14.439 14.93875 15.23
* 326 6.55120706558 15.15303 14.402 14.93875 15.23
* 327 6.57133412361 15.15303 14.371 14.93875 15.235
* 328 6.59146595001 15.15303 14.33 14.93875 15.236
* 329 6.61159110069 15.15303 14.263 14.93875 15.19
* 330 6.6317191124 15.15303 14.263 14.93875 15.196
* 331 6.65189599991 15.15303 14.288 14.93875 15.2
* 332 6.67205309868 15.15303 14.331 14.93875 15.204
* 333 6.69218111038 15.15303 14.378 14.93875 15.216
* 334 6.71230602264 15.15303 14.37 14.93875 15.173
* 335 6.73242807388 15.15303 14.411 14.93875 15.18
* 336 6.75254917145 15.15303 14.445 14.93875 15.191
* 337 6.77267217636 15.15303 14.468 14.93875 15.196
* 338 6.79279518127 15.15303 14.483 14.93875 15.206
* 339 6.81291818619 15.15303 14.475 14.93875 15.209
* 340 6.83304095268 15.15303 14.464 14.93875 15.21
* 341 6.8531639576 15.15303 14.468 14.93875 15.219
* 342 6.87328600883 15.15303 14.44 14.93875 15.172
* 343 6.89340901375 15.15303 14.465 14.93875 15.178
* 344 6.91354107857 15.15303 14.492 14.93875 15.189
* 345 6.93366503716 15.15303 14.499 14.93875 15.196
* 346 6.95390200615 15.15303 14.5 14.93875 15.208
* 347 6.97403097153 15.15303 14.493 14.93875 15.21
* 348 6.99415302277 15.15303 14.49 14.93875 15.214
* 349 7.01429605484 15.15303 14.487 14.93875 15.222
* 350 7.0344350338 15.15303 14.421 14.93875 15.177
* 351 7.05456018448 15.15303 14.401 14.93875 15.179
* 352 7.07468509674 15.15303 14.392 14.93875 15.186
* 353 7.09480810165 15.15303 14.388 14.93875 15.189
* 354 7.11493206024 15.15303 14.401 14.93875 15.198
* 355 7.13506102562 15.15303 14.415 14.93875 15.202
* 356 7.15518403053 15.15303 14.425 14.93875 15.205
* 357 7.17532110214 15.15303 14.445 14.93875 15.216
* 358 7.19545507431 15.15303 14.467 14.93875 15.22
* 359 7.21558618546 15.15303 14.456 14.93875 15.178
* 360 7.23570895195 15.15303 14.501 14.93875 15.186
* 361 7.25583314896 15.15303 14.541 14.93875 15.193
* 362 7.27595806122 15.15303 14.566 14.93875 15.202
* 363 7.29609298706 15.15303 14.566 14.93875 15.205
* 364 7.31621313095 15.15303 14.553 14.93875 15.208
* 365 7.33634805679 15.15303 14.549 14.93875 15.215
* 366 7.35648417473 15.15303 14.541 14.93875 15.219
* 367 7.37660813332 15.15303 14.476 14.93875 15.174
* 368 7.39673018456 15.15303 14.459 14.93875 15.183
* 369 7.41685605049 15.15303 14.439 14.93875 15.188
* 370 7.43697810173 15.15303 14.439 14.93875 15.198
* 371 7.45711016655 15.15303 14.445 14.93875 15.201
* 372 7.47723412514 15.15303 14.447 14.93875 15.204
* 373 7.49737501144 15.15303 14.437 14.93875 15.213
* 374 7.51750802994 15.15303 14.417 14.93875 15.219
* 375 7.5376291275 15.15303 14.359 14.93875 15.179
* 376 7.55776596069 15.15303 14.394 14.93875 15.231
* 377 7.57790017128 15.15303 14.395 14.93875 15.239
* 378 7.59802603722 15.15303 14.383 14.93875 15.239
* 379 7.61814713478 15.15303 14.357 14.93875 15.239
* 380 7.63827204704 15.15303 14.343 14.93875 15.244
* 381 7.65843701363 15.15303 14.292 14.93875 15.198
* 382 7.67856502533 15.15303 14.302 14.93875 15.198
* 383 7.69868803024 15.15303 14.333 14.93875 15.204
* 384 7.71881103516 15.15303 14.363 14.93875 15.208
* 385 7.73893713951 15.15303 14.393 14.93875 15.218
* 386 7.75906014442 15.15303 14.422 14.93875 15.223
* 387 7.77918314934 15.15303 14.456 14.93875 15.225
* 388 7.79930496216 15.15303 14.5 14.93875 15.235
* 389 7.81944203377 15.15303 14.489 14.93875 15.191
* 390 7.8395781517 15.15303 14.51 14.93875 15.197
* 391 7.85970902443 15.15303 14.523 14.93875 15.204
* 392 7.87983512878 15.15303 14.53 14.93875 15.206
* 393 7.89995908737 15.15303 14.539 14.93875 15.215
* 394 7.92009615898 15.15303 14.551 14.93875 15.217
* 395 7.94021916389 15.15303 14.55 14.93875 15.217
* 396 7.96034216881 15.15303 14.537 14.93875 15.223
* 397 7.98048496246 15.15303 14.504 14.93875 15.227
* 398 8.00061202049 15.15303 14.435 14.93875 15.182
* 399 8.02073502541 15.15303 14.431 14.93875 15.19
* 400 8.04086899757 15.15303 14.439 14.93875 15.193
* 401 8.0609960556 15.15303 14.453 14.93875 15.202
* 402 8.08112001419 15.15303 14.444 14.93875 15.205
* 403 8.10124111176 15.15303 14.425 14.93875 15.208
* 404 8.12137413025 15.15303 14.412 14.93875 15.215
* 405 8.14154696465 15.15303 14.404 14.93875 15.215
* 406 8.16168308258 15.15303 14.362 14.93875 15.17
* 407 8.18181395531 15.15303 14.367 14.93875 15.18
* 408 8.20194196701 15.15303 14.358 14.93875 15.182
* 409 8.22206902504 15.15303 14.359 14.93875 15.188
* 410 8.24219298363 15.15303 14.376 14.93875 15.198
* 411 8.26232409477 15.15303 14.359 14.93875 15.155
* 412 8.28244614601 15.15303 14.396 14.93875 15.163
* 413 8.30257415771 15.15303 14.435 14.93875 15.175
* 414 8.32270002365 15.15303 14.466 14.93875 15.183
* 415 8.34282803535 15.15303 14.501 14.93875 15.196
* 416 8.36295104027 15.15303 14.541 14.93875 15.204
* 417 8.38307905197 15.15303 14.592 14.93875 15.211
* 418 8.40320515633 15.15303 14.582 14.93875 15.177
* 419 8.42332816124 15.15303 14.597 14.93875 15.183
* 420 8.44345116615 15.15303 14.598 14.93875 15.189
* 421 8.46357607841 15.15303 14.591 14.93875 15.198
* 422 8.48370409012 15.15303 14.586 14.93875 15.203
* 423 8.50383210182 15.15303 14.547 14.93875 15.165
* 424 8.52395701408 15.15303 14.588 14.93875 15.217
* 425 8.54408597946 15.15303 14.586 14.93875 15.225
* 426 8.56421995163 15.15303 14.581 14.93875 15.227
* 427 8.58434700966 15.15303 14.588 14.93875 15.229
* 428 8.60448312759 15.15303 14.61 14.93875 15.238
* 429 8.62462496758 15.15303 14.63 14.93875 15.243
* 430 8.64475417137 15.15303 14.588 14.93875 15.199
* 431 8.66488099098 15.15303 14.592 14.93875 15.208
* 432 8.68500208855 15.15303 14.587 14.93875 15.213
* 433 8.70512604713 15.15303 14.59 14.93875 15.217
* 434 8.7252509594 15.15303 14.603 14.93875 15.224
* 435 8.74538111687 15.15303 14.569 14.93875 15.181
* 436 8.7655069828 15.15303 14.572 14.93875 15.185
* 437 8.78563714027 15.15303 14.589 14.93875 15.193
* 438 8.805768013 15.15303 14.617 14.93875 15.2
* 439 8.82591104507 15.15303 14.657 14.93875 15.21
* 440 8.84603404999 15.15303 14.694 14.93875 15.215
* 441 8.86616802216 15.15303 14.724 14.93875 15.222
* 442 8.88631606102 15.15303 14.755 14.93875 15.234
* 443 8.90647411346 15.15303 14.744 14.93875 15.192
* 444 8.92664408684 15.15303 14.784 14.93875 15.2
* 445 8.94684696198 15.15303 14.814 14.93875 15.209
* 446 8.96700501442 15.15303 14.823 14.93875 15.217
* 447 8.9871430397 15.15303 14.81 14.93875 15.222
* 448 9.00730609894 15.15303 14.794 14.93875 15.23
* 449 9.0274310112 15.15303 14.732 14.93875 15.187
* 450 9.04755496979 15.15303 14.731 14.93875 15.193
* 451 9.0676920414 15.15303 14.741 14.93875 15.203
* 452 9.08782601357 15.15303 14.744 14.93875 15.209
* 453 9.10795211792 15.15303 14.748 14.93875 15.222
* 454 9.12807607651 15.15303 14.741 14.93875 15.226
* 455 9.1482000351 15.15303 14.748 14.93875 15.231
* 456 9.16832518578 15.15303 14.759 14.93875 15.238
* 457 9.18845701218 15.15303 14.715 14.93875 15.194
* 458 9.20858001709 15.15303 14.701 14.93875 15.197
* 459 9.22872614861 15.15303 14.689 14.93875 15.205
* 460 9.24885416031 15.15303 14.678 14.93875 15.207
* 461 9.2689909935 15.15303 14.686 14.93875 15.215
* 462 9.28911995888 15.15303 14.698 14.93875 15.216
* 463 9.30924510956 15.15303 14.702 14.93875 15.219
* 464 9.32937216759 15.15303 14.715 14.93875 15.229
* 465 9.34949707985 15.15303 14.682 14.93875 15.185
* 466 9.36963796616 15.15303 14.702 14.93875 15.191
* 467 9.38976097107 15.15303 14.737 14.93875 15.199
* 468 9.40988898277 15.15303 14.772 14.93875 15.205
* 469 9.43002104759 15.15303 14.802 14.93875 15.216
* 470 9.45014715195 15.15303 14.832 14.93875 15.222
* 471 9.47027301788 15.15303 14.867 14.93875 15.227
* 472 9.49039816856 15.15303 14.899 14.93875 15.236
* 473 9.51052212715 15.15303 14.92 14.93875 15.239
* 474 9.53064608574 15.15303 14.877 14.93875 15.195
* 475 9.55079197884 15.15303 14.881 14.93875 15.203
* 476 9.57092404366 15.15303 14.878 14.93875 15.206
* 477 9.59105205536 15.15303 14.893 14.93875 15.215
* 478 9.61117815971 15.15303 14.91 14.93875 15.217
* 479 9.63129997253 15.15303 14.924 14.93875 15.222
* 480 9.65142416954 15.15303 14.926 14.93875 15.231
* 481 9.6715490818 15.15303 14.915 14.93875 15.233
* 482 9.69168615341 15.15303 14.857 14.93875 15.191
* 483 9.71182012558 15.15303 14.848 14.93875 15.201
* 484 9.73194313049 15.15303 14.84 14.93875 15.207
* 485 9.75209617615 15.15303 14.831 14.93875 15.219
* 486 9.77222514153 15.15303 14.807 14.93875 15.223
* 487 9.79234814644 15.15303 14.783 14.93875 15.227
* 488 9.81247115135 15.15303 14.777 14.93875 15.234
* 489 9.83259415627 15.15303 14.778 14.93875 15.239
* 490 9.85271906853 15.15303 14.741 14.93875 15.198
* 491 9.87284612656 15.15303 14.789 14.93875 15.248
* 492 9.89297795296 15.15303 14.793 14.93875 15.257
* 493 9.91310095787 15.15303 14.8 14.93875 15.261
* 494 9.93323397636 15.15303 14.819 14.93875 15.265
* 495 9.95336318016 15.15303 14.854 14.93875 15.275
* 496 9.97349095345 15.15303 14.835 14.93875 15.231
* 497 9.99361515045 15.15303 14.857 14.93875 15.238
* 498 10.013739109 15.15303 14.883 14.93875 15.247
* 499 10.0338761806 15.15303 14.901 14.93875 15.254
* 500 10.0540111065 15.15303 14.922 14.93875 15.263
