### Ensaio do Controlador Klancar com Laser (Linha Reta) ###

# Parâmetros #

# Número do Ensaio: 2
# Frequência: 5.0 Hz
# Distância: 2.00 m
# Velocidade Linear da Base: 0.15 m/s
# Parâmetro ksi: 0.60
# Parâmetro w_n: 1.00
# Parâmetro g: 10.00

* 1 0.0 0.0 0.0 0.0 0.15 0.0 0.0 0.0 0.0 0.0 0.0 0.15 0.0
* 2 0.200814008713 0.03 0.0 0.0 0.15 0.0 0.0 0.0 0.0 0.0 0.0 0.186 0.0
* 3 0.401219844818 0.06 0.0 0.0 0.15 0.0 0.0 0.0 0.0 0.0 0.0 0.222 0.0
* 4 0.601679801941 0.09 0.0 0.0 0.15 0.0 0.0 0.0 0.0 0.0 0.0 0.258 0.0
* 5 0.801995992661 0.12 0.0 0.0 0.15 0.0 0.0 0.0 0.0 0.0 0.0 0.294 0.0
* 6 1.00230097771 0.15 0.0 0.0 0.15 0.0 0.0 0.0 0.0 0.0 0.0 0.3 0.0
* 7 1.20265293121 0.18 0.0 0.0 0.15 0.0 0.0 0.0 0.0 0.2429998785 0.003 0.3 0.0
* 8 1.40321993828 0.21 0.0 0.0 0.15 0.0 0.157426357269 0.00822067260742 0.0025997904595 0.26100075154 0.004 0.213062004752 -0.0156557362417
* 9 1.60412883759 0.24 0.0 0.0 0.15 0.0 0.157426357269 0.00822067260742 0.0025997904595 0.270000912455 0.007 0.249061883092 -0.0157727266806
* 10 1.80513691902 0.27 0.0 0.0 0.15 0.0 0.356195926666 0.0180902481079 0.00684198830277 0.281006577327 -0.002 0.0464152713279 -0.0344605026052
* 11 2.00556087494 0.3 0.0 0.0 0.15 0.0 0.415306091309 0.0207929611206 0.00794370658696 0.284006647548 -0.0 0.0114341176717 -0.0393469833391
* 12 2.20605993271 0.33 0.0 0.0 0.15 0.0 0.441922664642 0.0236473083496 0.00949675869197 0.255011499456 -0.008 0.0154226114934 -0.0452711435895
* 13 2.40646600723 0.36 0.0 0.0 0.15 0.0 0.441922664642 0.0236473083496 0.00949675869197 0.255011499456 -0.008 0.0514209881139 -0.045698491307
* 14 2.60684680939 0.39 0.0 0.0 0.15 0.0 0.467971801758 0.0254621505737 0.00726369954646 0.236010642634 -0.008 0.0562104117927 -0.046059119617
* 15 2.80718493462 0.42 0.0 0.0 0.15 0.0 0.471476078033 0.0237646102905 0.004636161495 0.0530004635948 -0.009 0.0880955467562 -0.0408519502992
* 16 3.00750899315 0.45 0.0 0.0 0.15 0.0 0.470717430115 0.0242691040039 0.00513676507398 0.0380001973427 -0.015 0.124987835919 -0.0424076636607
* 17 3.20789980888 0.48 0.0 0.0 0.15 0.0 0.488648891449 0.0239396095276 0.00640020053834 0.0949989057091 -0.042 0.13943460994 -0.0435058880763
* 18 3.40831279755 0.51 0.0 0.0 0.15 0.0 0.515727996826 0.0279312133789 0.00728613138199 0.11599606104 -0.044 0.142878394271 -0.0505764637763
* 19 3.60863780975 0.54 0.0 0.0 0.15 0.0 0.543816566467 0.0310373306274 0.00640884321183 0.131987860856 -0.047 0.145178439381 -0.0542089622821
* 20 3.80896687508 0.57 0.0 0.0 0.15 0.0 0.572080135345 0.0320310592651 0.00423827255145 0.138976159464 -0.051 0.147339605642 -0.0531188601995
* 21 4.00929284096 0.6 0.0 0.0 0.15 0.0 0.572080135345 0.0320310592651 0.00423827255145 0.138976159464 -0.051 0.183339282309 -0.0533095818934
* 22 4.20959877968 0.63 0.0 0.0 0.15 0.0 0.58514881134 0.0332956314087 0.0039959102869 0.141963576042 -0.053 0.203660143953 -0.0550069720007
* 23 4.41007089615 0.66 0.0 0.0 0.15 0.0 0.58514881134 0.0332956314087 0.0039959102869 0.14295645614 -0.052 0.239659856542 -0.0551867874851
* 24 4.61049079895 0.69 0.0 0.0 0.15 0.0 0.613439083099 0.0347585678101 0.00449127191678 0.155926620639 -0.055 0.241683329225 -0.0580426342761
* 25 4.81096601486 0.72 0.0 0.0 0.15 0.0 0.678890228271 0.0372939109802 0.00371319614351 0.176886535826 -0.053 0.199164176754 -0.0606252886341
* 26 5.0114569664 0.75 0.0 0.0 0.15 0.0 0.678890228271 0.0372939109802 0.00371319614351 0.176886535826 -0.053 0.235163928574 -0.0607923820766
* 27 5.21193599701 0.78 0.0 0.0 0.15 0.0 0.678890228271 0.0372939109802 0.00371319614351 0.195859855267 -0.051 0.271163680393 -0.0609594755191
* 28 5.41238379478 0.81 0.0 0.0 0.15 0.0 0.722611427307 0.039201259613 0.000819991750177 0.224782310706 -0.056 0.2548276279 -0.0598933466019
* 29 5.61286878586 0.84 0.0 0.0 0.15 0.0 0.820021629333 0.0445108413696 -0.00315791764297 0.2347063901 -0.058 0.174141850932 -0.0628817930552
* 30 5.8133058548 0.87 0.0 0.0 0.15 0.0 0.939787387848 0.046971321106 -0.00668174447492 0.234462123171 -0.061 0.0666302732202 -0.0631367625291
* 31 6.01373195648 0.9 0.0 0.0 0.15 0.0 1.00855541229 0.0486083030701 -0.00644618691877 0.233413598048 -0.059 0.0201090984989 -0.0662251608789
* 32 6.21414685249 0.93 0.0 0.0 0.15 0.0 1.04156255722 0.0506958961487 -0.0118292011321 0.110670252114 -0.056 0.0168434167275 -0.0638229802454
* 33 6.41446781158 0.96 0.0 0.0 0.15 0.0 1.03641796112 0.0500898361206 -0.0130069889128 0.0578050612628 -0.051 0.0590753146948 -0.0610109211797
* 34 6.61488389969 0.99 0.0 0.0 0.15 0.0 1.03479003906 0.0519919395447 -0.0133770145476 0.0388491182958 -0.063 0.0970779128009 -0.062827222912
* 35 6.81528282166 1.02 0.0 0.0 0.15 0.0 1.04614162445 0.0513877868652 -0.0148766674101 0.0696853987279 -0.064 0.119534264562 -0.0598044787496
* 36 7.01567697525 1.05 0.0 0.0 0.15 0.0 1.06736421585 0.0519666671753 -0.0164831317961 0.0945287053987 -0.063 0.130173236566 -0.0585889591349
* 37 7.21609997749 1.08 0.0 0.0 0.15 0.0 1.09527587891 0.0528745651245 -0.0183480419219 0.11238467685 -0.061 0.132810891083 -0.0577012476738
* 38 7.41656279564 1.11 0.0 0.0 0.15 0.0 1.11782598495 0.0515203475952 -0.0215347446501 0.124245627244 -0.059 0.141907486115 -0.0516736856118
* 39 7.61699986458 1.14 0.0 0.0 0.15 0.0 1.14659881592 0.0529298782349 -0.0236461795866 0.131149563299 -0.057 0.143543468246 -0.05123123977
* 40 7.81746101379 1.17 0.0 0.0 0.15 0.0 1.17497873306 0.0554032325745 -0.026516739279 0.137022447171 -0.053 0.14573761752 -0.0514535528162
* 41 8.01792383194 1.2 0.0 0.0 0.15 0.0 1.20312356949 0.0542869567871 -0.0277422107756 0.140928522441 -0.051 0.148002456777 -0.0482384140085
* 42 8.2183098793 1.23 0.0 0.0 0.15 0.0 1.2172665596 0.0521545410156 -0.028406444937 0.142842540508 -0.051 0.166991039568 -0.043570021381
* 43 8.41870284081 1.26 0.0 0.0 0.15 0.0 1.24675226212 0.0535063743591 -0.0279977954924 0.148693474538 -0.048 0.167629705995 -0.0460744637079
* 44 8.61906695366 1.29 0.0 0.0 0.15 0.0 1.29708242416 0.0489263534546 -0.0298994220793 0.160486721636 -0.047 0.143193028554 -0.0377950151708
* 45 8.8194129467 1.32 0.0 0.0 0.15 0.0 1.32917022705 0.0507974624634 -0.0301077999175 0.155472858124 -0.042 0.140767736443 -0.0404463817306
* 46 9.01981282234 1.35 0.0 0.0 0.15 0.0 1.32917022705 0.0507974624634 -0.0301077999175 0.14750322926 -0.04 0.176751421042 -0.0390917354159
* 47 9.22022294998 1.38 0.0 0.0 0.15 0.0 1.34048986435 0.0520524978638 -0.0301044620574 0.143479868046 -0.039 0.199202845243 -0.0401341368562
* 48 9.42064881325 1.41 0.0 0.0 0.15 0.0 1.40054321289 0.052059173584 -0.0333011783659 0.170058737873 -0.042 0.163338661498 -0.0376117554246
* 49 9.6209769249 1.44 0.0 0.0 0.15 0.0 1.41829204559 0.0530548095703 -0.034051720053 0.177945231066 -0.041 0.17811499879 -0.037565440665
* 50 9.82144188881 1.47 0.0 0.0 0.15 0.0 1.46271276474 0.0531973838806 -0.0359662212431 0.159046450319 -0.038 0.16093749546 -0.036191948305
* 51 10.0217628479 1.5 0.0 0.0 0.15 0.0 1.46271276474 0.0531973838806 -0.0359662212431 0.159046450319 -0.038 0.196914213727 -0.0345738172624
* 52 10.2221879959 1.53 0.0 0.0 0.15 0.0 1.47524642944 0.0526757240295 -0.0352667011321 0.100727113306 -0.024 0.217798935274 -0.0337485472496
* 53 10.4226899147 1.56 0.0 0.0 0.15 0.0 1.48516511917 0.0537338256836 -0.0337036289275 0.0404661338345 -0.014 0.241838488762 -0.0363280152052
* 54 10.6231257915 1.59 0.0 0.0 0.15 0.0 1.48516511917 0.0537338256836 -0.0337036289275 0.0394791549605 -0.014 0.277818043874 -0.0348116390256
* 55 10.8235909939 1.62 0.0 0.0 0.15 0.0 1.48416662216 0.0534563064575 -0.0340064205229 0.0661061079096 -0.018 0.3 -0.0324029203294
* 56 11.0239319801 1.65 0.0 0.0 0.15 0.0 1.48416662216 0.0534563064575 -0.0340064205229 0.129230388165 -0.019 0.3 -0.0308729263358
* 57 11.2243039608 1.68 0.0 0.0 0.15 0.0 1.53774309158 0.0531282424927 -0.0332387126982 0.129230388165 -0.019 0.3 -0.0326705411872
* 58 11.4246637821 1.71 0.0 0.0 0.15 0.0 1.53774309158 0.0531282424927 -0.0332387126982 0.129230388165 -0.019 0.3 -0.0311750745196
* 59 11.6251528263 1.74 0.0 0.0 0.15 0.0 1.67189788818 0.0580129623413 -0.0351446308196 0.129230388165 -0.019 0.234025552786 -0.0412027548851
* 60 11.8254919052 1.77 0.0 0.0 0.15 0.0 1.67189788818 0.0580129623413 -0.0351446308196 0.129230388165 -0.019 0.270003322463 -0.0396215720435
* 61 12.0258338451 1.8 0.0 0.0 0.15 0.0 1.81658649445 0.0567345619202 -0.0297043956816 0.263084442892 -0.017 0.132060837283 -0.0501579549835
* 62 12.2262859344 1.83 0.0 0.0 0.15 0.0 1.81658649445 0.0567345619202 -0.0297043956816 0.263084442892 -0.017 0.168044956131 -0.048821453742
* 63 12.4267179966 1.86 0.0 0.0 0.15 0.0 1.81658649445 0.0567345619202 -0.0297043956816 0.256989512783 -0.019 0.204029074978 -0.0474849525005
* 64 12.6271150112 1.89 0.0 0.0 0.15 0.0 1.9005613327 0.0581917762756 -0.0299561657012 0.240209194647 -0.024 0.139356319085 -0.0517755983286
* 65 12.827466011 1.92 0.0 0.0 0.15 0.0 1.9005613327 0.0581917762756 -0.0299561657012 0.230322758966 -0.02 0.1753401676 -0.0504277724767
* 66 13.0279870033 1.95 0.0 0.0 0.15 0.0 1.9005613327 0.0581917762756 -0.0299561657012 0.230322758966 -0.02 0.211324016114 -0.0490799466248
* 67 13.228358984 1.98 0.0 0.0 0.15 0.0 1.9005613327 0.0581917762756 -0.0299561657012 0.230322758966 -0.02 0.247307864628 -0.0477321207728
