### Ensaio do Controlador Klancar com Laser (Linha Reta) ###

# Parâmetros #

# Número do Ensaio: 3
# Frequência: 5.0 Hz
# Distância: 2.00 m
# Velocidade Linear da Base: 0.10 m/s
# Parâmetro ksi: 0.60
# Parâmetro w_n: 1.00
# Parâmetro g: 10.00

* 1 0.0 0.0 0.0 0.0 0.1 0.0 0.0 0.0 0.0 0.0 0.0 0.1 0.0
* 2 0.200446128845 0.02 0.0 0.0 0.1 0.0 0.0 0.0 0.0 0.0 0.0 0.124 0.0
* 3 0.400833129883 0.04 0.0 0.0 0.1 0.0 0.00591373443604 0.000857353210449 -0.0027821699623 0.0 0.0 0.140905835707 0.00257608772431
* 4 0.601189136505 0.06 0.0 0.0 0.1 0.0 0.00591373443604 0.000857353210449 -0.0027821699623 0.0 0.0 0.164905742821 0.00263173105177
* 5 0.80154800415 0.08 0.0 0.0 0.1 0.0 0.0185508728027 0.00172281265259 -0.00177747406997 0.100000157971 -0.003 0.173742352884 0.000519383125613
* 6 1.00208997726 0.1 0.0 0.0 0.1 0.0 0.0185508728027 0.00172281265259 -0.00177747406997 0.107000169029 -0.003 0.197742314971 0.000554932588293
* 7 1.2024409771 0.12 0.0 0.0 0.1 0.0 0.0185508728027 0.00172281265259 -0.00177747406997 0.107000169029 -0.003 0.221742277058 0.000590482050974
* 8 1.40288996696 0.14 0.0 0.0 0.1 0.0 0.0668067932129 0.00564956665039 -0.00039703049697 0.12700001001 -0.0 0.187834525 -0.00514406967425
* 9 1.60332608223 0.16 0.0 0.0 0.1 0.0 0.0668067932129 0.00564956665039 -0.00039703049697 0.12700001001 -0.0 0.211834523109 -0.00513612906451
* 10 1.8036570549 0.18 0.0 0.0 0.1 0.0 0.0668067932129 0.00564956665039 -0.00039703049697 0.12700001001 -0.0 0.235834521217 -0.00512818845478
* 11 2.00407910347 0.2 0.0 0.0 0.1 0.0 0.0668067932129 0.00564956665039 -0.00039703049697 0.12700001001 -0.0 0.259834519326 -0.00512024784505
* 12 2.20471906662 0.22 0.0 0.0 0.1 0.0 0.0668067932129 0.00564956665039 -0.00039703049697 0.148000011665 -0.0 0.283834517434 -0.00511230723532
* 13 2.4052131176 0.24 0.0 0.0 0.1 0.0 0.127668857574 0.00809860229492 0.00259869685397 0.148000011665 -0.0 0.234771323145 -0.0115089254317
* 14 2.60553598404 0.26 0.0 0.0 0.1 0.0 0.127668857574 0.00809860229492 0.00259869685397 0.148000011665 -0.0 0.258771242106 -0.0115608993103
* 15 2.80599999428 0.28 0.0 0.0 0.1 0.0 0.127668857574 0.00809860229492 0.00259869685397 0.148000011665 -0.0 0.282771161068 -0.0116128731889
* 16 3.00655198097 0.3 0.0 0.0 0.1 0.0 0.33252954483 0.0190582275391 0.00924198608845 0.148000011665 -0.0 0.0607505825603 -0.0298471636073
* 17 3.20690608025 0.32 0.0 0.0 0.1 0.0 0.33252954483 0.0190582275391 0.00924198608845 0.233009951121 -0.003 0.0847495575959 -0.0300320006978
* 18 3.40725898743 0.34 0.0 0.0 0.1 0.0 0.484784603119 0.0288171768188 0.0100826155394 0.27301387706 -0.003 -0.074086432635 -0.0394550679583
* 19 3.60760617256 0.36 0.0 0.0 0.1 0.0 0.605031490326 0.0369162559509 0.00826555676758 0.221007439008 -0.008 -0.194397316075 -0.0448083643987
* 20 3.80814814568 0.38 0.0 0.0 0.1 0.0 0.605031490326 0.0369162559509 0.00826555676758 0.178005991599 -0.012 -0.170398135904 -0.0449736736517
* 21 4.00848007202 0.4 0.0 0.0 0.1 0.0 0.659301757812 0.0376524925232 0.00897316727787 0.0550009434872 -0.01 -0.211559037381 -0.046092050596
* 22 4.20878911018 0.42 0.0 0.0 0.1 0.0 0.660245418549 0.0385770797729 0.00907913967967 0.0250007179079 -0.004 -0.188707031941 -0.0472892656842
* 23 4.40913796425 0.44 0.0 0.0 0.1 0.0 0.660151004791 0.0388212203979 0.00877631641924 -0.00800020810116 -0.008 -0.164583726394 -0.047419214958
* 24 4.60947799683 0.46 0.0 0.0 0.1 0.0 0.660151004791 0.0388212203979 0.00877631641924 -0.00800020810116 -0.008 -0.140584650673 -0.0475947390331
* 25 4.81001210213 0.48 0.0 0.0 0.1 0.0 0.660151004791 0.0388212203979 0.00877631641924 -0.00800020810116 -0.008 -0.116585574952 -0.0477702631082
* 26 5.0103521347 0.5 0.0 0.0 0.1 0.0 0.657956123352 0.0373735427856 0.0092391371727 -0.113002054498 -0.022 -0.0899578793458 -0.046999554742
* 27 5.21071314812 0.52 0.0 0.0 0.1 0.0 0.657956123352 0.0373735427856 0.0092391371727 -0.167997006303 -0.036 -0.0659589036784 -0.0471843348565
* 28 5.41112804413 0.54 0.0 0.0 0.1 0.0 0.559242248535 0.0342469215393 0.0064293872565 -0.145984329667 -0.046 0.0766434899179 -0.0418377634015
* 29 5.61152911186 0.56 0.0 0.0 0.1 0.0 0.501078128815 0.0298538208008 0.00219522579573 -0.118978807826 -0.037 0.170627191115 -0.0326173665303
* 30 5.81206011772 0.58 0.0 0.0 0.1 0.0 0.499520778656 0.0295476913452 0.00163608195726 -0.0319922991302 -0.002 0.196516791613 -0.0316426206911
* 31 6.01247096062 0.6 0.0 0.0 0.1 0.0 0.499520778656 0.0295476913452 0.00163608195726 -0.0319922991302 -0.002 0.220516759491 -0.0316753423156
* 32 6.21278309822 0.62 0.0 0.0 0.1 0.0 0.499520778656 0.0295476913452 0.00163608195726 -0.0319922991302 -0.002 0.24451672737 -0.0317080639402
* 33 6.41314005852 0.64 0.0 0.0 0.1 0.0 0.583132743835 0.0355787277222 0.00425380282104 0.158959384524 -0.02 0.168057571932 -0.0409248705774
* 34 6.61351895332 0.66 0.0 0.0 0.1 0.0 0.621576786041 0.0364828109741 0.00149156432599 0.181943330353 -0.024 0.146042394496 -0.0383299582565
* 35 6.81396603584 0.68 0.0 0.0 0.1 0.0 0.662949562073 0.0377411842346 0.00442249001935 0.164936937176 -0.033 0.120259056146 -0.0431232083253
* 36 7.01433396339 0.7 0.0 0.0 0.1 0.0 0.678213596344 0.0396146774292 0.00341556500643 0.120942569618 -0.029 0.125980581095 -0.0437875370963
* 37 7.2146589756 0.72 0.0 0.0 0.1 0.0 0.684724330902 0.040105342865 0.00354916066863 0.06296609619 -0.015 0.142159098472 -0.0444892818278
* 38 7.4149711132 0.74 0.0 0.0 0.1 0.0 0.686097621918 0.0403909683228 0.00320181809366 0.0359793784281 -0.009 0.16452682039 -0.0444055283131
* 39 7.61531615257 0.76 0.0 0.0 0.1 0.0 0.684462070465 0.0404138565063 0.00319256051444 0.0219874127767 -0.005 0.190489715715 -0.0444858821674
* 40 7.81564116478 0.78 0.0 0.0 0.1 0.0 0.685278892517 0.0397787094116 0.00288037140854 0.0369774932059 -0.005 0.21352694988 -0.0435078216817
* 41 8.01614308357 0.8 0.0 0.0 0.1 0.0 0.704270839691 0.0412788391113 0.00226562330499 0.107930300564 -0.006 0.214762214225 -0.0442143671652
* 42 8.21645307541 0.82 0.0 0.0 0.1 0.0 0.754928588867 0.0431184768677 0.00558650074527 0.173883623946 -0.027 0.177793858249 -0.0501851245176
* 43 8.41680407524 0.84 0.0 0.0 0.1 0.0 0.781279563904 0.0467138290405 0.00400230707601 0.180872156136 -0.031 0.17023880292 -0.0517512399798
* 44 8.61715912819 0.86 0.0 0.0 0.1 0.0 0.817183494568 0.0450134277344 0.00563487084582 0.17584010468 -0.045 0.151073031025 -0.0520158223247
* 45 8.81747698784 0.88 0.0 0.0 0.1 0.0 0.833984851837 0.0487508773804 0.00375705840997 0.173832822038 -0.047 0.154997290951 -0.0534318845942
* 46 9.01779103279 0.9 0.0 0.0 0.1 0.0 0.849121570587 0.0482358932495 0.00302140577696 0.167815662554 -0.049 0.160878492191 -0.0520150841585
* 47 9.21817612648 0.92 0.0 0.0 0.1 0.0 0.849121570587 0.0482358932495 0.00302140577696 0.167815662554 -0.049 0.184878382645 -0.0520755121821
* 48 9.41851615906 0.94 0.0 0.0 0.1 0.0 0.889307975769 0.0484900474548 0.00557252997532 0.154783600912 -0.05 0.160503678929 -0.0554588119068
* 49 9.61906194687 0.96 0.0 0.0 0.1 0.0 0.889307975769 0.0484900474548 0.00557252997532 0.154783600912 -0.05 0.184503306293 -0.0555702619295
* 50 9.8194861412 0.98 0.0 0.0 0.1 0.0 0.889307975769 0.0484900474548 0.00557252997532 0.154783600912 -0.05 0.208502933657 -0.0556817119522
* 51 10.0198850632 1.0 0.0 0.0 0.1 0.0 0.889307975769 0.0484900474548 0.00557252997532 0.154783600912 -0.05 0.232502561021 -0.0557931619749
* 52 10.2203080654 1.02 0.0 0.0 0.1 0.0 0.889307975769 0.0484900474548 0.00557252997532 0.154776468048 -0.05 0.256502188385 -0.0559046119976
* 53 10.4207940102 1.04 0.0 0.0 0.1 0.0 0.948008060455 0.052987575531 0.00273447181098 0.153695062683 -0.052 0.210215669453 -0.0565202926534
* 54 10.6212561131 1.06 0.0 0.0 0.1 0.0 0.948008060455 0.052987575531 0.00273447181098 0.153644663602 -0.053 0.234215579725 -0.0565749820215
* 55 10.821598053 1.08 0.0 0.0 0.1 0.0 1.00736856461 0.0543112754822 -0.000693623209372 0.15452876618 -0.052 0.187202883321 -0.0534285357207
* 56 11.0219371319 1.1 0.0 0.0 0.1 0.0 1.00736856461 0.0543112754822 -0.000693623209372 0.153507499698 -0.053 0.211202877548 -0.0534146632576
* 57 11.2222480774 1.12 0.0 0.0 0.1 0.0 1.00736856461 0.0543112754822 -0.000693623209372 0.189314083696 -0.049 0.235202871774 -0.0534007907946
* 58 11.4226801395 1.14 0.0 0.0 0.1 0.0 1.15212392807 0.0598402023315 -0.00489837350324 0.229802136418 -0.056 0.0858020033434 -0.0540208235148
* 59 11.62312603 1.16 0.0 0.0 0.1 0.0 1.36253976822 0.0653510093689 -0.0164464153349 0.207671473498 -0.053 -0.141738686528 -0.0489373759317
* 60 11.8240151405 1.18 0.0 0.0 0.1 0.0 1.40284490585 0.0683326721191 -0.0297802127898 0.12219884986 -0.041 -0.164898063191 -0.0392015060533
* 61 12.0243840218 1.2 0.0 0.0 0.1 0.0 1.39703130722 0.0661787986755 -0.0318349041045 0.0744983951144 -0.029 -0.133840709576 -0.0342147951027
* 62 12.2248439789 1.22 0.0 0.0 0.1 0.0 1.39703130722 0.0661787986755 -0.0318349041045 0.0744983951144 -0.029 -0.109852870082 -0.0335782045599
* 63 12.4252660275 1.24 0.0 0.0 0.1 0.0 1.39573431015 0.066650390625 -0.0317023433745 0.0625708113237 -0.025 -0.084302372791 -0.0335104038879
* 64 12.6256010532 1.26 0.0 0.0 0.1 0.0 1.39573431015 0.066650390625 -0.0317023433745 0.0625708113237 -0.025 -0.0603144322438 -0.032876463222
* 65 12.8260560036 1.28 0.0 0.0 0.1 0.0 1.39573431015 0.066650390625 -0.0317023433745 0.0377365163264 -0.015 -0.0363264916967 -0.0322425225561
* 66 13.0264379978 1.3 0.0 0.0 0.1 0.0 1.39747667313 0.0670485496521 -0.0315144695342 0.0238305135696 -0.01 -0.014428400793 -0.0322693111221
* 67 13.2267889977 1.32 0.0 0.0 0.1 0.0 1.39747667313 0.0670485496521 -0.0315144695342 0.014894070981 -0.009 0.00955968225184 -0.0316391260561
* 68 13.4273109436 1.34 0.0 0.0 0.1 0.0 1.39747667313 0.0670485496521 -0.0315144695342 0.014894070981 -0.009 0.0335477652967 -0.0310089409901
* 69 13.6276199818 1.36 0.0 0.0 0.1 0.0 1.39747667313 0.0670485496521 -0.0315144695342 0.014894070981 -0.009 0.0575358483416 -0.0303787559242
* 70 13.8279671669 1.38 0.0 0.0 0.1 0.0 1.39747667313 0.0670485496521 -0.0315144695342 0.014894070981 -0.009 0.0815239313864 -0.0297485708582
* 71 14.0283119678 1.4 0.0 0.0 0.1 0.0 1.37242412567 0.0658974647522 -0.0356896556914 -0.0803988516613 -0.027 0.135827926023 -0.0220439493377
* 72 14.2288081646 1.42 0.0 0.0 0.1 0.0 1.37242412567 0.0658974647522 -0.0356896556914 -0.0823412719906 -0.031 0.159812642627 -0.0213303077467
* 73 14.4292280674 1.44 0.0 0.0 0.1 0.0 1.37242412567 0.0658974647522 -0.0356896556914 -0.082251847316 -0.032 0.183797359231 -0.0206166661557
* 74 14.6296520233 1.46 0.0 0.0 0.1 0.0 1.37242412567 0.0658974647522 -0.0356896556914 -0.083231145955 -0.034 0.207782075835 -0.0199030245648
* 75 14.8300900459 1.48 0.0 0.0 0.1 0.0 1.37242412567 0.0658974647522 -0.0356896556914 -0.0822286684024 -0.033 0.231766792439 -0.0191893829738
* 76 15.0305261612 1.5 0.0 0.0 0.1 0.0 1.2676987648 0.0663285255432 -0.0421140827239 -0.0574589358063 -0.033 0.3 -0.00595255316617
* 77 15.2309830189 1.52 0.0 0.0 0.1 0.0 1.2676987648 0.0663285255432 -0.0421140827239 0.027722599093 -0.036 0.3 -0.0051105204675
* 78 15.4313521385 1.54 0.0 0.0 0.1 0.0 1.2676987648 0.0663285255432 -0.0421140827239 0.0722112643158 -0.032 0.3 -0.00426848776884
* 79 15.6317050457 1.56 0.0 0.0 0.1 0.0 1.2676987648 0.0663285255432 -0.0421140827239 0.0741896551189 -0.031 0.3 -0.00342645507017
* 80 15.832157135 1.58 0.0 0.0 0.1 0.0 1.2676987648 0.0663285255432 -0.0421140827239 0.0741896551189 -0.031 0.3 -0.00258442237151
* 81 16.0326240063 1.6 0.0 0.0 0.1 0.0 1.32039642334 0.065309047699 -0.0466058887541 0.12757203381 -0.029 0.3 0.00371539132914
* 82 16.2330629826 1.62 0.0 0.0 0.1 0.0 1.32039642334 0.065309047699 -0.0466058887541 0.169987675194 -0.024 0.3 0.00464717169732
* 83 16.433521986 1.64 0.0 0.0 0.1 0.0 1.32039642334 0.065309047699 -0.0466058887541 0.179753131179 -0.021 0.3 0.0055789520655
* 84 16.6339590549 1.66 0.0 0.0 0.1 0.0 1.32039642334 0.065309047699 -0.0466058887541 0.179753131179 -0.021 0.3 0.00651073243368
* 85 16.834318161 1.68 0.0 0.0 0.1 0.0 1.32039642334 0.065309047699 -0.0466058887541 0.179753131179 -0.021 0.3 0.00744251280186
* 86 17.0347139835 1.7 0.0 0.0 0.1 0.0 1.32039642334 0.065309047699 -0.0466058887541 0.179753131179 -0.021 0.3 0.00837429317004
* 87 17.2351601124 1.72 0.0 0.0 0.1 0.0 1.32039642334 0.065309047699 -0.0466058887541 0.179753131179 -0.021 0.3 0.00930607353823
* 88 17.4356651306 1.74 0.0 0.0 0.1 0.0 1.8766374588 0.0608267784119 -0.0475295223296 0.281305212892 -0.004 -0.0604247387771 -0.010214527272
* 89 17.6360139847 1.76 0.0 0.0 0.1 0.0 2.02120685577 0.0569067001343 -0.0441539920866 0.283231099161 -0.0 -0.210225984107 -0.0153960249957
* 90 17.8363530636 1.78 0.0 0.0 0.1 0.0 2.07577514648 0.0575017929077 -0.0438383258879 0.261495590437 -0.008 -0.251661282745 -0.0178026918126
* 91 18.0367219448 1.8 0.0 0.0 0.1 0.0 2.0989522934 0.0582284927368 -0.0457623638213 0.00887803036265 -0.028 -0.25527537839 -0.0169286849994
* 92 18.23716712 1.82 0.0 0.0 0.1 0.0 2.07380867004 0.0575714111328 -0.0453379787505 -0.0907199191582 -0.039 -0.201229056777 -0.0146099070859
* 93 18.4376051426 1.84 0.0 0.0 0.1 0.0 1.98539447784 0.058856010437 -0.0460708774626 -0.182270362599 -0.032 -0.0711416448556 -0.0102045886484
* 94 18.6380381584 1.86 0.0 0.0 0.1 0.0 1.93794441223 0.0581116676331 -0.0484173931181 -0.171389652883 -0.022 0.00983414657771 -0.00371508617813
* 95 18.8384239674 1.88 0.0 0.0 0.1 0.0 1.92160415649 0.0584807395935 -0.0495451129973 -0.118172833851 -0.018 0.0534890642747 -0.00101528123648
* 96 19.038875103 1.9 0.0 0.0 0.1 0.0 1.92160415649 0.0584807395935 -0.0495451129973 -0.09059166305 -0.016 0.0774596136812 -2.47843244186e-05
* 97 19.2393040657 1.92 0.0 0.0 0.1 0.0 1.92523288727 0.0595483779907 -0.0496519245207 -0.0433186819124 -0.011 0.0971516059832 -0.00015239711067
* 98 19.4397029877 1.94 0.0 0.0 0.1 0.0 1.92523288727 0.0595483779907 -0.0496519245207 -0.0216553216206 -0.006 0.121122028297 0.00084023340482
* 99 19.6400401592 1.96 0.0 0.0 0.1 0.0 1.93231678009 0.0587530136108 -0.0490430034697 -0.00787442559535 -0.002 0.136516007892 0.00152635730953
* 100 19.8403749466 1.98 0.0 0.0 0.1 0.0 1.93231678009 0.0587530136108 -0.0490430034697 -0.000984303199419 -0.0 0.160487151082 0.00250682422946
