### Ensaio do Controlador Klancar com Laser (Linha Reta) ###

# Parâmetros #

# Número do Ensaio: 1
# Frequência: 10.0 Hz
# Distância: 2.00 m
# Velocidade Linear da Base: 0.15 m/s
# Parâmetro ksi: 0.60
# Parâmetro w_n: 2.00
# Parâmetro g: 10.00

* 1 0.0 0.0 0.0 0.0 0.15 0.0 0.0 0.0 0.0 0.0 0.0 0.15 0.0
* 2 0.100229978561 0.015 0.0 0.0 0.15 0.0 0.0 0.0 0.0 0.0 0.0 0.186 0.0
* 3 0.200435876846 0.03 0.0 0.0 0.15 0.0 0.0 0.0 0.0 0.0 0.0 0.222 0.0
* 4 0.300659894943 0.045 0.0 0.0 0.15 0.0 -0.00185871124268 0.00182199478149 0.0107789216563 0.0570033114371 -0.0 0.262398527079 -0.0293598602777
* 5 0.400961875916 0.06 0.0 0.0 0.15 0.0 0.00459432601929 0.00243616104126 0.0103091774508 0.101005867634 -0.004 0.282898306099 -0.0292528384718
* 6 0.501169919968 0.075 0.0 0.0 0.15 0.0 0.0328011512756 0.00192880630493 0.0121001210064 0.15001098164 -0.0 0.251202830316 -0.0326991861476
* 7 0.601350069046 0.09 0.0 0.0 0.15 0.0 0.0635895729065 0.00347137451172 0.0115454616025 0.187012464026 -0.0 0.213274616764 -0.0333731932695
* 8 0.70156788826 0.105 0.0 0.0 0.15 0.0 0.0885038375854 0.00530624389648 0.0121941650286 0.204015168101 -0.014 0.189421405452 -0.0375264980636
* 9 0.801842927933 0.12 0.0 0.0 0.15 0.0 0.113770961761 0.00721836090088 0.0123198302463 0.203015304956 -0.02 0.16472374989 -0.040509420389
* 10 0.90211391449 0.135 0.0 0.0 0.15 0.0 0.132887840271 0.00880670547485 0.0126098645851 0.193014959324 -0.027 0.15479033863 -0.0435126329869
* 11 1.00255894661 0.15 0.0 0.0 0.15 0.0 0.146262168884 0.0102691650391 0.0118329338729 0.180011792328 -0.032 0.158668037759 -0.0438680531772
* 12 1.10293793678 0.165 0.0 0.0 0.15 0.0 0.158592224121 0.00899505615234 0.0120077291504 0.172010666184 -0.036 0.165107521399 -0.0424255729655
* 13 1.20323991776 0.18 0.0 0.0 0.15 0.0 0.170504570007 0.00952672958374 0.0123264491558 0.167009681687 -0.039 0.172494078592 -0.0440480496918
* 14 1.30356788635 0.195 0.0 0.0 0.15 0.0 0.185800075531 0.0124268531799 0.0130937192589 0.167007343528 -0.039 0.171674565997 -0.0502442947974
* 15 1.40387797356 0.21 0.0 0.0 0.15 0.0 0.203456878662 0.0131978988647 0.0119246281683 0.168003544708 -0.04 0.165314006965 -0.0485315820539
* 16 1.50434684753 0.225 0.0 0.0 0.15 0.0 0.219895362854 0.0162405967712 0.0106525141746 0.169001791214 -0.042 0.161826723631 -0.0500071112865
* 17 1.60465192795 0.24 0.0 0.0 0.15 0.0 0.234213352203 0.0137724876404 0.00852860696614 0.166989707407 -0.045 0.163600093474 -0.041200664025
* 18 1.70488500595 0.255 0.0 0.0 0.15 0.0 0.247519016266 0.0155458450317 0.00959917437285 0.164987438169 -0.047 0.16758848305 -0.0464634269535
* 19 1.80536794662 0.27 0.0 0.0 0.15 0.0 0.263648033142 0.0173478126526 0.0109252939001 0.164983116985 -0.044 0.164779995748 -0.052344964938
* 20 1.90574502945 0.285 0.0 0.0 0.15 0.0 0.28066110611 0.0182237625122 0.0112464763224 0.164976846989 -0.045 0.159911323541 -0.0543986525682
* 21 2.00621795654 0.3 0.0 0.0 0.15 0.0 0.28066110611 0.0182237625122 0.0112464763224 0.164977434429 -0.046 0.195909046867 -0.0546516929511
* 22 2.10656690598 0.315 0.0 0.0 0.15 0.0 0.28066110611 0.0182237625122 0.0112464763224 0.164977434429 -0.046 0.231906770193 -0.0549047333341
* 23 2.20686388016 0.33 0.0 0.0 0.15 0.0 0.28066110611 0.0182237625122 0.0112464763224 0.164977434429 -0.046 0.267904493519 -0.055157773717
* 24 2.30726885796 0.345 0.0 0.0 0.15 0.0 0.28066110611 0.0182237625122 0.0112464763224 0.164977434429 -0.046 0.3 -0.0554108141
* 25 2.40751791 0.36 0.0 0.0 0.15 0.0 0.28066110611 0.0182237625122 0.0112464763224 0.164977434429 -0.046 0.3 -0.0556638544829
* 26 2.50779700279 0.375 0.0 0.0 0.15 0.0 0.324005126953 0.018406867981 0.00976413954049 0.19692074363 -0.046 0.271943372417 -0.0517897904345
* 27 2.60801792145 0.39 0.0 0.0 0.15 0.0 0.421195030212 0.0230340957642 0.00727882236242 0.23886743957 -0.031 0.074727554141 -0.0516788104209
* 28 2.70826888084 0.405 0.0 0.0 0.15 0.0 0.448062896729 0.0287909507751 0.00607979064807 0.234862298815 -0.033 0.0462280851902 -0.0573844078764
* 29 2.80861091614 0.42 0.0 0.0 0.15 0.0 0.47803735733 0.0253052711487 0.0011422970565 0.18488354994 -0.032 0.0106409607065 -0.040599951062
* 30 2.90882897377 0.435 0.0 0.0 0.15 0.0 0.482633113861 0.0271005630493 0.000832307676319 0.142896859652 -0.037 0.0356263799651 -0.0425889008144
* 31 3.00908088684 0.45 0.0 0.0 0.15 0.0 0.476828575134 0.0252923965454 0.000642014085315 0.0999200452752 -0.039 0.0855724306571 -0.0394535843212
* 32 3.1093249321 0.465 0.0 0.0 0.15 0.0 0.476136207581 0.0251564979553 -0.00024348894658 0.0639435734756 -0.034 0.123287798942 -0.0371544396577
* 33 3.20965790749 0.48 0.0 0.0 0.15 0.0 0.47466135025 0.0259337425232 -0.000118080766697 0.0449584042233 -0.025 0.162820107727 -0.0386162740857
* 34 3.3099629879 0.495 0.0 0.0 0.15 0.0 0.47466135025 0.0259337425232 -0.000118080766697 0.0369641900356 -0.02 0.198820107476 -0.0386136172685
* 35 3.41024494171 0.51 0.0 0.0 0.15 0.0 0.475962638855 0.0250878334045 1.98321504286e-06 0.0259736794421 -0.014 0.231689547337 -0.037636611078
* 36 3.51050591469 0.525 0.0 0.0 0.15 0.0 0.475962638855 0.0250878334045 1.98321504286e-06 0.0219777287587 -0.012 0.267689547337 -0.0376366557003
* 37 3.61083197594 0.54 0.0 0.0 0.15 0.0 0.475554466248 0.0258111953735 -0.000156704583787 0.025972499914 -0.008 0.3 -0.0383255532181
* 38 3.71111702919 0.555 0.0 0.0 0.15 0.0 0.479128837585 0.0261292457581 -7.75496082497e-05 0.0489481677418 -0.017 0.3 -0.0389989237911
* 39 3.81143093109 0.57 0.0 0.0 0.15 0.0 0.479128837585 0.0261292457581 -7.75496082497e-05 0.0859050307426 -0.02 0.3 -0.0389971789249
* 40 3.9116499424 0.585 0.0 0.0 0.15 0.0 0.491763114929 0.0273847579956 0.00247665634379 0.122858708 -0.019 0.3 -0.0473673594688
* 41 4.01194596291 0.6 0.0 0.0 0.15 0.0 0.512822151184 0.0296983718872 0.00310834450647 0.173791994363 -0.012 0.3 -0.0524138369682
* 42 4.11214995384 0.615 0.0 0.0 0.15 0.0 0.541581630707 0.0313544273376 0.00353928096592 0.200760005186 -0.004 0.3 -0.0559153922956
* 43 4.21239686012 0.63 0.0 0.0 0.15 0.0 0.572386264801 0.0332803726196 0.00588079029694 0.224733827593 0.001 0.287798266686 -0.0645418109389
* 44 4.31274604797 0.645 0.0 0.0 0.15 0.0 0.600954532623 0.0349526405334 0.00551053369418 0.233722687803 -0.001 0.255242983136 -0.0660175148453
* 45 4.41303300858 0.66 0.0 0.0 0.15 0.0 0.630954742432 0.0335845947266 0.00463429372758 0.252699047829 -0.006 0.219332722096 -0.0617005617326
* 46 4.51339507103 0.675 0.0 0.0 0.15 0.0 0.65859079361 0.0374336242676 0.00720920134336 0.251691606123 -0.022 0.188729499948 -0.0736285048622
* 47 4.61361289024 0.69 0.0 0.0 0.15 0.0 0.686158657074 0.0374517440796 0.00459643034264 0.233698217642 -0.037 0.158804396155 -0.0672349401102
* 48 4.71383786201 0.705 0.0 0.0 0.15 0.0 0.70725774765 0.0393218994141 0.00394674437121 0.21569837895 -0.045 0.144207816186 -0.0684412101363
* 49 4.8141078949 0.72 0.0 0.0 0.15 0.0 0.723526954651 0.0408754348755 0.00468366127461 0.207687757283 -0.058 0.141074286054 -0.0725284883692
* 50 4.91439199448 0.735 0.0 0.0 0.15 0.0 0.736830711365 0.0407743453979 0.00484337285161 0.198690228834 -0.058 0.145130621888 -0.0727715953962
* 51 5.01470589638 0.75 0.0 0.0 0.15 0.0 0.751580715179 0.0423140525818 0.00296628917567 0.158704970429 -0.059 0.145904403068 -0.0705828603804
* 52 5.11505389214 0.765 0.0 0.0 0.15 0.0 0.759568691254 0.0424451828003 0.00294311810285 0.117758928487 -0.046 0.162734624478 -0.0707549593441
* 53 5.21535992622 0.78 0.0 0.0 0.15 0.0 0.767912387848 0.0419206619263 0.00312656280585 0.0868167015328 -0.034 0.178694832533 -0.0704411252059
* 54 5.31569194794 0.795 0.0 0.0 0.15 0.0 0.766598701477 0.0408935546875 0.00363397062756 0.0678523977741 -0.028 0.217805022395 -0.0702162704017
* 55 5.41597485542 0.81 0.0 0.0 0.15 0.0 0.764874458313 0.0415716171265 0.00243706884794 0.050882284531 -0.02 0.258057382282 -0.0683711666595
* 56 5.5162820816 0.825 0.0 0.0 0.15 0.0 0.764843940735 0.0414566993713 0.00404014158994 0.0478894575993 -0.017 0.293970162588 -0.0722454388619
* 57 5.61651086807 0.84 0.0 0.0 0.15 0.0 0.767527103424 0.0410971641541 0.00262777227908 0.0578621855447 -0.018 0.3 -0.0682378499374
* 58 5.7168879509 0.855 0.0 0.0 0.15 0.0 0.767527103424 0.0410971641541 0.00262777227908 0.0578621855447 -0.018 0.3 -0.0682969747457
* 59 5.8171069622 0.87 0.0 0.0 0.15 0.0 0.767527103424 0.0410971641541 0.00262777227908 0.0678384244317 -0.017 0.3 -0.0683560995539
* 60 5.91731595993 0.885 0.0 0.0 0.15 0.0 0.776073455811 0.0416131019592 0.00304715288803 0.146630322861 -0.012 0.3 -0.0702304030628
* 61 6.01756906509 0.9 0.0 0.0 0.15 0.0 0.846260070801 0.0488166809082 0.00581369036809 0.201494477992 -0.006 0.278289987215 -0.0876452791063
* 62 6.11782407761 0.915 0.0 0.0 0.15 0.0 0.8757147789 0.049186706543 0.0071116629988 0.223425292706 -0.005 0.243438842031 -0.0912652566259
* 63 6.21808099747 0.93 0.0 0.0 0.15 0.0 0.905125141144 0.0509238243103 0.00885288883001 0.238390121262 -0.014 0.208609482886 -0.0979599935883
* 64 6.31832385063 0.945 0.0 0.0 0.15 0.0 0.933957576752 0.0510988235474 0.00776210753247 0.240365381623 -0.035 0.175544585285 -0.0954035517944
* 65 6.41864299774 0.96 0.0 0.0 0.15 0.0 0.95938539505 0.0526466369629 0.00831333547831 0.23034115262 -0.06 0.1504194237 -0.0989268957775
* 66 6.518846035 0.975 0.0 0.0 0.15 0.0 0.977818965912 0.0542879104614 0.00545505806804 0.213352516412 -0.07 0.142521609291 -0.0944997271279
* 67 6.61916089058 0.99 0.0 0.0 0.15 0.0 0.991636753082 0.0550980567932 0.00381867727265 0.186373017071 -0.08 0.145565764727 -0.0918019327279
* 68 6.71940994263 1.005 0.0 0.0 0.15 0.0 1.00555467606 0.0553245544434 0.00325377960689 0.170368933501 -0.083 0.148235957868 -0.0907927562421
* 69 6.81982588768 1.02 0.0 0.0 0.15 0.0 1.01930236816 0.0535521507263 0.00142413866706 0.16135898603 -0.087 0.151491125005 -0.083747567717
* 70 6.92012405396 1.035 0.0 0.0 0.15 0.0 1.02933120728 0.0535707473755 -0.000686470651999 0.155311335932 -0.087 0.163693323373 -0.0787027353755
* 71 7.02039790154 1.05 0.0 0.0 0.15 0.0 1.04334402084 0.0568528175354 -0.00135356583633 0.154256426815 -0.085 0.166158887551 -0.0820170762193
* 72 7.12061095238 1.065 0.0 0.0 0.15 0.0 1.05578231812 0.0568532943726 -0.00237065949477 0.156216092918 -0.085 0.172445424079 -0.0795573411868
* 73 7.22087192535 1.08 0.0 0.0 0.15 0.0 1.06962966919 0.0564851760864 -0.00359183945693 0.159136526158 -0.083 0.175374590394 -0.076050930159
* 74 7.32110786438 1.095 0.0 0.0 0.15 0.0 1.08818340302 0.0576972961426 -0.00708419503644 0.163048572652 -0.082 0.167336623481 -0.069469269898
* 75 7.42133188248 1.11 0.0 0.0 0.15 0.0 1.08818340302 0.0576972961426 -0.00708419503644 0.165000852595 -0.081 0.20333572014 -0.0693098768429
* 76 7.52157592773 1.125 0.0 0.0 0.15 0.0 1.12049388885 0.0576286315918 -0.0100019611418 0.165921533251 -0.077 0.162189958264 -0.0623663130449
* 77 7.62190485001 1.14 0.0 0.0 0.15 0.0 1.12049388885 0.0576286315918 -0.0100019611418 0.165921533251 -0.077 0.198188157573 -0.0621412726714
* 78 7.72219395638 1.155 0.0 0.0 0.15 0.0 1.14858865738 0.0592889785767 -0.0125730670989 0.182646805978 -0.071 0.167163169287 -0.0586301653537
* 79 7.82251000404 1.17 0.0 0.0 0.15 0.0 1.1785941124 0.0596122741699 -0.0129912532866 0.179580275759 -0.067 0.13122181228 -0.0583993255071
* 80 7.92320585251 1.185 0.0 0.0 0.15 0.0 1.19512462616 0.0589652061462 -0.0160597003996 0.164641942594 -0.064 0.127957302371 -0.0501370097525
* 81 8.02344489098 1.2 0.0 0.0 0.15 0.0 1.20594453812 0.0615439414978 -0.016989056021 0.134854180758 -0.057 0.138222776419 -0.0516803364865
* 82 8.12379288673 1.215 0.0 0.0 0.15 0.0 1.21487665176 0.0596146583557 -0.0160134471953 0.118973246191 -0.051 0.152567794858 -0.0509752865287
* 83 8.22400689125 1.23 0.0 0.0 0.15 0.0 1.21297883987 0.0595865249634 -0.0152419246733 0.0763082661569 -0.035 0.193008243444 -0.0523996484476
* 84 8.32426786423 1.245 0.0 0.0 0.15 0.0 1.21299362183 0.0598168373108 -0.0155308879912 0.0594531448852 -0.029 0.229017484287 -0.0516947025219
* 85 8.42453694344 1.26 0.0 0.0 0.15 0.0 1.21147012711 0.060450553894 -0.0159199871123 0.0455747630206 -0.023 0.268747522899 -0.051297527827
* 86 8.52477788925 1.275 0.0 0.0 0.15 0.0 1.21183395386 0.0601434707642 -0.0153496898711 0.0445774409908 -0.024 0.3 -0.0519110110103
* 87 8.62506604195 1.29 0.0 0.0 0.15 0.0 1.21183395386 0.0601434707642 -0.0153496898711 0.0445774409908 -0.024 0.3 -0.0515656565502
* 88 8.72535896301 1.305 0.0 0.0 0.15 0.0 1.23374843597 0.0588722229004 -0.0151031650603 0.126744177879 -0.018 0.3 -0.0504365417531
* 89 8.82554197311 1.32 0.0 0.0 0.15 0.0 1.25844717026 0.061173915863 -0.0132139362395 0.152463289649 -0.013 0.299640778284 -0.0588194185929
* 90 8.92586803436 1.335 0.0 0.0 0.15 0.0 1.28519868851 0.0621824264526 -0.0143421329558 0.188106982819 -0.007 0.271635743365 -0.0577715788894
* 91 9.02632689476 1.35 0.0 0.0 0.15 0.0 1.31827402115 0.0619492530823 -0.0109394229949 0.217798716505 -0.003 0.227755239401 -0.066143118875
* 92 9.12664699554 1.365 0.0 0.0 0.15 0.0 1.34686326981 0.0615921020508 -0.0122650302947 0.222748687334 -0.004 0.195326580473 -0.0626114684842
* 93 9.22692489624 1.38 0.0 0.0 0.15 0.0 1.37421941757 0.064658164978 -0.0135090984404 0.226650508969 -0.031 0.165954717632 -0.064439429342
* 94 9.32715392113 1.395 0.0 0.0 0.15 0.0 1.39825820923 0.0638389587402 -0.0150731243193 0.203831503981 -0.042 0.144473465241 -0.0596457261352
* 95 9.42737102509 1.41 0.0 0.0 0.15 0.0 1.41477870941 0.0643706321716 -0.0196097530425 0.180044988074 -0.045 0.141533769846 -0.0496145315802
* 96 9.52762699127 1.425 0.0 0.0 0.15 0.0 1.42471170425 0.063304901123 -0.0196321643889 0.162214142988 -0.042 0.153645428485 -0.0478133691597
* 97 9.62793493271 1.44 0.0 0.0 0.15 0.0 1.4330239296 0.064070224762 -0.0204637683928 0.143380086381 -0.036 0.169854121305 -0.046758050799
* 98 9.7281639576 1.455 0.0 0.0 0.15 0.0 1.4330239296 0.064070224762 -0.0204637683928 0.119648210015 -0.03 0.205846583783 -0.0462976481452
* 99 9.82841897011 1.47 0.0 0.0 0.15 0.0 1.44061565399 0.0656480789185 -0.0212186016142 0.119648210015 -0.03 0.223815643665 -0.0465901359106
* 100 9.92865896225 1.485 0.0 0.0 0.15 0.0 1.44061565399 0.0656480789185 -0.0212186016142 0.119648210015 -0.03 0.259807539846 -0.0461127531981
* 101 10.0288639069 1.5 0.0 0.0 0.15 0.0 1.44061565399 0.0656480789185 -0.0212186016142 0.0879801348757 -0.022 0.295799436027 -0.0456353704856
* 102 10.1291060448 1.515 0.0 0.0 0.15 0.0 1.43842554092 0.0657224655151 -0.0206983722746 0.0681874016144 -0.015 0.3 -0.0465092075888
* 103 10.2293279171 1.53 0.0 0.0 0.15 0.0 1.45120000839 0.0659332275391 -0.0234869159758 0.108694210636 -0.011 0.3 -0.0397280679602
* 104 10.3296868801 1.545 0.0 0.0 0.15 0.0 1.47500085831 0.0669250488281 -0.0215809978545 0.12351614845 -0.009 0.3 -0.0463040009696
* 105 10.4299619198 1.56 0.0 0.0 0.15 0.0 1.50489664078 0.0680646896362 -0.0204122699797 0.18180796076 0.001 0.285523483348 -0.0513992575204
* 106 10.5302798748 1.575 0.0 0.0 0.15 0.0 1.53373384476 0.0646619796753 -0.0197752155364 0.209469248513 0.003 0.252058770713 -0.0482894969573
* 107 10.6305439472 1.59 0.0 0.0 0.15 0.0 1.56560182571 0.0676393508911 -0.0193803943694 0.229225791573 0.004 0.211662361366 -0.0542178014974
* 108 10.7307629585 1.605 0.0 0.0 0.15 0.0 1.59397792816 0.0673332214355 -0.021431747824 0.236151973515 -0.015 0.179875549357 -0.0491861363801
* 109 10.8309979439 1.62 0.0 0.0 0.15 0.0 1.61572360992 0.0653047561646 -0.0201309360564 0.223230162594 -0.028 0.163385800539 -0.0494939167118
* 110 10.9313468933 1.635 0.0 0.0 0.15 0.0 1.64003944397 0.06853723526 -0.0198858417571 0.204429343467 -0.035 0.141148862161 -0.0552098166961
* 111 11.0316979885 1.65 0.0 0.0 0.15 0.0 1.65578174591 0.0656952857971 -0.02148610726 0.18860394422 -0.039 0.139479815701 -0.0471398523191
* 112 11.131937027 1.665 0.0 0.0 0.15 0.0 1.65578174591 0.0656952857971 -0.02148610726 0.17968775491 -0.041 0.17547150627 -0.0466564521016
* 113 11.2322030067 1.68 0.0 0.0 0.15 0.0 1.65578174591 0.0656952857971 -0.02148610726 0.175738573484 -0.042 0.21146319684 -0.0461730518841
* 114 11.3326048851 1.695 0.0 0.0 0.15 0.0 1.65578174591 0.0656952857971 -0.02148610726 0.175738573484 -0.042 0.247454887409 -0.0456896516666
* 115 11.4330458641 1.71 0.0 0.0 0.15 0.0 1.66841316223 0.0646462440491 -0.0226672329009 0.148962562185 -0.044 0.253260779556 -0.0411292298571
* 116 11.5334460735 1.725 0.0 0.0 0.15 0.0 1.68726062775 0.0668106079102 -0.0242307819426 0.148962562185 -0.044 0.244388788184 -0.040661069191
* 117 11.6337339878 1.74 0.0 0.0 0.15 0.0 1.73817539215 0.0679368972778 -0.0252135433257 0.172472594945 -0.044 0.158440586498 -0.0412914519447
* 118 11.7339398861 1.755 0.0 0.0 0.15 0.0 1.73817539215 0.0679368972778 -0.0252135433257 0.188208723146 -0.042 0.194429144094 -0.040724207326
* 119 11.8342869282 1.77 0.0 0.0 0.15 0.0 1.73817539215 0.0679368972778 -0.0252135433257 0.188208723146 -0.042 0.23041770169 -0.0401569627074
* 120 11.9346630573 1.785 0.0 0.0 0.15 0.0 1.73817539215 0.0679368972778 -0.0252135433257 0.187157529392 -0.037 0.266406259287 -0.0395897180887
* 121 12.034995079 1.8 0.0 0.0 0.15 0.0 1.73817539215 0.0679368972778 -0.0252135433257 0.186989735297 -0.038 0.3 -0.0390224734701
* 122 12.1353149414 1.815 0.0 0.0 0.15 0.0 1.83911514282 0.0686264038086 -0.0220449604094 0.20858748697 -0.037 0.0957318581626 -0.0508040499
* 123 12.2355430126 1.83 0.0 0.0 0.15 0.0 1.86430835724 0.0688767433167 -0.021109405905 0.220349434031 -0.032 0.0711340822813 -0.0537157855673
* 124 12.3357698917 1.845 0.0 0.0 0.15 0.0 1.86430835724 0.0688767433167 -0.021109405905 0.220349434031 -0.032 0.107126061653 -0.0532408592081
* 125 12.4360179901 1.86 0.0 0.0 0.15 0.0 1.86430835724 0.0688767433167 -0.021109405905 0.193753696384 -0.032 0.143118041024 -0.0527659328488
* 126 12.5364189148 1.875 0.0 0.0 0.15 0.0 1.89633369446 0.074658870697 -0.0235756076872 0.122854939368 -0.044 0.102995594318 -0.0561300892997
* 127 12.636715889 1.89 0.0 0.0 0.15 0.0 1.91337299347 0.072630405426 -0.0223043598235 0.112019181452 -0.047 0.0977690754639 -0.0561699609615
* 128 12.7369320393 1.905 0.0 0.0 0.15 0.0 1.91526794434 0.0727224349976 -0.0215438045561 0.0648148232755 -0.03 0.129087675579 -0.0576849979538
* 129 12.837143898 1.92 0.0 0.0 0.15 0.0 1.91378116608 0.0720071792603 -0.0213392414153 0.0471287085046 -0.026 0.168575161127 -0.0565729556703
* 130 12.9374690056 1.935 0.0 0.0 0.15 0.0 1.91282749176 0.071916103363 -0.0218175090849 0.0343583404336 -0.02 0.206931030215 -0.0547608942258
* 131 13.0377640724 1.95 0.0 0.0 0.15 0.0 1.91392612457 0.0724272727966 -0.0221288837492 0.0284629561128 -0.017 0.240365628268 -0.0543076750651
* 132 13.1380670071 1.965 0.0 0.0 0.15 0.0 1.91318893433 0.0718894004822 -0.0220425762236 0.0353262978417 -0.02 0.278082709477 -0.0531927865649
* 133 13.238353014 1.98 0.0 0.0 0.15 0.0 1.91318893433 0.0718894004822 -0.0220425762236 0.0519978625873 -0.024 0.3 -0.0526968687612
* 134 13.3385620117 1.995 0.0 0.0 0.15 0.0 1.91994380951 0.0706748962402 -0.0210483707488 0.0657317387961 -0.025 0.3 -0.0531032310854
