### Ensaio do Controlador Klancar com Laser (Círculo) ###

# Parâmetros #

# Número do Ensaio: 7
# Frequência: 10.0 Hz
# Raio: 1.00 m
# Velocidade Linear da Base: 0.10 m/s
# Velocidade Angular da Base: 0.10 rad/s
# Parâmetro ksi: 0.80
# Parâmetro w_n: 0.33
# Parâmetro g: 10.00

* 1 0.0 0.0 0.0 0.0 0.1 0.1 0.0 0.0 0.0 0.0 0.0 0.1 0.1
* 2 0.102830171585 0.00999950000417 9.99983333417e-05 0.01 0.1 0.1 -0.00316715240479 0.000396728515625 0.000252475932939 0.0 0.0 0.106982224674 0.104872566359
* 3 0.203361988068 0.0199975000708 0.000299985000275 0.02 0.1 0.1 -0.00283670425415 0.00162363052368 6.28274536134 0.0160000015484 0.015 0.112096617107 0.8
* 4 0.304116010666 0.0299930004083 0.0005999400023 0.03 0.1 0.1 -0.00336170196533 0.00211238861084 0.00142816628795 0.046999953932 0.131 0.117658026244 0.113601845208
* 5 0.404744148254 0.0399850014749 0.000999833344166 0.04 0.1 0.1 0.00990533828735 0.00188970565796 0.0110421720892 0.064999282683 0.25 0.115913960859 0.114144803857
* 6 0.505221128464 0.0499725040789 0.00149962503687 0.05 0.1 0.1 0.0276708602905 0.00667428970337 0.0434066168964 0.0850595500606 0.193 0.111702112093 0.0973613189558
* 7 0.605687141418 0.0599545094782 0.00209926510167 0.06 0.1 0.1 0.0459413528442 0.0026650428772 0.0554417185485 0.0951033794007 0.157 0.10740711954 0.101077473487
* 8 0.706653118134 0.0699300194808 0.00279869357504 0.07 0.1 0.1 0.0560121536255 0.0053391456604 0.0588958449662 0.101106177242 0.135 0.107287330945 0.102537252574
* 9 0.807213068008 0.0798980365438 0.00359784051473 0.08 0.1 0.1 0.0690269470215 0.00628805160522 0.0607319958508 0.102102519347 0.124 0.10565300726 0.106879689894
* 10 0.907986164093 0.0898575638739 0.00449662600671 0.09 0.1 0.1 0.0803971290588 0.00744724273682 0.0627075657248 0.104089738946 0.116 0.10487504371 0.110945332771
* 11 1.00849199295 0.0998076055267 0.00549496017318 0.1 0.1 0.1 0.0893974304199 0.0097222328186 0.0656651929021 0.10408374332 0.113 0.105306221973 0.113318850487
* 12 1.10925507545 0.109747166506 0.00659274318155 0.11 0.1 0.1 0.0999526977539 0.0118799209595 0.0729648321867 0.104108103645 0.112 0.104910595405 0.113665953184
* 13 1.20986199379 0.119675252865 0.00778986525444 0.12 0.1 0.1 0.113234519958 0.0134735107422 0.0796085223556 0.104129964499 0.112 0.103085599648 0.115256299453
* 14 1.31046104431 0.129590871802 0.00908620668064 0.13 0.1 0.1 0.12638759613 0.0114960670471 0.084317587316 0.104136617372 0.112 0.101481786243 0.121570755985
* 15 1.4110751152 0.139493031764 0.0104816378271 0.14 0.1 0.1 0.135813713074 0.0130386352539 0.0880266278982 0.103124961965 0.114 0.101690587518 0.124709630853
* 16 1.51165914536 0.149380742543 0.0119760191518 0.15 0.1 0.1 0.145741939545 0.0147500038147 0.0952030345798 0.102152459155 0.117 0.101632193785 0.125971230831
* 17 1.61210608482 0.159253015377 0.013569201218 0.16 0.1 0.1 0.156321048737 0.016318321228 0.101737529039 0.102177200526 0.12 0.101229990739 0.127884879296
* 18 1.71285009384 0.169108863046 0.0152610247086 0.17 0.1 0.1 0.167716026306 0.0210914611816 0.108418434858 0.102205412305 0.122 0.100210440774 0.126731954853
* 19 1.81347513199 0.178947299974 0.0170513204429 0.18 0.1 0.1 0.177374839783 0.0226082801819 0.115043155849 0.101223212973 0.124 0.100279532574 0.128769267428
* 20 1.91409111023 0.188767342325 0.0189399093927 0.19 0.1 0.1 0.188338279724 0.0239753723145 0.121481090784 0.100249162148 0.125 0.0996675440807 0.131309894401
* 21 2.01472115517 0.198568008104 0.0209266027006 0.2 0.1 0.1 0.198033809662 0.0259795188904 0.128090679646 0.100270714144 0.127 0.0996801978424 0.13307963797
* 22 2.11541008949 0.208348317251 0.0230112016991 0.21 0.1 0.1 0.205707550049 0.0275421142578 0.134588211775 0.100302680042 0.128 0.100781840089 0.135173734883
* 23 2.21649217606 0.218107291744 0.0251934979299 0.22 0.1 0.1 0.215723991394 0.0279884338379 0.144546031952 0.100362975875 0.13 0.100753363554 0.136931313283
* 24 2.31704211235 0.227843955694 0.0274732731652 0.23 0.1 0.1 0.227227210999 0.0307312011719 0.153838664293 0.100442938475 0.132 0.099768612834 0.137101814098
* 25 2.41757106781 0.237557335443 0.0298502994295 0.24 0.1 0.1 0.239468574524 0.0332536697388 0.160860925913 0.100479127893 0.133 0.0983966207547 0.138942625919
* 26 2.51819300652 0.24724645966 0.032324339022 0.25 0.1 0.1 0.250363826752 0.0346021652222 0.1662607342 0.100489239684 0.135 0.0978180978865 0.142706571077
* 27 2.61948204041 0.256910359441 0.034895144541 0.26 0.1 0.1 0.260457515717 0.0384383201599 0.173871725798 0.0995320933132 0.137 0.0974500999352 0.142828721571
* 28 2.72024512291 0.266548068405 0.0375624589079 0.27 0.1 0.1 0.269254207611 0.0404191017151 0.179208934307 0.0985208752568 0.139 0.0979048784701 0.145850662825
* 29 2.82181811333 0.276158622788 0.0403260153935 0.28 0.1 0.1 0.277576446533 0.0425772666931 0.185008481145 0.097531277973 0.141 0.0985898655672 0.148456178792
* 30 2.92308497429 0.285741061543 0.0431855376445 0.29 0.1 0.1 0.286995887756 0.0460867881775 0.191417872906 0.0985798206943 0.143 0.0985678414197 0.14970405972
* 31 3.02445411682 0.295294426434 0.0461407397112 0.3 0.1 0.1 0.297297477722 0.0494027137756 0.197994470596 0.0985952499056 0.145 0.0980975286556 0.151326012751
* 32 3.12508010864 0.304817762133 0.0491913260756 0.31 0.1 0.1 0.309257507324 0.0495681762695 0.20552945137 0.0986298091115 0.146 0.097107569921 0.15597550678
* 33 3.22550702095 0.314310116314 0.0523369916818 0.32 0.1 0.1 0.318594932556 0.0524024963379 0.213337138295 0.0976818449766 0.148 0.0972020977722 0.157444883214
* 34 3.3258960247 0.323770539749 0.0555774219657 0.33 0.1 0.1 0.328318119049 0.0542058944702 0.220718219876 0.0977153455686 0.152 0.0972081347656 0.160325324344
* 35 3.42648696899 0.333198086405 0.0589122928871 0.34 0.1 0.1 0.337672233582 0.0574889183044 0.228134632111 0.0977502954961 0.154 0.0972330509491 0.161760844337
* 36 3.5270409584 0.342591813533 0.0623412709617 0.35 0.1 0.1 0.348516941071 0.0628485679626 0.235328048468 0.097780722994 0.157 0.0962229031361 0.161740013736
* 37 3.62757301331 0.35195078177 0.0658640132944 0.36 0.1 0.1 0.358840942383 0.0654821395874 0.242282122374 0.0967974295913 0.158 0.0958070013467 0.164491963805
* 38 3.72800707817 0.361274055226 0.0694801676141 0.37 0.1 0.1 0.367434501648 0.0676698684692 0.249567195773 0.0968303711219 0.16 0.0963451160774 0.167184618171
* 39 3.82850503922 0.370560701582 0.0731893723082 0.38 0.1 0.1 0.376219272614 0.0707154273987 0.255000323057 0.0967952040317 0.162 0.0966452479134 0.170153620188
* 40 3.92918801308 0.37980979218 0.0769912564594 0.39 0.1 0.1 0.386144161224 0.0737404823303 0.262707442045 0.0968380321649 0.164 0.0963928458219 0.172333316553
* 41 4.02992606163 0.38902040212 0.0808854398825 0.4 0.1 0.1 0.394762516022 0.0783843994141 0.271304428577 0.0969291432129 0.167 0.0965930363613 0.172241965186
* 42 4.1304500103 0.398191610349 0.0848715331624 0.41 0.1 0.1 0.404111385345 0.0813241004944 0.281980156898 0.0970348842048 0.168 0.0966881574198 0.172989562784
* 43 4.23101806641 0.407322499752 0.088949137693 0.42 0.1 0.1 0.416114807129 0.0858931541443 0.291529536247 0.097137997601 0.17 0.0951731460074 0.173628232994
* 44 4.33155798912 0.416412157248 0.0931178457172 0.43 0.1 0.1 0.425924777985 0.0882425308228 0.300465524197 0.0972273133516 0.17 0.0951061023219 0.176211057499
* 45 4.43210315704 0.425459673881 0.0973772403679 0.44 0.1 0.1 0.434557437897 0.0911774635315 0.30961433053 0.0963388190078 0.171 0.0955553468548 0.177867449368
* 46 4.53269910812 0.434464144904 0.101726895709 0.45 0.1 0.1 0.442479133606 0.0956091880798 0.317550361156 0.0963500494687 0.173 0.096097214948 0.178600165145
* 47 4.63322901726 0.443424669879 0.106166376779 0.46 0.1 0.1 0.452075004578 0.100737571716 0.325074404478 0.0964014268012 0.175 0.095661244082 0.179506831855
* 48 4.73382616043 0.452340352761 0.110695239632 0.47 0.1 0.1 0.463171958923 0.102252960205 0.333063840866 0.0963840964858 0.177 0.0950965488268 0.184186157923
* 49 4.83437514305 0.461210301989 0.115313031388 0.48 0.1 0.1 0.471790313721 0.107779502869 0.339595735073 0.0964310106905 0.177 0.0950538743075 0.185134471521
* 50 4.93498206139 0.470033630575 0.12001929027 0.49 0.1 0.1 0.481272697449 0.110230922699 0.346366971731 0.096427230664 0.179 0.0951236963798 0.189242826302
* 51 5.03552794456 0.478809456194 0.124813545656 0.5 0.1 0.1 0.489450931549 0.114470481873 0.354072600603 0.0964857883773 0.181 0.0955434636021 0.190828915456
* 52 5.13607501984 0.487536901271 0.129695318124 0.51 0.1 0.1 0.496945381165 0.117588043213 0.361294358969 0.0964329049946 0.185 0.096497081395 0.193563520145
* 53 5.23661017418 0.496215093067 0.134664119503 0.52 0.1 0.1 0.504511833191 0.122258663177 0.371100008488 0.0966026584184 0.186 0.0971777308188 0.193585005347
* 54 5.33712315559 0.504843163773 0.139719452915 0.53 0.1 0.1 0.515130519867 0.129198551178 0.382683753967 0.0976987394835 0.19 0.0959374117618 0.191776131686
* 55 5.43770599365 0.513420250586 0.144860812831 0.54 0.1 0.1 0.525446414948 0.132748603821 0.392707169056 0.0978921354889 0.19 0.0954809346992 0.193954896952
* 56 5.53815102577 0.521945495807 0.150087685121 0.55 0.1 0.1 0.534750461578 0.135714054108 0.403424829245 0.0969230808461 0.19 0.0956724572654 0.196028170658
* 57 5.63871502876 0.530418046917 0.1553995471 0.56 0.1 0.1 0.542296409607 0.139838218689 0.413088262081 0.0970756758928 0.191 0.0964646189761 0.19698101879
* 58 5.73955202103 0.538837056669 0.160795867587 0.57 0.1 0.1 0.550414085388 0.145572662354 0.421982586384 0.097125368028 0.193 0.0966106352314 0.197176324842
* 59 5.84022307396 0.547201683168 0.166276106955 0.58 0.1 0.1 0.559609889984 0.150051116943 0.430869281292 0.0972519144729 0.194 0.0965033687303 0.199062198729
* 60 5.94075107574 0.555511089959 0.171839717184 0.59 0.1 0.1 0.570131778717 0.154467105865 0.439448386431 0.0982739006482 0.195 0.0957695214059 0.201833923171
* 61 6.04132294655 0.563764446108 0.177486141918 0.6 0.1 0.1 0.577880859375 0.159115791321 0.445509910583 0.0981100261832 0.197 0.0962499528837 0.20464196332
* 62 6.1417491436 0.571960926286 0.183214816519 0.61 0.1 0.1 0.586545467377 0.161998748779 0.452822387218 0.0971425417879 0.198 0.0967335408106 0.208866504366
* 63 6.24237799644 0.580099710853 0.189025168125 0.62 0.1 0.1 0.594131469727 0.168774604797 0.459159940481 0.0980878392541 0.201 0.0967970933732 0.209723302696
* 64 6.34299015999 0.588179985936 0.194916615704 0.63 0.1 0.1 0.602559566498 0.175122261047 0.468342751265 0.0981907659183 0.203 0.0966288337382 0.209938940743
* 65 6.44352912903 0.596200943515 0.200888570118 0.64 0.1 0.1 0.610814571381 0.180618286133 0.476954191923 0.0981323317804 0.206 0.0967224457313 0.211238705919
* 66 6.54412913322 0.6041617815 0.206940434175 0.65 0.1 0.1 0.619433403015 0.186344146729 0.485915482044 0.098272236663 0.208 0.0965951859533 0.212417429278
* 67 6.64457011223 0.612061703815 0.213071602695 0.66 0.1 0.1 0.629037380219 0.191738128662 0.495759159327 0.0982268674939 0.208 0.0961158040875 0.213996451476
* 68 6.74511098862 0.619899920474 0.219281462565 0.67 0.1 0.1 0.635860443115 0.19523859024 0.506563067436 0.0984725683291 0.209 0.0974515622395 0.215496581285
* 69 6.84553599358 0.627675647662 0.225569392805 0.68 0.1 0.1 0.644554138184 0.198278903961 0.517103075981 0.0986635483683 0.211 0.0980498361819 0.218509387966
* 70 6.94612503052 0.635388107812 0.231934764628 0.69 0.1 0.1 0.652460575104 0.203516483307 0.528304994106 0.098695940646 0.213 0.0984726804013 0.218954597532
* 71 7.04662704468 0.643036529684 0.2383769415 0.7 0.1 0.1 0.66104221344 0.21226978302 0.536082983017 0.0998160700602 0.215 0.0975213225541 0.218625746203
* 72 7.14707398415 0.650620148444 0.24489527921 0.71 0.1 0.1 0.669723510742 0.218995571136 0.544600427151 0.0996857383743 0.215 0.0970848163883 0.219820842694
* 73 7.24752616882 0.658138205736 0.25148912593 0.72 0.1 0.1 0.677711486816 0.221598148346 0.552656114101 0.0998499563458 0.216 0.0980892769924 0.224518893959
* 74 7.34796309471 0.665589949759 0.25815782228 0.73 0.1 0.1 0.685801506042 0.228598117828 0.561087667942 0.0997055647474 0.219 0.0978425355444 0.225417249069
* 75 7.44841504097 0.672974635346 0.264900701396 0.74 0.1 0.1 0.694041252136 0.234941959381 0.569549739361 0.0997851949373 0.22 0.0977093375334 0.227040934982
* 76 7.54900717735 0.680291524035 0.271717088996 0.75 0.1 0.1 0.702252388 0.240624904633 0.578583180904 0.0996682317783 0.223 0.0977999322673 0.229004650713
* 77 7.64957809448 0.687539884143 0.278606303448 0.76 0.1 0.1 0.710688591003 0.2491979599 0.589031159878 0.0998191907957 0.224 0.0969979793295 0.228039144632
* 78 7.74999094009 0.694718990839 0.285567655834 0.77 0.1 0.1 0.719207763672 0.255380153656 0.599796235561 0.0998111611053 0.226 0.096870603945 0.229061899878
* 79 7.85058498383 0.701828126219 0.292600450026 0.78 0.1 0.1 0.72635269165 0.260261535645 0.611731529236 0.100262682205 0.226 0.0977887817734 0.229851861031
* 80 7.95109701157 0.708866579375 0.29970398275 0.79 0.1 0.1 0.732522010803 0.26659154892 0.624790966511 0.100361383229 0.227 0.0987348770804 0.228363550114
* 81 8.0515639782 0.715833646469 0.306877543659 0.8 0.1 0.1 0.741099357605 0.274144172668 0.637632369995 0.100512800917 0.228 0.0982521451479 0.227504052439
* 82 8.1520819664 0.722728630798 0.314120415403 0.81 0.1 0.1 0.7488489151 0.281788825989 0.650590837002 0.100952331568 0.227 0.098093873229 0.226139074457
* 83 8.25264501572 0.729550842871 0.3214318737 0.82 0.1 0.1 0.758213043213 0.287538051605 0.663346409798 0.101044790038 0.227 0.0978661394994 0.22748490594
* 84 8.3531961441 0.736299600472 0.328811187411 0.83 0.1 0.1 0.766579627991 0.296807289124 0.673935592175 0.102367695838 0.227 0.0968279032195 0.226720807187
* 85 8.45362997055 0.74297422873 0.336257618611 0.84 0.1 0.1 0.774199008942 0.304022312164 0.68360221386 0.101388316776 0.226 0.0967368826221 0.227707418359
* 86 8.55423808098 0.749574060189 0.343770422662 0.85 0.1 0.1 0.782186985016 0.311089992523 0.692287147045 0.101520729095 0.227 0.0965061817573 0.229665717545
* 87 8.65483808517 0.756098434871 0.351348848291 0.86 0.1 0.1 0.788571357727 0.318064212799 0.705049097538 0.101625458893 0.227 0.0971250755519 0.228619911344
* 88 8.75545501709 0.762546700343 0.358992137661 0.87 0.1 0.1 0.796474456787 0.330103397369 0.715652823448 0.101933495105 0.228 0.0952823771409 0.225967538704
* 89 8.85602617264 0.768918211785 0.36669952645 0.88 0.1 0.1 0.804785251617 0.335770606995 0.728351891041 0.100989869431 0.228 0.0955733755183 0.227429539292
* 90 8.95657515526 0.775212332051 0.374470243926 0.89 0.1 0.1 0.810202121735 0.341240882874 0.740462124348 0.100395675426 0.226 0.0970742086839 0.227487375852
* 91 9.05700612068 0.781428431734 0.382303513022 0.9 0.1 0.1 0.816700458527 0.349046230316 0.754687011242 0.100824799695 0.226 0.0974008237301 0.225502729592
* 92 9.15757703781 0.787565889229 0.390198550419 0.91 0.1 0.1 0.821363925934 0.353117465973 0.773611724377 0.103066824554 0.227 0.0999897086588 0.222518784917
* 93 9.25810599327 0.793624090795 0.398154566619 0.92 0.1 0.1 0.830485343933 0.365104675293 0.792132496834 0.105008430247 0.226 0.0979301513849 0.217305837475
* 94 9.35863804817 0.799602430618 0.406170766028 0.93 0.1 0.1 0.838219165802 0.372880458832 0.806510567665 0.105748743803 0.224 0.09780988971 0.216445034715
* 95 9.45921707153 0.805500310868 0.414246347032 0.94 0.1 0.1 0.845435142517 0.381202697754 0.818718254566 0.105994758757 0.219 0.0975933394264 0.216096634635
* 96 9.55963611603 0.811317141763 0.42238050208 0.95 0.1 0.1 0.851194858551 0.387642860413 0.828128516674 0.106309655356 0.219 0.0985273266051 0.217540442508
* 97 9.66006302834 0.817052341624 0.430572417763 0.96 0.1 0.1 0.857247829437 0.397767066956 0.838873445988 0.107694147892 0.219 0.0979623683259 0.216101921274
* 98 9.7605381012 0.822705336935 0.438821274896 0.97 0.1 0.1 0.863471984863 0.406341552734 0.851039111614 0.108471714838 0.218 0.0979932275686 0.215193607768
* 99 9.86106514931 0.828275562403 0.447126248601 0.98 0.1 0.1 0.871737003326 0.414896965027 0.862427771091 0.1075538786 0.216 0.0972930603361 0.216364781888
* 100 9.96162605286 0.833762461009 0.455486508387 0.99 0.1 0.1 0.877038478851 0.423857688904 0.872087299824 0.107946570334 0.215 0.0973851325701 0.216051435304
* 101 10.0620441437 0.839165484067 0.463901218235 1.0 0.1 0.1 0.883143424988 0.431377410889 0.882605195045 0.108033736944 0.215 0.0978200649616 0.216922321596
* 102 10.1624879837 0.844484091281 0.472369536682 1.01 0.1 0.1 0.887987613678 0.437933444977 0.894836068153 0.10879298957 0.215 0.0991497340861 0.216595097483
* 103 10.2629170418 0.849717750794 0.480890616901 1.02 0.1 0.1 0.893200397491 0.445987701416 0.909938752651 0.109762371482 0.217 0.0998541056925 0.21415637913
* 104 10.3633799553 0.854865939243 0.489463606793 1.03 0.1 0.1 0.899474143982 0.45578622818 0.925257027149 0.112195054196 0.217 0.0994854097987 0.211476138041
* 105 10.4638299942 0.859928141816 0.498087649065 1.04 0.1 0.1 0.905858516693 0.466508388519 0.937146604061 0.112554563863 0.214 0.0985449545541 0.210291940206
* 106 10.5644609928 0.864903852295 0.506761881321 1.05 0.1 0.1 0.909750938416 0.472682952881 0.949475467205 0.113493173663 0.213 0.100346347206 0.209647645876
* 107 10.665045023 0.869792573113 0.515485436145 1.06 0.1 0.1 0.914585590363 0.482428073883 0.960828602314 0.113932619276 0.211 0.100271072669 0.208278239185
* 108 10.7660951614 0.874593815403 0.524257441188 1.07 0.1 0.1 0.919774532318 0.492418766022 0.971705198288 0.115870269431 0.21 0.0999507760815 0.207427119647
* 109 10.8668630123 0.879307099045 0.533077019256 1.08 0.1 0.1 0.925074100494 0.501879692078 0.982674658298 0.116287557078 0.209 0.0998261535916 0.207032340665
* 110 10.9676280022 0.883931952714 0.541943288401 1.09 0.1 0.1 0.92964220047 0.510630607605 0.992334365845 0.117176215263 0.208 0.100174451267 0.207220434401
* 111 11.0680360794 0.888467913928 0.550855362001 1.1 0.1 0.1 0.934170246124 0.520371437073 1.00095796585 0.117202812041 0.208 0.100046368805 0.207484420745
* 112 11.1685600281 0.892914529096 0.559812348858 1.11 0.1 0.1 0.938038349152 0.528421878815 1.00968551636 0.117820857594 0.207 0.100858730291 0.208141335894
* 113 11.2690820694 0.897271353558 0.56881335328 1.12 0.1 0.1 0.943981170654 0.536272525787 1.0198482275 0.118146417946 0.207 0.101235934199 0.20997960468
* 114 11.3696660995 0.901537951638 0.577857475174 1.13 0.1 0.1 0.946578979492 0.547025203705 1.03283703327 0.120704585461 0.207 0.101332090801 0.20603773467
* 115 11.4715709686 0.905713896677 0.586943810135 1.14 0.1 0.1 0.952900409698 0.558426856995 1.04617881775 0.121743362367 0.208 0.100115799276 0.2049114362
* 116 11.5723509789 0.909798771086 0.596071449538 1.15 0.1 0.1 0.957854270935 0.569588661194 1.05816018581 0.123029536956 0.207 0.0993177317835 0.203603075868
* 117 11.6729259491 0.91379216638 0.605239480625 1.16 0.1 0.1 0.96102809906 0.576987266541 1.06992173195 0.123829974956 0.205 0.100708656138 0.202801051662
* 118 11.773512125 0.917693683223 0.614446986603 1.17 0.1 0.1 0.965755939484 0.586940765381 1.08128476143 0.123840145869 0.204 0.100496833639 0.202428860608
* 119 11.87413311 0.921502931467 0.623693046727 1.18 0.1 0.1 0.968776702881 0.598107337952 1.09387660027 0.126183811737 0.204 0.100175894022 0.199445865735
* 120 11.9745881557 0.92521953019 0.632976736399 1.19 0.1 0.1 0.973484516144 0.606936454773 1.10585355759 0.126632625083 0.202 0.100514009584 0.199470396151
* 121 12.075040102 0.928843107734 0.642297127259 1.2 0.1 0.1 0.977377891541 0.617636680603 1.11638402939 0.127687186327 0.2 0.100103965326 0.198805397237
* 122 12.1754920483 0.932373301746 0.651653287274 1.21 0.1 0.1 0.980979919434 0.627336025238 1.12487447262 0.129729839187 0.199 0.100155731744 0.199514040767
* 123 12.2760219574 0.93580975921 0.661044280838 1.22 0.1 0.1 0.984892368317 0.637301445007 1.13362205029 0.129991796311 0.2 0.10001413563 0.200356060038
* 124 12.3764719963 0.939152136481 0.670469168857 1.23 0.1 0.1 0.986335754395 0.646254062653 1.14603412151 0.130806226268 0.199 0.101037337909 0.197527204044
* 125 12.4769001007 0.942400099325 0.679927008851 1.24 0.1 0.1 0.989452838898 0.657999992371 1.15964961052 0.132585287949 0.199 0.100364332716 0.19453361413
* 126 12.577340126 0.945553322949 0.689416855045 1.25 0.1 0.1 0.993898868561 0.667963504791 1.17343091965 0.136778037214 0.198 0.100276148087 0.193513027863
* 127 12.6777970791 0.948611492033 0.698937758461 1.26 0.1 0.1 0.996384143829 0.675836086273 1.18507277966 0.136819053989 0.196 0.101540027714 0.192715035332
* 128 12.7785849571 0.951574300762 0.708488767017 1.27 0.1 0.1 1.00015926361 0.685075283051 1.19718170166 0.141287615815 0.195 0.101892440814 0.192420569218
* 129 12.8790431023 0.954441452859 0.71806892562 1.28 0.1 0.1 1.00175619125 0.693093776703 1.20890116692 0.142980978765 0.194 0.103252783948 0.190821733562
* 130 12.97976017 0.957212661609 0.727677276262 1.29 0.1 0.1 1.00444459915 0.706044197083 1.22223889828 0.147909271525 0.194 0.101999545407 0.18773842705
* 131 13.0802240372 0.959887649895 0.737312858116 1.3 0.1 0.1 1.00826025009 0.717801570892 1.23441183567 0.150389982711 0.191 0.101085692245 0.186906748588
* 132 13.1806540489 0.962466150221 0.746974707632 1.31 0.1 0.1 1.01272058487 0.729910373688 1.24207103252 0.151851488219 0.189 0.0997304396425 0.189119721816
* 133 13.2811441422 0.964947904737 0.756661858633 1.32 0.1 0.1 1.01386642456 0.739321231842 1.24876379967 0.151815724301 0.189 0.100259385917 0.189694244729
* 134 13.3824441433 0.967332665272 0.766373342412 1.33 0.1 0.1 1.01603746414 0.749840736389 1.25664508343 0.151671899571 0.188 0.100088337444 0.190356384732
* 135 13.4829201698 0.96962019335 0.776108187829 1.34 0.1 0.1 1.01803255081 0.759863853455 1.26456725597 0.15341247459 0.189 0.10019001665 0.191086317094
* 136 13.5834720135 0.971810260221 0.785865421408 1.35 0.1 0.1 1.0185751915 0.770275115967 1.27597725391 0.156107382053 0.189 0.100431575837 0.18855817775
* 137 13.6840350628 0.97390264688 0.795644067432 1.36 0.1 0.1 1.02095031738 0.781365871429 1.28737568855 0.159971495795 0.189 0.100029368952 0.187702270483
* 138 13.7846081257 0.975897144089 0.805443148046 1.37 0.1 0.1 1.02231121063 0.791652679443 1.29788184166 0.161014420861 0.189 0.100148491753 0.186683546296
* 139 13.8851521015 0.977793552402 0.81526168335 1.38 0.1 0.1 1.02505159378 0.801341056824 1.30844581127 0.164933699371 0.188 0.10037446307 0.187222291469
* 140 13.9873509407 0.979591682179 0.825098691498 1.39 0.1 0.1 1.02755784988 0.823145866394 1.33118975163 0.167894364671 0.188 0.0947931087489 0.178267532081
* 141 14.0886261463 0.981291353608 0.834953188798 1.4 0.1 0.1 1.02922582626 0.83331823349 1.34136652946 0.173823532096 0.186 0.0948881062744 0.178164669567
* 142 14.1893110275 0.982892396724 0.844824189808 1.41 0.1 0.1 1.03205347061 0.844450473785 1.34997987747 0.174227777501 0.182 0.0942995162329 0.17989952128
* 143 14.2898459435 0.984394651423 0.854710707436 1.42 0.1 0.1 1.03205347061 0.844450473785 1.34997987747 0.176637855198 0.181 0.0995281385184 0.18590575015
* 144 14.390599966 0.985797967481 0.86461175304 1.43 0.1 0.1 1.03312063217 0.86244726181 1.36587846279 0.178636605427 0.182 0.0958090604843 0.180799743824
* 145 14.49102211 0.987102204569 0.874526336522 1.44 0.1 0.1 1.03353643417 0.872986316681 1.37396252155 0.184663651735 0.182 0.095764596766 0.180882237152
* 146 14.5914590359 0.988307232262 0.884453466432 1.45 0.1 0.1 1.03304290771 0.883481502533 1.38417720795 0.185627716928 0.182 0.0958857115022 0.179068792432
* 147 14.6922819614 0.989412930061 0.894392150066 1.46 0.1 0.1 1.03500270844 0.892228603363 1.3968937397 0.192782585057 0.181 0.0967457424146 0.178764467199
* 148 14.79271698 0.990419187394 0.904341393564 1.47 0.1 0.1 1.03636980057 0.903317928314 1.40784966946 0.202079150525 0.179 0.096387090495 0.178488655842
* 149 14.8932490349 0.991325903639 0.914300202009 1.48 0.1 0.1 1.03677606583 0.912428855896 1.41952443123 0.21222277156 0.179 0.0971643343491 0.17730509778
* 150 14.9938430786 0.992132988124 0.92426757953 1.49 0.1 0.1 1.03873300552 0.921625614166 1.4293422699 0.222503578682 0.179 0.0977177404067 0.178695679251
* 151 15.0948550701 0.99284036014 0.934242529396 1.5 0.1 0.1 1.03823375702 0.932324886322 1.43988180161 0.233360539894 0.178 0.0976837241549 0.177157614185
* 152 15.1952650547 0.993447948953 0.944224054121 1.51 0.1 0.1 1.03788995743 0.945332050323 1.45046389103 0.248359405922 0.178 0.0964080797597 0.175581061966
* 153 15.2958221436 0.993955693802 0.95421115556 1.52 0.1 0.1 1.03788995743 0.945332050323 1.45046389103 0.264742802378 0.178 0.101637364119 0.18158246248
* 154 15.3964250088 0.994363543914 0.964202835013 1.53 0.1 0.1 1.04005289078 0.966322422028 1.46625983715 0.27910424235 0.176 0.0961483619591 0.179043112153
* 155 15.4973740578 0.994671458505 0.974198093319 1.54 0.1 0.1 1.03863191605 0.975475311279 1.47447991371 0.295253450447 0.178 0.096867403401 0.178402767664
* 156 15.5978710651 0.994879406783 0.984195930961 1.55 0.1 0.1 1.0408873558 0.984860897064 1.48302161694 0.307503606392 0.179 0.0972840345065 0.181315285189
* 157 15.698428154 0.994987367954 0.994195348163 1.56 0.1 0.1 1.03967666626 0.994634151459 1.4933078289 0.331010409129 0.178 0.0977097460717 0.179912094797
* 158 15.7994151115 0.994995331221 1.00419534499 1.57 0.1 0.1 1.03821182251 1.00500106812 1.50707864761 0.362868861793 0.179 0.0979151474665 0.176467331399
* 159 15.8999910355 0.994903295788 1.01419492146 1.58 0.1 0.1 1.03955745697 1.01499319077 1.5214432478 0.432393445716 0.18 0.0982365060189 0.175634132664
* 160 16.0016191006 0.994711270859 1.02419307761 1.59 0.1 0.1 1.04012584686 1.02493953705 1.53342139721 0.539212623313 0.176 0.0985436314633 0.175378967303
* 161 16.1023311615 0.994419275636 1.03418881364 1.6 0.1 0.1 1.03977966309 1.03374528885 1.54305243492 0.931997047029 0.175 0.0994054268999 0.17557502759
* 162 16.2027540207 0.994027339318 1.04418112998 1.61 0.1 0.1 1.03866863251 1.04565095901 1.55237317085 0.917747632534 0.176 0.098617748464 0.175186891358
* 163 16.3034169674 0.993535501099 1.05416902742 1.62 0.1 0.1 1.03646230698 1.0578122139 1.56240546703 2.92119067345 0.175 0.0977098265132 0.173457838546
* 164 16.4039990902 0.992943810162 1.06415150716 1.63 0.1 0.1 1.03581905365 1.07138967514 1.57250285149 2.85328869814 0.176 0.0960325761751 0.173398968065
* 165 16.5044560432 0.992252325676 1.07412757098 1.64 0.1 0.1 1.03601360321 1.08129262924 1.57973361015 -2.57237935234 0.174 0.0962239373733 0.175804525548
* 166 16.6050059795 0.991461116787 1.08409622126 1.65 0.1 0.1 1.03581905365 1.09102535248 1.58587002754 -2.4571853681 0.172 0.096472649111 0.17848855026
* 167 16.70571208 0.990570262618 1.09405646116 1.66 0.1 0.1 1.03431749344 1.09958267212 1.59275066853 -0.966261846009 0.173 0.0973517563533 0.179544530874
* 168 16.8062119484 0.989579852252 1.10400729466 1.67 0.1 0.1 1.03238296509 1.10629701614 1.60015964508 -0.940654754472 0.176 0.0992085352 0.179913366203
* 169 16.9065990448 0.98848998473 1.11394772668 1.68 0.1 0.1 1.03108739853 1.11722803116 1.60886657238 -0.523279775846 0.178 0.0988680036986 0.180439062531
* 170 17.0075809956 0.987300769037 1.12387676319 1.69 0.1 0.1 1.02998209 1.1285276413 1.61944854259 -0.50830502265 0.178 0.0983876157993 0.180295837055
* 171 17.1084029675 0.986012324094 1.13379341129 1.7 0.1 0.1 1.02721643448 1.13911485672 1.62863230705 -0.321515542018 0.179 0.098190184578 0.17931479271
* 172 17.2093119621 0.984624778744 1.14369667934 1.71 0.1 0.1 1.02604675293 1.15015077591 1.63811933994 -0.308343258672 0.177 0.0978033061378 0.179906509134
* 173 17.3099141121 0.983138271742 1.153585577 1.72 0.1 0.1 1.02382278442 1.15972805023 1.64680874348 -0.222138575518 0.178 0.0981216200729 0.179873158471
* 174 17.4103660583 0.981552951735 1.16345911539 1.73 0.1 0.1 1.02070665359 1.16884231567 1.65391671658 -0.216799625931 0.179 0.0985889495003 0.179839814539
* 175 17.5113670826 0.979868977256 1.17331630718 1.74 0.1 0.1 1.01915597916 1.1790471077 1.66209411621 -0.170340530508 0.179 0.0985689829386 0.180987397945
* 176 17.6122000217 0.978086516699 1.18315616665 1.75 0.1 0.1 1.01619338989 1.18911027908 1.66843175888 -0.164665204149 0.179 0.0984941822837 0.181790796432
* 177 17.7135651112 0.97620574831 1.19297770982 1.76 0.1 0.1 1.01647853851 1.19830989838 1.67546892166 -0.134411523175 0.179 0.0990617372174 0.185466744709
* 178 17.8144021034 0.974226860164 1.20277995455 1.77 0.1 0.1 1.0131149292 1.20775365829 1.68146276474 -0.128839433695 0.18 0.0992642057354 0.186182645253
* 179 17.914951086 0.972150050148 1.21256192062 1.78 0.1 0.1 1.01010131836 1.21837234497 1.68895995617 -0.105947072061 0.182 0.0988982021422 0.186682917144
* 180 18.0153541565 0.969975525941 1.22232262984 1.79 0.1 0.1 1.00846338272 1.22663354874 1.70058500767 -0.100172935902 0.183 0.0999754863589 0.186171041447
* 181 18.1158030033 0.967703504994 1.23206110615 1.8 0.1 0.1 1.00412654877 1.23797988892 1.71144509315 -0.0786858448313 0.184 0.0992078523574 0.183885647016
* 182 18.2162320614 0.965334214507 1.2417763757 1.81 0.1 0.1 1.00413751602 1.25054311752 1.72379934788 -0.0745748189332 0.185 0.0981691528039 0.185429341526
* 183 18.3166570663 0.962867891408 1.25146746699 1.82 0.1 0.1 1.00160646439 1.26200723648 1.73400652409 -0.0615044112156 0.183 0.0974520154879 0.185569632657
* 184 18.4170501232 0.960304782325 1.26113341091 1.83 0.1 0.1 0.998977661133 1.26914644241 1.74198746681 -0.0534850890391 0.183 0.0989189760901 0.186177377346
* 185 18.5174219608 0.957645143569 1.27077324087 1.84 0.1 0.1 0.995803833008 1.27893447876 1.75140023232 -0.0425074046415 0.185 0.0989846099268 0.186020354889
* 186 18.6177940369 0.954889241101 1.2803859929 1.85 0.1 0.1 0.992785453796 1.28943920135 1.75972604752 -0.0391373588526 0.184 0.0986509332346 0.186826915546
* 187 18.7186601162 0.952037350509 1.28997070573 1.86 0.1 0.1 0.989078998566 1.30025625229 1.76769280434 -0.0319373546878 0.185 0.0980669437824 0.187321806416
* 188 18.8190491199 0.949089756979 1.2995264209 1.87 0.1 0.1 0.985559940338 1.30970811844 1.77654230595 -0.0284370559972 0.186 0.098228360524 0.187375337204
* 189 18.9194290638 0.946046755268 1.30905218284 1.88 0.1 0.1 0.983257770538 1.3193192482 1.78463256359 -0.021602938509 0.186 0.0984117563875 0.189149955651
* 190 19.0204210281 0.942908649675 1.31854703899 1.89 0.1 0.1 0.981048583984 1.32738018036 1.79277169704 -0.0183733324303 0.186 0.0994111489829 0.190743995965
* 191 19.1224350929 0.939675754006 1.32801003987 1.9 0.1 0.1 0.979175567627 1.33582687378 1.80306279659 -0.0126838159807 0.187 0.100318707566 0.191679133678
* 192 19.2231991291 0.936348391549 1.33744023918 1.91 0.1 0.1 0.975564479828 1.34565639496 1.81425917149 -0.00764081550079 0.188 0.100327286522 0.190846018307
* 193 19.3236720562 0.932926895038 1.34683669392 1.92 0.1 0.1 0.970990657806 1.35677623749 1.82753920555 -0.00498875310038 0.19 0.0996003654834 0.188405321831
* 194 19.4241240025 0.929411606618 1.35619846444 1.93 0.1 0.1 0.966979026794 1.36941576004 1.8396075964 -0.00141511991434 0.189 0.0981243252449 0.187696225245
* 195 19.5246021748 0.925802877817 1.36552461458 1.94 0.1 0.1 0.963102817535 1.37912654877 1.84950017929 0.00115286029679 0.188 0.098096696984 0.187627297048
* 196 19.6249921322 0.922101069503 1.37481421173 1.95 0.1 0.1 0.959057331085 1.38955545425 1.85826683044 0.00456365840214 0.188 0.0976382814246 0.188298396435
* 197 19.7254209518 0.918306551855 1.38406632694 1.96 0.1 0.1 0.955226898193 1.39768886566 1.86665332317 0.00679046228552 0.188 0.0983620601751 0.188823382274
* 198 19.8258199692 0.914419704322 1.393280035 1.97 0.1 0.1 0.950142383575 1.40758275986 1.87537944317 0.00986847049323 0.188 0.0979971425141 0.188579102229
* 199 19.9262361526 0.910440915584 1.40245441456 1.98 0.1 0.1 0.946437835693 1.41814041138 1.88340306282 0.0118525005554 0.188 0.0974879707959 0.19033653413
* 200 20.0266301632 0.906370583517 1.41158854817 1.99 0.1 0.1 0.94331741333 1.42792892456 1.89087820053 0.0146967308361 0.189 0.0974473540227 0.192811664468
* 201 20.1270141602 0.902209115152 1.42068152244 2.0 0.1 0.1 0.939143180847 1.43545150757 1.89950013161 0.0156790517858 0.189 0.0984042189855 0.193055925577
* 202 20.2274301052 0.897956926631 1.42973242807 2.01 0.1 0.1 0.937544822693 1.44366121292 1.90969729424 0.0184288197119 0.19 0.0995103924968 0.195193426419
* 203 20.3278450966 0.89361444317 1.43874035999 2.02 0.1 0.1 0.933176517487 1.45198488235 1.92387270927 0.0196773813398 0.191 0.100202984897 0.192712299798
* 204 20.4282531738 0.889182099013 1.4477044174 2.03 0.1 0.1 0.928501605988 1.46245336533 1.94091880322 0.021705538075 0.192 0.0998544045016 0.189263866046
* 205 20.528676033 0.884660337392 1.45662370391 2.04 0.1 0.1 0.923337459564 1.47373628616 1.95159029961 0.0231993749176 0.192 0.0988070003364 0.189182185189
* 206 20.6290960312 0.880049610478 1.46549732759 2.05 0.1 0.1 0.918179035187 1.4851026535 1.95998597145 0.0253216513745 0.19 0.0976468847712 0.190483848408
* 207 20.7295081615 0.87535037934 1.4743244011 2.06 0.1 0.1 0.913142204285 1.4935874939 1.96973884106 0.0262418418881 0.189 0.0979635874309 0.190204737847
* 208 20.8300690651 0.870563113899 1.48310404173 2.07 0.1 0.1 0.907820224762 1.50143480301 1.97712099552 0.028255648768 0.189 0.0984477447279 0.190755768438
* 209 20.9305100441 0.865688292876 1.49183537153 2.08 0.1 0.1 0.902907371521 1.5114941597 1.98757469654 0.0292697886704 0.19 0.0980294663743 0.191037659932
* 210 21.0309460163 0.860726403748 1.50051751736 2.09 0.1 0.1 0.897405147552 1.52120256424 1.99557292461 0.0308745568551 0.19 0.0975746995729 0.192052467206
* 211 21.1314170361 0.855677942702 1.50914961103 2.1 0.1 0.1 0.892889976501 1.52867412567 2.00333762169 0.0325242719624 0.191 0.0984040151241 0.193264061743
* 212 21.2318530083 0.850543414579 1.51773078932 2.11 0.1 0.1 0.888833522797 1.53782892227 2.01283383369 0.0332581642569 0.191 0.0985802737271 0.194769551373
* 213 21.3322291374 0.845323332828 1.52626019414 2.12 0.1 0.1 0.884268283844 1.54458236694 2.01990914345 0.0348274275665 0.191 0.0997135676336 0.196151967365
* 214 21.4326560497 0.840018219452 1.53473697254 2.13 0.1 0.1 0.881523132324 1.55372238159 2.03176403046 0.0360143942683 0.192 0.100291707213 0.197747623756
* 215 21.5330860615 0.834628604958 1.54316027686 2.14 0.1 0.1 0.874443054199 1.56117773056 2.04320716858 0.0377520456311 0.193 0.100631913376 0.195016368205
* 216 21.6335380077 0.829155028303 1.55152926477 2.15 0.1 0.1 0.869334220886 1.57346963882 2.05474853516 0.0383448875042 0.195 0.0991613432811 0.196319714324
* 217 21.7343690395 0.82359803684 1.55984309937 2.16 0.1 0.1 0.862141132355 1.58282136917 2.06212186813 0.0398089725571 0.194 0.098419890994 0.19676480524
* 218 21.8352730274 0.817958186265 1.5681009493 2.17 0.1 0.1 0.857439517975 1.58984899521 2.07181715965 0.0405852219741 0.195 0.0994593134316 0.197176536755
* 219 21.9359359741 0.812236040556 1.57630198878 2.18 0.1 0.1 0.852617740631 1.59807443619 2.08045887947 0.04199875374 0.196 0.0998744135379 0.198694445594
* 220 22.0369241238 0.806432171925 1.5844453977 2.19 0.1 0.1 0.847409725189 1.60700321198 2.09060144424 0.0427568543968 0.196 0.0999180432339 0.199516622848
* 221 22.1375069618 0.800547160752 1.59253036174 2.2 0.1 0.1 0.840889453888 1.61417961121 2.09907960892 0.0441184919056 0.196 0.100359718518 0.199309321699
* 222 22.2387371063 0.794581595535 1.60055607241 2.21 0.1 0.1 0.835225582123 1.62345981598 2.10732102394 0.0449470499813 0.198 0.100051581977 0.201128029781
* 223 22.3395869732 0.788536072824 1.60852172713 2.22 0.1 0.1 0.828230857849 1.63102245331 2.11579418182 0.0458884469602 0.198 0.100167259411 0.200906736325
* 224 22.4401099682 0.782411197168 1.61642652935 2.23 0.1 0.1 0.822721004486 1.64045906067 2.12565231323 0.0465291494328 0.199 0.099885357898 0.202296361301
* 225 22.5405390263 0.776207581047 1.6242696886 2.24 0.1 0.1 0.81899023056 1.64810562134 2.13812446594 0.0478024765535 0.199 0.101014476756 0.202950547959
* 226 22.6409640312 0.76992584482 1.63205042057 2.25 0.1 0.1 0.81312084198 1.65526294708 2.15382361412 0.047651989877 0.201 0.101874543275 0.199875873259
* 227 22.7413790226 0.763566616654 1.63976794719 2.26 0.1 0.1 0.804099082947 1.66499614716 2.16718316078 0.0490673817668 0.2 0.100573711166 0.196959130457
* 228 22.8418180943 0.757130532467 1.64742149672 2.27 0.1 0.1 0.796868801117 1.67515850067 2.17708015442 0.0495443431525 0.199 0.0994890551583 0.197769639812
* 229 22.9433779716 0.750618235862 1.6550103038 2.28 0.1 0.1 0.789694786072 1.68247509003 2.18638586998 0.0507148187698 0.199 0.0996370681509 0.197439927239
* 230 23.0437920094 0.744030378063 1.66253360956 2.29 0.1 0.1 0.784407615662 1.69086647034 2.19554138184 0.0506997753635 0.197 0.0998912492345 0.199447500807
* 231 23.1442091465 0.73736761785 1.66999066168 2.3 0.1 0.1 0.776760101318 1.69837379456 2.20671629906 0.0513584364843 0.198 0.0998628929327 0.198051439807
* 232 23.2446131706 0.730630621494 1.67738071446 2.31 0.1 0.1 0.768891334534 1.70596504211 2.2186088562 0.0517947060736 0.197 0.0997391514124 0.196255960876
* 233 23.3450410366 0.723820062689 1.6847030289 2.32 0.1 0.1 0.762246131897 1.7131357193 2.22676157951 0.0527818983854 0.197 0.10004602017 0.197270796303
* 234 23.4454700947 0.716936622485 1.69195687278 2.33 0.1 0.1 0.75525188446 1.72020816803 2.23434329033 0.0533312381376 0.197 0.100255101748 0.198346829397
* 235 23.5458850861 0.70998098922 1.69914152071 2.34 0.1 0.1 0.748288631439 1.72845554352 2.24468755722 0.05428063463 0.197 0.100076361462 0.198804931983
* 236 23.6469631195 0.702953858452 1.70625625424 2.35 0.1 0.1 0.745630741119 1.73406219482 2.25643563271 0.0546709945861 0.197 0.102480935418 0.200289217513
* 237 23.7475121021 0.695855932889 1.7133003619 2.36 0.1 0.1 0.73747253418 1.74104118347 2.27294969559 0.0552964705696 0.197 0.10264601351 0.195883213312
* 238 23.8480241299 0.688687922316 1.72027313928 2.37 0.1 0.1 0.728155612946 1.74881649017 2.28878211975 0.0554214318385 0.198 0.102041167692 0.191601258762
* 239 23.9489600658 0.681450543529 1.72717388911 2.38 0.1 0.1 0.719091892242 1.75845432281 2.29683279991 0.0568800186731 0.195 0.10050268745 0.193049564953
* 240 24.049421072 0.67414452026 1.73400192133 2.39 0.1 0.1 0.712591648102 1.7641916275 2.3071668148 0.057342556502 0.194 0.101489672084 0.19271765933
* 241 24.1499321461 0.666770583104 1.74075655314 2.4 0.1 0.1 0.70542383194 1.77175235748 2.31655502319 0.0581304255685 0.193 0.101487427538 0.193706115931
* 242 24.250549078 0.65932946945 1.74743710907 2.41 0.1 0.1 0.695325374603 1.77687358856 2.32595014572 0.0584958345764 0.194 0.101364719795 0.190988674726
* 243 24.3513660431 0.651821923403 1.75404292109 2.42 0.1 0.1 0.686017036438 1.78587436676 2.33669447899 0.0590402044235 0.193 0.100056878924 0.19091844571
* 244 24.4517769814 0.644248695711 1.7605733286 2.43 0.1 0.1 0.678233146667 1.79189014435 2.34458494186 0.0588960569397 0.191 0.100351888344 0.191520107291
* 245 24.5523619652 0.63661054369 1.76702767858 2.44 0.1 0.1 0.670320034027 1.79703617096 2.35170078278 0.0597634440073 0.192 0.10089169898 0.191923582395
* 246 24.6529271603 0.62890823115 1.77340532561 2.45 0.1 0.1 0.662467956543 1.80368995667 2.3614218235 0.0600776807689 0.191 0.100962087483 0.192136947148
* 247 24.7533450127 0.621142528314 1.77970563191 2.46 0.1 0.1 0.653729438782 1.81079292297 2.37150120735 0.060869344423 0.191 0.100536999051 0.191965721145
* 248 24.8539509773 0.613314211748 1.78592796746 2.47 0.1 0.1 0.64711856842 1.81739330292 2.38155317307 0.0611519077609 0.19 0.101107511286 0.19303105621
* 249 24.9546141624 0.605424064276 1.79207171004 2.48 0.1 0.1 0.636529445648 1.82343769073 2.38934063911 0.061929049071 0.192 0.100268441233 0.192265059931
* 250 25.0550611019 0.597472874906 1.79813624527 2.49 0.1 0.1 0.627133369446 1.8314371109 2.40001869202 0.0619238144728 0.192 0.0992657884924 0.192339910512
* 251 25.1559841633 0.58946143875 1.80412096671 2.5 0.1 0.1 0.619818210602 1.83703708649 2.41046142578 0.0626513016711 0.192 0.0999282495593 0.192287525684
* 252 25.2564489841 0.581390556946 1.81002527589 2.51 0.1 0.1 0.613158226013 1.84369277954 2.41954112053 0.0623416022535 0.192 0.100434025691 0.194264798076
* 253 25.3570489883 0.573261036575 1.81584858239 2.52 0.1 0.1 0.604567050934 1.84879875183 2.42920732498 0.0629679731878 0.191 0.100731672552 0.193579777046
* 254 25.4578580856 0.565073690582 1.82159030387 2.53 0.1 0.1 0.595521450043 1.85515022278 2.43978524208 0.0633084029445 0.192 0.100434962116 0.193159327877
* 255 25.5584461689 0.556829337696 1.82724986618 2.54 0.1 0.1 0.584331512451 1.86145496368 2.44739127159 0.0640266453711 0.192 0.099175480968 0.193027698706
* 256 25.6593389511 0.548528802343 1.83282670335 2.55 0.1 0.1 0.577582359314 1.86611270905 2.45620727539 0.064116670705 0.193 0.100315837868 0.193931314137
* 257 25.7613351345 0.540172914572 1.83832025771 2.56 0.1 0.1 0.568975925446 1.87141895294 2.46470594406 0.0648813542601 0.192 0.10045940743 0.194411370684
* 258 25.8626999855 0.531762509963 1.84372997992 2.57 0.1 0.1 0.561725616455 1.87604236603 2.47390341759 0.0655963414475 0.193 0.101407455159 0.194920406221
* 259 25.9639890194 0.523298429551 1.84905532899 2.58 0.1 0.1 0.552877902985 1.87982463837 2.48596310616 0.0657281634751 0.193 0.102045819637 0.192324721249
* 260 26.065237999 0.514781519736 1.85429577241 2.59 0.1 0.1 0.54218006134 1.88665390015 2.49735856056 0.0668796689932 0.194 0.100883470994 0.191488554286
* 261 26.1665141582 0.506212632203 1.85945078613 2.6 0.1 0.1 0.533968925476 1.89232349396 2.50787425041 0.0669871651826 0.192 0.1011156367 0.191813059635
* 262 26.2674479485 0.497592623832 1.86451985465 2.61 0.1 0.1 0.525490760803 1.89884471893 2.51789331436 0.0675346132828 0.192 0.100954989798 0.193033311289
* 263 26.36850214 0.488922356617 1.86950247108 2.62 0.1 0.1 0.518492221832 1.90271759033 2.52764153481 0.0677820006941 0.192 0.102245396689 0.193195496957
* 264 26.4694890976 0.480202697579 1.87439813714 2.63 0.1 0.1 0.50742483139 1.90865898132 2.53715729713 0.0684422910478 0.192 0.101123436627 0.192928792458
* 265 26.5705611706 0.471434518675 1.87920636329 2.64 0.1 0.1 0.495960235596 1.91397476196 2.54887390137 0.0691790075251 0.192 0.10007328895 0.190895260624
* 266 26.6716489792 0.462618696716 1.88392666871 2.65 0.1 0.1 0.486168861389 1.92085647583 2.55916953087 0.069105803771 0.191 0.0992451236263 0.19199511593
* 267 26.7725551128 0.453756113277 1.88855858136 2.66 0.1 0.1 0.47864818573 1.92317867279 2.56707668304 0.0694292091422 0.191 0.100673534855 0.191899770635
* 268 26.8729879856 0.44484765461 1.89310163805 2.67 0.1 0.1 0.469699859619 1.92735671997 2.57462239265 0.0699578551802 0.192 0.100907148305 0.192855930816
* 269 26.9736390114 0.435894211551 1.8975553845 2.68 0.1 0.1 0.464689731598 1.93158817291 2.58514356613 0.070159983759 0.191 0.102987039306 0.194444030928
* 270 27.0743541718 0.426896679439 1.90191937532 2.69 0.1 0.1 0.455548286438 1.93700504303 2.59494686127 0.0706747675244 0.192 0.102858785521 0.195307445811
* 271 27.174929142 0.417855958019 1.90619317412 2.7 0.1 0.1 0.444450378418 1.94155406952 2.60614490509 0.0715564128427 0.192 0.102123087593 0.193786104599
* 272 27.2754700184 0.408772951355 1.91037635353 2.71 0.1 0.1 0.434386253357 1.94700622559 2.61562466621 0.0720818606671 0.193 0.101550979686 0.194619298565
* 273 27.3759720325 0.399648567741 1.91446849523 2.72 0.1 0.1 0.424897670746 1.95020771027 2.62681460381 0.0729738656396 0.194 0.10189094105 0.192988429821
* 274 27.4765620232 0.390483719608 1.91846919 2.73 0.1 0.1 0.41895532608 1.95368671417 2.63646316528 0.072858539481 0.192 0.1037409326 0.194233526708
* 275 27.5777900219 0.381279323432 1.92237803779 2.74 0.1 0.1 0.407511234283 1.95843315125 2.64510440826 0.0729592714725 0.193 0.102675757053 0.194554466085
* 276 27.6793129444 0.372036299646 1.92619464771 2.75 0.1 0.1 0.394392490387 1.9620141983 2.65500330925 0.0742681499923 0.193 0.101147285285 0.192527082579
* 277 27.7797789574 0.362755572544 1.92991863811 2.76 0.1 0.1 0.382894039154 1.96586608887 2.66427755356 0.0745221321258 0.193 0.100271074842 0.191977261747
* 278 27.8803451061 0.353438070191 1.93354963658 2.77 0.1 0.1 0.377768039703 1.97112464905 2.67120909691 0.0743880598445 0.193 0.101983987504 0.19694556609
* 279 27.9810881615 0.344084724329 1.93708728003 2.78 0.1 0.1 0.368016242981 1.97269535065 2.67855215073 0.0747075912223 0.192 0.102407894456 0.196382304232
* 280 28.0816271305 0.334696470287 1.9405312147 2.79 0.1 0.1 0.35835647583 1.97647380829 2.68890380859 0.0752491392307 0.194 0.102437801852 0.196318486402
* 281 28.1826939583 0.32527424688 1.94388109621 2.8 0.1 0.1 0.353140354156 1.97982120514 2.70080375671 0.0755644798291 0.194 0.104745267284 0.197033422398
* 282 28.2833139896 0.315818996324 1.94713658955 2.81 0.1 0.1 0.340014457703 1.98321437836 2.71200799942 0.0757426298688 0.195 0.103219428503 0.194877395862
* 283 28.3838150501 0.306331664135 1.95029736919 2.82 0.1 0.1 0.326241970062 1.98950481415 2.72379541397 0.0769804032971 0.194 0.100752468336 0.194965505732
* 284 28.4844641685 0.29681319904 1.95336311906 2.83 0.1 0.1 0.322618961334 1.99283599854 2.73440790176 0.0771848198369 0.194 0.10382247822 0.197192200079
* 285 28.5853750706 0.287264552876 1.95633353257 2.84 0.1 0.1 0.312841892242 1.99514865875 2.74644255638 0.0776614161128 0.195 0.104160606153 0.195317088681
* 286 28.685819149 0.277686680501 1.95920831269 2.85 0.1 0.1 0.303186893463 1.99942016602 2.75597500801 0.0777480125055 0.195 0.104070329483 0.196745680282
* 287 28.7864329815 0.268080539693 1.96198717195 2.86 0.1 0.1 0.287962913513 2.00234031677 2.76529192924 0.079075522032 0.195 0.101495203004 0.195093859173
* 288 28.8869600296 0.258447091058 1.96466983246 2.87 0.1 0.1 0.278114318848 2.0039691925 2.77326726913 0.0793687712745 0.194 0.101760373872 0.195077059623
* 289 28.9875619411 0.248787297934 1.96725602596 2.88 0.1 0.1 0.268498897552 2.00876903534 2.78003120422 0.0791494524728 0.195 0.101492054729 0.198851135322
* 290 29.088176012 0.239102126292 1.96974549382 2.89 0.1 0.1 0.259831905365 2.01057052612 2.78725576401 0.0795318192277 0.195 0.102272925717 0.200003683276
* 291 29.1887099743 0.229392544641 1.97213798712 2.9 0.1 0.1 0.252153873444 2.00987434387 2.79570555687 0.0792378032134 0.196 0.104030640285 0.198563113796
* 292 29.2892580032 0.21965952393 1.97443326659 2.91 0.1 0.1 0.238411903381 2.01406764984 2.80748271942 0.0794829396751 0.197 0.10197871911 0.197993958838
* 293 29.3902039528 0.209904037454 1.97663110271 2.92 0.1 0.1 0.232829093933 2.01662540436 2.8165307045 0.0806664857881 0.198 0.10421544536 0.200128368471
* 294 29.4908161163 0.200127060754 1.9787312757 2.93 0.1 0.1 0.222951412201 2.01979160309 2.82969641685 0.0808118026273 0.198 0.104338708927 0.199310372384
* 295 29.5913720131 0.190329571518 1.98073357555 2.94 0.1 0.1 0.212038993835 2.01969242096 2.84236073494 0.0812559455041 0.197 0.104437719 0.195440528977
* 296 29.6918890476 0.180512549488 1.98263780202 2.95 0.1 0.1 0.204099178314 2.02497005463 2.85140252113 0.0823136256182 0.198 0.105079747223 0.199633000534
* 297 29.7932021618 0.170676976358 1.9844437647 2.96 0.1 0.1 0.190367698669 2.02423381805 2.86119365692 0.0828308954551 0.197 0.103709910083 0.196117819841
* 298 29.8937840462 0.160823835676 1.98615128299 2.97 0.1 0.1 0.176409244537 2.02497577667 2.86775374413 0.0831497659894 0.197 0.101868583072 0.195850632598
* 299 29.9943130016 0.150954112749 1.98776018614 2.98 0.1 0.1 0.165200710297 2.03062152863 2.87712097168 0.0835361509881 0.196 0.100823026094 0.199688918359
* 300 30.0948410034 0.141068794541 1.98927031326 2.99 0.1 0.1 0.158399105072 2.03133678436 2.8837184906 0.0830368137403 0.195 0.10263522263 0.20149452881
* 301 30.1957089901 0.131168869575 1.99068151334 3.0 0.1 0.1 0.148231506348 2.03173732758 2.89135909081 0.0835814290614 0.198 0.102787851124 0.201653721239
* 302 30.2961070538 0.121255327835 1.99199364526 3.01 0.1 0.1 0.138971805573 2.03295993805 2.90052843094 0.0838345287865 0.198 0.103341047637 0.202103474099
* 303 30.3965051174 0.111329160668 1.99320657781 3.02 0.1 0.1 0.130706787109 2.03393173218 2.91036748886 0.0843256537162 0.2 0.104456255376 0.202259669789
* 304 30.4970731735 0.101391360682 1.9943201897 3.03 0.1 0.1 0.117028236389 2.03633785248 2.92678809166 0.084321037209 0.201 0.102822231116 0.199155545159
* 305 30.597463131 0.0914429216485 1.99533436956 3.04 0.1 0.1 0.104974269867 2.03953361511 2.93923306465 0.0856005249366 0.2 0.101812786083 0.199489890016
* 306 30.6993260384 0.0814848384031 1.99624901599 3.05 0.1 0.1 0.0979933738708 2.03924274445 2.95138931274 0.0850446401476 0.199 0.103803241434 0.197668195625
* 307 30.7997629642 0.071518106746 1.9970640375 3.06 0.1 0.1 0.0880460739136 2.0419626236 2.95935034752 0.0855084379314 0.199 0.103801306582 0.200561246307
* 308 30.9004771709 0.0615437233419 1.99777935262 3.07 0.1 0.1 0.0759062767029 2.04019260406 2.97202658653 0.0857817988791 0.198 0.103234604108 0.196219280374
* 309 31.0013570786 0.0515626856209 1.99839488979 3.08 0.1 0.1 0.0641388893127 2.04336166382 2.98309540749 0.0871007747004 0.198 0.10235462275 0.197811488033
* 310 31.1026339531 0.0415759916786 1.99891058747 3.09 0.1 0.1 0.0514488220215 2.0422296524 2.99377536774 0.0866761164102 0.197 0.101333763165 0.195363292699
* 311 31.2032530308 0.0315846401758 1.9993263941 3.1 0.1 0.1 0.0429153442383 2.04296207428 3.00086236 0.0870306767908 0.197 0.102214332843 0.19740198201
* 312 31.304265976 0.0215896302396 1.99964226808 3.11 0.1 0.1 0.0346932411194 2.04307746887 3.01001811028 0.0865565346869 0.196 0.103370094939 0.197835288409
* 313 31.405269146 0.0115919613624 1.99985817784 3.12 0.1 0.1 0.0236520767212 2.04380321503 3.01785707474 0.0877029782824 0.197 0.102951544789 0.199300677759
* 314 31.5058071613 0.001592633303 1.99997410178 3.13 0.1 0.1 0.0137228965759 2.04442596436 3.03224992752 0.0881386382498 0.197 0.103347099934 0.197382162596
* 315 31.6063859463 -0.00840735401428 1.99999002831 3.14 0.1 0.1 0.00269412994385 2.04589080811 3.04591155052 0.088379991188 0.197 0.103094844284 0.19668038782
* 316 31.7079031467 -0.018407000599 1.99990595583 3.15 0.1 0.1 -0.00623512268066 2.04620170593 3.05811142921 0.088745785821 0.198 0.103966228647 0.195911052892
* 317 31.80843997 -0.0284053064948 1.99972189277 3.16 0.1 0.1 -0.0157871246338 2.04831981659 3.06931471825 0.0890227454502 0.196 0.104405220898 0.197505309708
* 318 31.9091320038 -0.0384012718795 1.99943785751 3.17 0.1 0.1 -0.0264620780945 2.04817867279 3.07867360115 0.0903918756772 0.196 0.104280064582 0.197858340327
* 319 32.0104000568 -0.0483938971648 1.99905387846 3.18 0.1 0.1 -0.0378804206848 2.0457611084 3.09112000465 0.0907232974274 0.196 0.103926786849 0.194343222589
* 320 32.1110219955 -0.0583821830966 1.99856999403 3.19 0.1 0.1 -0.0533857345581 2.04453849792 3.09764623642 0.0911810791245 0.195 0.101151029189 0.195152072265
* 321 32.2116060257 -0.0683651308545 1.99798625259 3.2 0.1 0.1 -0.0603766441345 2.04502391815 3.10884451866 0.0914763716171 0.195 0.103004438393 0.195646571221
* 322 32.312155962 -0.0783417421522 1.99730271253 3.21 0.1 0.1 -0.071747303009 2.0421705246 3.11697697639 0.0909863393295 0.195 0.102479963418 0.194380124118
* 323 32.412831068 -0.0883110193368 1.9965194422 3.22 0.1 0.1 -0.0817217826843 2.04167556763 3.12414956093 0.0912935335276 0.195 0.102619138671 0.196128177589
* 324 32.5132880211 -0.0982719654888 1.99563651992 3.23 0.1 0.1 -0.0920162200928 2.03914928436 3.13469266891 0.0917770122772 0.195 0.102706441228 0.194130677956
* 325 32.6137151718 -0.108223584522 1.99465403398 3.24 0.1 0.1 -0.101502418518 2.04060745239 3.1488497893 0.0920865903762 0.196 0.103328397643 0.194273200097
* 326 32.7146961689 -0.118164881283 1.99357208263 3.25 0.1 0.1 -0.112879276276 2.04119586945 3.16185146967 0.0925801435767 0.194 0.102927973272 0.194283837651
* 327 32.8222801685 -0.12809486165 1.99239077407 3.26 0.1 0.1 -0.132275104523 2.03889465332 3.18371397654 0.0929069797697 0.194 0.0985319952423 0.187120595569
* 328 32.9227120876 -0.138012532633 1.99111022643 3.27 0.1 0.1 -0.141496181488 2.03553295135 3.19545704523 0.0933590547087 0.192 0.0991454950432 0.184102812841
* 329 33.0231151581 -0.147916902474 1.98973056776 3.28 0.1 0.1 -0.150458335876 2.03522396088 3.2060332934 0.0918615419474 0.19 0.0999353519334 0.184813796273
* 330 33.1239550114 -0.157806980744 1.98825193602 3.29 0.1 0.1 -0.164089202881 2.03343296051 3.21710211435 0.0923135587163 0.188 0.0982188650525 0.184210187941
* 331 33.2243680954 -0.167681778443 1.98667447908 3.3 0.1 0.1 -0.175313472748 2.03068065643 3.22397262255 0.0917294871012 0.186 0.0975966186133 0.18482961216
* 332 33.324944973 -0.1775403081 1.98499835468 3.31 0.1 0.1 -0.182885169983 2.03118991852 3.23151094118 0.0921176792978 0.185 0.0990683951101 0.18813590811
* 333 33.425549984 -0.18738158387 1.98322373043 3.32 0.1 0.1 -0.193993091583 2.02599048615 3.23716813723 0.0914658934788 0.185 0.0983304370133 0.18715806417
* 334 33.5261189938 -0.197204621633 1.98135078379 3.33 0.1 0.1 -0.193993091583 2.02599048615 3.23716813723 0.0918724202682 0.186 0.103526468995 0.1933916497
* 335 33.6266829967 -0.207008439095 1.97937970207 3.34 0.1 0.1 -0.211374282837 2.0220746994 3.25936204592 0.0922285270391 0.187 0.10003640316 0.185703566543
* 336 33.7271959782 -0.21679205588 1.97731068235 3.35 0.1 0.1 -0.226263523102 2.02154064178 3.2708123366 0.0946065522897 0.188 0.0977268957512 0.187103422679
* 337 33.8277101517 -0.226554493637 1.97514393154 3.36 0.1 0.1 -0.233663082123 2.01983833313 3.28124744097 0.0949805650953 0.187 0.0992560550572 0.187039616662
* 338 33.9282400608 -0.236294776129 1.97287966633 3.37 0.1 0.1 -0.2422914505 2.01929473877 3.29292327562 0.0944292238744 0.186 0.100270435838 0.187690163852
* 339 34.0293700695 -0.246011929336 1.97051811312 3.38 0.1 0.1 -0.25053358078 2.01331043243 3.30323678652 0.094818799049 0.186 0.100992013539 0.183697362972
* 340 34.1298310757 -0.255704981551 1.96805950808 3.39 0.1 0.1 -0.260812282562 2.01177406311 3.31109196344 0.0952912193002 0.187 0.100930607478 0.185822977895
* 341 34.2302269936 -0.265372963477 1.96550409706 3.4 0.1 0.1 -0.269763469696 2.00810241699 3.32092434565 0.0965995957259 0.186 0.101427152182 0.184660603351
* 342 34.3316609859 -0.275014908323 1.9628521356 3.41 0.1 0.1 -0.280528068542 2.00977993011 3.33046085039 0.0970728638988 0.185 0.10148567064 0.189336617931
* 343 34.4323720932 -0.284629851904 1.9601038889 3.42 0.1 0.1 -0.290377140045 2.00242424011 3.3348754088 0.0975667211612 0.185 0.100958557611 0.187808463309
* 344 34.5328149796 -0.294216832732 1.95725963177 3.43 0.1 0.1 -0.300942420959 2.00378608704 3.34601360956 0.0977700650814 0.186 0.101164852114 0.191491224668
* 345 34.6333270073 -0.303774892119 1.95431964865 3.44 0.1 0.1 -0.310342311859 2.00055503845 3.35650235811 0.0984921571439 0.187 0.101479087016 0.190881193521
* 346 34.7338891029 -0.313303074265 1.95128423352 3.45 0.1 0.1 -0.319849014282 1.99876499176 3.37131578127 0.0986847096879 0.188 0.102045546554 0.189478541301
* 347 34.8344271183 -0.32280042636 1.94815368993 3.46 0.1 0.1 -0.330348014832 1.99163913727 3.38240391413 0.0995475449162 0.189 0.10131286597 0.185207831676
* 348 34.9350030422 -0.332265998678 1.94492833092 3.47 0.1 0.1 -0.340615749359 1.99145412445 3.39188796679 0.100726721626 0.188 0.101517584928 0.188595097409
* 349 35.0355789661 -0.341698844668 1.94160847904 3.48 0.1 0.1 -0.349202156067 1.98855018616 3.40222412745 0.100489607219 0.186 0.102269561985 0.188562441635
* 350 35.136152029 -0.351098021055 1.93819446626 3.49 0.1 0.1 -0.356690406799 1.98589420319 3.41445953051 0.101667076808 0.187 0.103678466358 0.187528367782
* 351 35.2366580963 -0.360462587928 1.93468663399 3.5 0.1 0.1 -0.366854190826 1.9767780304 3.42292958895 0.102469406268 0.188 0.102646167643 0.183109325884
* 352 35.3371601105 -0.369791608838 1.93108533299 3.51 0.1 0.1 -0.374925613403 1.97334289551 3.43519503275 0.103624588165 0.187 0.103602187234 0.181631052204
* 353 35.4376549721 -0.379084150891 1.92739092341 3.52 0.1 0.1 -0.391408920288 1.97207641602 3.44450337092 0.104526668589 0.183 0.100546170761 0.186390576705
* 354 35.5382320881 -0.388339284841 1.92360377467 3.53 0.1 0.1 -0.398503303528 1.96752548218 3.45059568087 0.104679748349 0.183 0.101634751949 0.187069117089
* 355 35.6387331486 -0.397556085183 1.91972426549 3.54 0.1 0.1 -0.40912437439 1.96395969391 3.46010595957 0.104061270067 0.184 0.101201950609 0.188029712622
* 356 35.7393431664 -0.406733630242 1.91575278382 3.55 0.1 0.1 -0.414436340332 1.95804214478 3.47138005892 0.104522818468 0.185 0.103091279757 0.184225354099
* 357 35.8406801224 -0.415871002274 1.91168972679 3.56 0.1 0.1 -0.423616886139 1.95282268524 3.4837389628 0.105528215223 0.186 0.10316055491 0.181816256716
* 358 35.9413671494 -0.424967287547 1.90753550073 3.57 0.1 0.1 -0.43546295166 1.95602607727 3.49728972117 0.106704333681 0.185 0.10347579941 0.187694743777
* 359 36.0420689583 -0.434021576442 1.90329052103 3.58 0.1 0.1 -0.447180747986 1.94841480255 3.50730425516 0.107817561534 0.183 0.101777927263 0.18542281562
* 360 36.1426801682 -0.443032963537 1.8989552122 3.59 0.1 0.1 -0.453566074371 1.94227600098 3.51669460932 0.107937174777 0.185 0.10295284907 0.183067930744
* 361 36.2431750298 -0.4520005477 1.89453000777 3.6 0.1 0.1 -0.464043617249 1.93729305267 3.52755242983 0.108966053775 0.184 0.10235963678 0.182595911099
* 362 36.3435571194 -0.460923432181 1.89001535025 3.61 0.1 0.1 -0.471174240112 1.92984962463 3.54166514078 0.109073669325 0.184 0.102989585635 0.176943782946
* 363 36.4441039562 -0.469800724699 1.8854116911 3.62 0.1 0.1 -0.481486797333 1.9325056076 3.55142885843 0.110319792385 0.181 0.104035051632 0.184238267348
* 364 36.5446500778 -0.478631537532 1.88071949069 3.63 0.1 0.1 -0.490928649902 1.91918087006 3.55917245546 0.110402050689 0.18 0.102061644279 0.177728942291
* 365 36.6452760696 -0.487414987605 1.87593921823 3.64 0.1 0.1 -0.500840187073 1.91856002808 3.5653274695 0.111981565713 0.182 0.102526629685 0.183997143695
* 366 36.7461140156 -0.496150196582 1.87107135174 3.65 0.1 0.1 -0.510155677795 1.90745258331 3.57362181345 0.111272900478 0.18 0.101042919234 0.179433592869
* 367 36.8465340137 -0.504836290948 1.86611637801 3.66 0.1 0.1 -0.516316890717 1.90431594849 3.58348781267 0.112323829854 0.181 0.102869304656 0.180041898983
* 368 36.9471931458 -0.513472402102 1.86107479253 3.67 0.1 0.1 -0.524479389191 1.8978767395 3.59870416323 0.112396468427 0.18 0.103124093109 0.175715399837
* 369 37.0481991768 -0.52205766644 1.85594709946 3.68 0.1 0.1 -0.534163951874 1.89505767822 3.61342651049 0.114149485634 0.18 0.103489413963 0.175667651689
* 370 37.1489269733 -0.530591225441 1.85073381156 3.69 0.1 0.1 -0.548494338989 1.89136886597 3.61860829989 0.114210421325 0.177 0.101205752173 0.182203500039
* 371 37.2494111061 -0.539072225759 1.84543545015 3.7 0.1 0.1 -0.553102493286 1.88212299347 3.62872797648 0.115200696762 0.178 0.102280063481 0.176808680706
* 372 37.3499569893 -0.547499819298 1.84005254506 3.71 0.1 0.1 -0.560860157013 1.87463092804 3.63811737696 0.114098962973 0.178 0.102249236854 0.174912546773
* 373 37.4504840374 -0.555873163308 1.83458563459 3.72 0.1 0.1 -0.57045841217 1.87164020538 3.64687735239 0.115287485188 0.177 0.102478344461 0.178287456765
* 374 37.5510041714 -0.56419142046 1.82903526542 3.73 0.1 0.1 -0.579317092896 1.86310768127 3.65567332903 0.115319049047 0.176 0.101625778314 0.176548395581
* 375 37.6515159607 -0.572453758937 1.82340199258 3.74 0.1 0.1 -0.590636253357 1.86174106598 3.66409975687 0.115931003587 0.176 0.101504061152 0.182574790833
* 376 37.752820015 -0.58065935251 1.81768637939 3.75 0.1 0.1 -0.599555015564 1.85017871857 3.6724413077 0.117088162368 0.177 0.0997813953304 0.178744183088
* 377 37.8534359932 -0.588807380628 1.81188899742 3.76 0.1 0.1 -0.607074260712 1.84638690948 3.68105990091 0.117701818793 0.179 0.100775476803 0.18087226622
* 378 37.9541490078 -0.596897028494 1.80601042638 3.77 0.1 0.1 -0.61624622345 1.84565448761 3.69290191332 0.117713677506 0.179 0.101975900685 0.184818409257
* 379 38.0547380447 -0.604927487151 1.80005125414 3.78 0.1 0.1 -0.620890617371 1.83015727997 3.70583874384 0.11952773565 0.18 0.101110870537 0.173330506692
* 380 38.1560759544 -0.612897953559 1.79401207661 3.79 0.1 0.1 -0.631727695465 1.82609844208 3.71778065363 0.119526009186 0.182 0.100637240387 0.175488831639
* 381 38.2588839531 -0.620807630678 1.7878934977 3.8 0.1 0.1 -0.640791893005 1.82129096985 3.72758847872 0.120010463142 0.177 0.100703562996 0.177303276148
* 382 38.3601641655 -0.628655727547 1.78169612927 3.81 0.1 0.1 -0.64754486084 1.81538486481 3.735789601 0.121197179971 0.176 0.10142761036 0.177869877521
* 383 38.4621679783 -0.636441459363 1.77542059104 3.82 0.1 0.1 -0.656869888306 1.80887794495 3.74558025995 0.121435326013 0.176 0.10088388541 0.178631470578
* 384 38.5631260872 -0.64416404756 1.76906751056 3.83 0.1 0.1 -0.666196346283 1.79947853088 3.75264603296 0.121988891471 0.177 0.0993837953537 0.178597223521
* 385 38.6637599468 -0.651822719884 1.76263752314 3.84 0.1 0.1 -0.673509120941 1.79144763947 3.75968295733 0.122563550837 0.178 0.0991579863787 0.178667729375
* 386 38.764332056 -0.659416710476 1.75613127177 3.85 0.1 0.1 -0.681006908417 1.78559875488 3.768181626 0.122015999999 0.177 0.0995543192864 0.179947522523
* 387 38.8649671078 -0.666945259941 1.74954940707 3.86 0.1 0.1 -0.689868927002 1.77787876129 3.77794391314 0.122845714721 0.178 0.098813588996 0.179951042917
* 388 38.9655439854 -0.674407615433 1.74289258722 3.87 0.1 0.1 -0.69571018219 1.77229785919 3.78762489954 0.123669797669 0.179 0.100028657693 0.180017287892
* 389 39.066024065 -0.68180303072 1.73616147789 3.88 0.1 0.1 -0.70600605011 1.77639961243 3.80069333712 0.124845589573 0.178 0.102608852462 0.188716936595
* 390 39.1665689945 -0.689130766269 1.7293567522 3.89 0.1 0.1 -0.713218688965 1.77078056335 3.81459170977 0.126111182316 0.18 0.103422567582 0.18742256817
* 391 39.2671689987 -0.696390089311 1.72247909061 3.9 0.1 0.1 -0.717120170593 1.74979782104 3.82413727442 0.129580034436 0.183 0.10032046384 0.174531736492
* 392 39.3677711487 -0.70358027392 1.71552918088 3.91 0.1 0.1 -0.728980064392 1.74264621735 3.83406716982 0.13051073331 0.181 0.0985249117362 0.177381978825
* 393 39.4684491158 -0.710700601084 1.70850771799 3.92 0.1 0.1 -0.735137939453 1.73458099365 3.84163123766 0.129939604972 0.18 0.0986888185149 0.177272144632
* 394 39.5688481331 -0.717750358776 1.70141540409 3.93 0.1 0.1 -0.74023103714 1.72800159454 3.84867960611 0.129291804849 0.178 0.0997649799433 0.177969767795
* 395 39.6697249413 -0.724728842026 1.6942529484 3.94 0.1 0.1 -0.747506141663 1.71920871735 3.85542351404 0.129948181876 0.178 0.0991771451835 0.178657479715
* 396 39.770275116 -0.731635352992 1.68702106716 3.95 0.1 0.1 -0.75471496582 1.70987033844 3.86472350756 0.130837501796 0.178 0.0984779276865 0.177656371588
* 397 39.8708021641 -0.738469201027 1.67972048355 3.96 0.1 0.1 -0.761954307556 1.70324325562 3.87264353434 0.131652617757 0.178 0.0986746419601 0.179548539015
* 398 39.9712109566 -0.745229702754 1.67235192763 3.97 0.1 0.1 -0.768489360809 1.69438362122 3.88039285341 0.13104540549 0.178 0.0983468860651 0.179501537149
* 399 40.071803093 -0.751916182128 1.66491613624 3.98 0.1 0.1 -0.777186870575 1.69129276276 3.89157730738 0.132278962487 0.179 0.0993378876194 0.183447340017
* 400 40.172369957 -0.758527970506 1.65741385295 3.99 0.1 0.1 -0.783658504486 1.69271564484 3.90322333971 0.133519987736 0.179 0.102900337332 0.188939861628
* 401 40.2729151249 -0.765064406714 1.649845828 4.0 0.1 0.1 -0.789012908936 1.68406486511 3.91171032587 0.134451700678 0.181 0.103130391105 0.188088623426
* 402 40.3733639717 -0.771524837116 1.64221281817 4.01 0.1 0.1 -0.794838905334 1.66462135315 3.92102772394 0.138201921602 0.184 0.0991623715428 0.179540394789
* 403 40.4738669395 -0.777908615672 1.63451558677 4.02 0.1 0.1 -0.803479671478 1.65790748596 3.92950374285 0.140634945981 0.185 0.0988192800471 0.182648541133
* 404 40.5744261742 -0.784215104011 1.62675490349 4.03 0.1 0.1 -0.810116291046 1.64679718018 3.93624860445 0.138521098446 0.181 0.097522089248 0.18227400831
* 405 40.6750290394 -0.790443671489 1.61893154442 4.04 0.1 0.1 -0.81636095047 1.63718032837 3.94493228594 0.139590704039 0.182 0.0969687558483 0.18177100766
* 406 40.7756121159 -0.796593695254 1.61104629188 4.05 0.1 0.1 -0.82094335556 1.63055515289 3.95194894472 0.138899535347 0.182 0.0981145189872 0.183120190881
* 407 40.8760750294 -0.802664560309 1.60309993438 4.06 0.1 0.1 -0.827484130859 1.62168216705 3.9601114432 0.139888346434 0.182 0.0977016527373 0.183825786801
* 408 40.976514101 -0.808655659574 1.59509326656 4.07 0.1 0.1 -0.832845211029 1.61379909515 3.96863300005 0.139415375439 0.182 0.0981008543891 0.18425815225
* 409 41.0770690441 -0.814566393941 1.58702708907 4.08 0.1 0.1 -0.838593482971 1.6083688736 3.97712904612 0.140483373845 0.182 0.0993181866047 0.186724983138
* 410 41.1775021553 -0.820396172344 1.57890220853 4.09 0.1 0.1 -0.84486246109 1.59964895248 3.9870560805 0.143192824173 0.183 0.0990958358965 0.186698887767
* 411 41.2779769897 -0.82614441181 1.57071943742 4.1 0.1 0.1 -0.853703022003 1.59626531601 4.00176388422 0.145437888012 0.184 0.100253320427 0.189681913269
* 412 41.378442049 -0.831810537518 1.56247959401 4.11 0.1 0.1 -0.86084318161 1.59416627884 4.01560455958 0.147439180469 0.185 0.102563109085 0.19269238628
* 413 41.4793231487 -0.837393982862 1.55418350227 4.12 0.1 0.1 -0.86083650589 1.5728225708 4.02276999155 0.148432045844 0.187 0.099243615097 0.181540691784
* 414 41.5798661709 -0.842894189501 1.54583199182 4.13 0.1 0.1 -0.868978977203 1.56738042831 4.03360659281 0.153053954161 0.188 0.0997452469321 0.184983992508
* 415 41.6804859638 -0.848310607419 1.53742589778 4.14 0.1 0.1 -0.875621795654 1.55365610123 4.03964621225 0.151214238474 0.185 0.0972019743593 0.184727824569
* 416 41.7823021412 -0.85364269498 1.52896606077 4.15 0.1 0.1 -0.882915496826 1.55378246307 4.04961926142 0.153833014075 0.185 0.100319618312 0.191613122559
* 417 41.8828289509 -0.858889918978 1.52045332676 4.16 0.1 0.1 -0.886422157288 1.54392004013 4.05554682413 0.152969144365 0.186 0.10039538262 0.191561794597
* 418 41.9832470417 -0.864051754696 1.51188854702 4.17 0.1 0.1 -0.891303539276 1.53276968002 4.06400067011 0.154322942108 0.187 0.0995374643049 0.190581027588
* 419 42.0838329792 -0.869127685954 1.50327257802 4.18 0.1 0.1 -0.894633293152 1.52014303207 4.07181412378 0.157112111946 0.189 0.0985038655992 0.18794182867
* 420 42.186093092 -0.874117205163 1.49460628134 4.19 0.1 0.1 -0.901012897491 1.50890636444 4.08161837259 0.158837553642 0.19 0.0971240669488 0.187667753696
* 421 42.2865941525 -0.879019813377 1.48589052362 4.2 0.1 0.1 -0.90852689743 1.50547409058 4.0946512858 0.159492133205 0.188 0.0988481067229 0.191300903932
* 422 42.3875191212 -0.883835020337 1.47712617641 4.21 0.1 0.1 -0.912060260773 1.49765443802 4.1038265864 0.161181016918 0.188 0.0998119554553 0.191235735533
* 423 42.4882659912 -0.888562344528 1.46831411615 4.22 0.1 0.1 -0.916977882385 1.49158000946 4.11506230036 0.163231729296 0.189 0.101177395184 0.192266931245
* 424 42.5887360573 -0.893201313221 1.45945522404 4.23 0.1 0.1 -0.922959804535 1.48181676865 4.12648398081 0.165592254678 0.189 0.100619862086 0.192091837514
* 425 42.6891460419 -0.897751462522 1.45055038596 4.24 0.1 0.1 -0.925070762634 1.46922206879 4.13530594507 0.170726795079 0.191 0.0998467582264 0.188639020305
* 426 42.7902691364 -0.902212337421 1.44160049237 4.25 0.1 0.1 -0.931320667267 1.45915079117 4.14615542093 0.17142007905 0.19 0.0990345453272 0.18908646579
* 427 42.8913960457 -0.906583491834 1.43260643828 4.26 0.1 0.1 -0.941163063049 1.45698976517 4.15565687815 0.173255343995 0.188 0.100744966632 0.197612811314
* 428 42.9924349785 -0.910864488649 1.42356912306 4.27 0.1 0.1 -0.944286346436 1.44409179688 4.16273552576 0.174743730724 0.19 0.0994467575661 0.196140843463
* 429 43.0934710503 -0.915054899771 1.41448945046 4.28 0.1 0.1 -0.949304103851 1.43926000595 4.1711760203 0.176438677126 0.192 0.101311445625 0.199864183965
* 430 43.1939101219 -0.91915430616 1.40536832842 4.29 0.1 0.1 -0.951323509216 1.42782592773 4.17980868021 0.178471168794 0.194 0.10099241158 0.197590907908
* 431 43.2944421768 -0.923162297881 1.39620666905 4.3 0.1 0.1 -0.95410823822 1.4154958725 4.18775946299 0.181849581114 0.197 0.10000458672 0.196007382291
* 432 43.3956019878 -0.927078474137 1.38700538851 4.31 0.1 0.1 -0.96094751358 1.40697908401 4.20081478754 0.185638835139 0.196 0.0998481300208 0.197251307678
* 433 43.4960801601 -0.930902443314 1.37776540693 4.32 0.1 0.1 -0.965003013611 1.3974404335 4.21155268351 0.188302369878 0.195 0.0998820948543 0.196908179158
* 434 43.5966181755 -0.934633823019 1.36848764828 4.33 0.1 0.1 -0.966304302216 1.38335561752 4.22323137919 0.189861811527 0.195 0.0984981870339 0.191600480919
* 435 43.6971759796 -0.938272240115 1.35917304034 4.34 0.1 0.1 -0.969964504242 1.37424135208 4.2347770373 0.19314090335 0.195 0.0988177872222 0.190909654991
* 436 43.7977001667 -0.941817330766 1.34982251457 4.35 0.1 0.1 -0.974064350128 1.36150217056 4.24505621592 0.196379438718 0.194 0.0972740256242 0.189740498159
* 437 43.8982379436 -0.945268740464 1.340437006 4.36 0.1 0.1 -0.979592323303 1.35133647919 4.25419289271 0.19688316491 0.192 0.0965713955498 0.191751940612
* 438 43.9988069534 -0.948626124072 1.33101745318 4.37 0.1 0.1 -0.981166362762 1.34131240845 4.26175600687 0.199227892001 0.192 0.0968117405695 0.191216370024
* 439 44.0993161201 -0.951889145853 1.32156479806 4.38 0.1 0.1 -0.986747741699 1.33171319962 4.27032953898 0.199803118221 0.191 0.0963533877097 0.194046955905
* 440 44.2000451088 -0.955057479509 1.31207998589 4.39 0.1 0.1 -0.991185188293 1.32742357254 4.27916390101 0.202841903128 0.19 0.0987282069278 0.198047627646
* 441 44.301733017 -0.958130808209 1.30256396515 4.4 0.1 0.1 -0.992890357971 1.31379318237 4.28597778479 0.202522135812 0.192 0.0971467925613 0.196798536068
* 442 44.4026279449 -0.961108824622 1.29301768743 4.41 0.1 0.1 -0.996115207672 1.3023109436 4.29470247427 0.207468151551 0.194 0.0963081574637 0.196950440997
* 443 44.5031750202 -0.96399123095 1.28344210736 4.42 0.1 0.1 -1.00037431717 1.29611206055 4.30381673971 0.210972178101 0.195 0.097825175394 0.200075929231
* 444 44.6037089825 -0.966777738953 1.27383818248 4.43 0.1 0.1 -1.00170183182 1.28616476059 4.31294006506 0.212174219726 0.196 0.0981342862494 0.199087668879
* 445 44.704417944 -0.969468069984 1.26420687317 4.44 0.1 0.1 -1.0058555603 1.27764940262 4.32335371176 0.218898543821 0.197 0.0985968528365 0.200666662366
* 446 44.8048529625 -0.972061955012 1.25454914256 4.45 0.1 0.1 -1.00769805908 1.26613378525 4.33364624182 0.223042705597 0.198 0.0980434238803 0.199138315315
* 447 44.9052779675 -0.974559134651 1.24486595642 4.46 0.1 0.1 -1.01129674911 1.25253725052 4.34440559546 0.228254834597 0.198 0.0961178744151 0.198379155806
* 448 45.0060009956 -0.976959359183 1.23515828306 4.47 0.1 0.1 -1.01610183716 1.24421691895 4.35622162024 0.233844924535 0.197 0.0966161364761 0.200222138378
* 449 45.1065349579 -0.97926238859 1.22542709322 4.48 0.1 0.1 -1.01817703247 1.23195934296 4.36479419867 0.235827231334 0.198 0.0955618952242 0.19994757882
* 450 45.2071261406 -0.98146799257 1.21567336004 4.49 0.1 0.1 -1.02566576004 1.23084163666 4.37608617941 0.241662783472 0.198 0.0992103758996 0.207176885434
* 451 45.3075561523 -0.983575950564 1.20589805886 4.5 0.1 0.1 -1.02393198013 1.20930242538 4.37975019613 0.243072525887 0.2 0.0939924773544 0.203067285227
* 452 45.4079921246 -0.985586051779 1.19610216722 4.51 0.1 0.1 -1.02344560623 1.1972823143 4.3875917832 0.247192663038 0.201 0.0934340318581 0.201213829939
* 453 45.5086350441 -0.987498095206 1.18628666469 4.52 0.1 0.1 -1.02538871765 1.18695831299 4.39621538321 0.249655617453 0.201 0.0933216729784 0.201908842408
* 454 45.6090500355 -0.989311889642 1.17645253281 4.53 0.1 0.1 -1.0270280838 1.17603826523 4.40493148962 0.251814187863 0.202 0.0929522788669 0.202191014023
* 455 45.7096970081 -0.991027253709 1.16660075499 4.54 0.1 0.1 -1.03317832947 1.16443109512 4.4168552796 0.257559910398 0.201 0.0916266320153 0.205039752115
* 456 45.8101270199 -0.992644015873 1.15673231641 4.55 0.1 0.1 -1.03505134583 1.1630859375 4.42876190344 0.266283459387 0.201 0.0962053958357 0.206827218862
* 457 45.9105701447 -0.994162014457 1.14684820389 4.56 0.1 0.1 -1.03807115555 1.15753936768 4.44113725821 0.273469246721 0.203 0.0985171799848 0.208243922361
* 458 46.0110340118 -0.995581097665 1.13694940584 4.57 0.1 0.1 -1.03857278824 1.14293289185 4.45248741308 0.28887158345 0.205 0.0965160346149 0.205444720755
* 459 46.1114749908 -0.996901123589 1.12703691213 4.58 0.1 0.1 -1.03827667236 1.12566232681 4.46284002462 0.302128562264 0.204 0.0931851281411 0.201926527699
* 460 46.2120461464 -0.998121960227 1.117111714 4.59 0.1 0.1 -1.04128885269 1.11326599121 4.47165579001 0.310234395885 0.204 0.0918572745072 0.203805764971
* 461 46.3125851154 -0.999243485496 1.10717480396 4.6 0.1 0.1 -1.0441737175 1.10956811905 4.48025125662 0.316057192225 0.203 0.0950346298912 0.207821526655
* 462 46.413022995 -1.00026558725 1.0972271757 4.61 0.1 0.1 -1.04955482483 1.10473537445 4.49027342001 0.323863582245 0.203 0.0974085899888 0.213266489687
* 463 46.5135669708 -1.00118816327 1.08726982397 4.62 0.1 0.1 -1.047768116 1.09284257889 4.4966754357 0.334922948612 0.205 0.0968384400635 0.212136638317
* 464 46.6141991615 -1.0020111213 1.0773037445 4.63 0.1 0.1 -1.04746389389 1.08098077774 4.5076345841 0.352982468639 0.208 0.0962585303649 0.210185373939
* 465 46.7147381306 -1.00273437905 1.06732993388 4.64 0.1 0.1 -1.04998683929 1.06905984879 4.52078861395 0.374260649966 0.21 0.0954164356631 0.209977913113
* 466 46.8153021336 -1.0033578642 1.05734938949 4.65 0.1 0.1 -1.05210161209 1.06123399734 4.53278917471 0.395079157504 0.209 0.0967214579696 0.210852740178
* 467 46.9158961773 -1.00388151439 1.04736310938 4.66 0.1 0.1 -1.05315637589 1.0588850975 4.54446405569 0.419203208537 0.209 0.10099124081 0.211817795874
* 468 47.0165140629 -1.00430527726 1.03737209217 4.67 0.1 0.1 -1.05664300919 1.04875993729 4.5591473023 0.459570002575 0.209 0.101119044614 0.212287769112
* 469 47.1170871258 -1.00462911044 1.02737733694 4.68 0.1 0.1 -1.05623531342 1.04378938675 4.57731718222 0.522907117072 0.211 0.104415415783 0.207835887564
* 470 47.2175381184 -1.00485298154 1.01737984316 4.69 0.1 0.1 -1.05704545975 1.03339385986 4.59963363806 0.631418796064 0.209 0.104919697265 0.201616700893
* 471 47.3184740543 -1.00497686817 1.00738061059 4.7 0.1 0.1 -1.05838108063 1.01331329346 4.61186021963 0.709481973912 0.207 0.0999000265274 0.200502241415
* 472 47.4189331532 -1.00500075795 0.997380639125 4.71 0.1 0.1 -1.0570268631 1.00317287445 4.62068361441 0.776734078494 0.204 0.100133915743 0.199734556949
* 473 47.5197601318 -1.00492464849 0.987380928762 4.72 0.1 0.1 -1.06008958817 0.989659786224 4.63130993048 0.872937041263 0.204 0.0984413927738 0.202232551545
* 474 47.6201751232 -1.0047485474 0.977382479462 4.73 0.1 0.1 -1.05540418625 0.979967594147 4.64064783255 0.965540902585 0.203 0.0990425489678 0.198126255955
* 475 47.7211260796 -1.00447247229 0.967386291062 4.74 0.1 0.1 -1.05742406845 0.978529930115 4.65808195273 1.25171765524 0.203 0.104044185292 0.196949040227
* 476 47.8215610981 -1.00409645076 0.957393363172 4.75 0.1 0.1 -1.05408096313 0.950221061707 4.66599744955 1.44792814691 0.2 0.094615343857 0.194174910232
* 477 47.922645092 -1.00362052042 0.947404695077 4.76 0.1 0.1 -1.05547189713 0.946273803711 4.67628950277 1.84022380871 0.198 0.0980570267583 0.196198588668
* 478 48.0232210159 -1.00304472885 0.937421285635 4.77 0.1 0.1 -1.05417728424 0.934674739838 4.68900245825 2.78970245908 0.196 0.0975805538107 0.194036499563
* 479 48.1238181591 -1.00236913365 0.92744413318 4.78 0.1 0.1 -1.05411195755 0.929629325867 4.69967884222 5.08070058523 0.195 0.100488115972 0.194389640735
* 480 48.224848032 -1.00159380237 0.917474235417 4.79 0.1 0.1 -1.05485248566 0.921360492706 4.71843618551 -10.5929043077 0.196 0.101977190333 0.191210260035
* 481 48.3256189823 -1.00071881253 0.907512589329 4.8 0.1 0.1 -1.05435037613 0.911199092865 4.73330301443 -3.05475831753 0.193 0.102328682678 0.18893616097
* 482 48.4263811111 -0.999744251647 0.897560191071 4.81 0.1 0.1 -1.05301570892 0.899261951447 4.74858326117 -1.76838923011 0.193 0.101736876957 0.185766391613
* 483 48.5267651081 -0.998670217165 0.887618035875 4.82 0.1 0.1 -1.05225229263 0.889496326447 4.75940841833 -1.35683008887 0.19 0.102148572834 0.185588099082
* 484 48.6271929741 -0.997496816489 0.877687117949 4.83 0.1 0.1 -1.05109834671 0.879467487335 4.77039379278 -1.07979361909 0.188 0.102414564073 0.185038798595
* 485 48.7277450562 -0.996224166959 0.867768430376 4.84 0.1 0.1 -1.04900455475 0.866168022156 4.78033966223 -0.921847393604 0.187 0.100876500583 0.184426601355
* 486 48.8282830715 -0.994852395838 0.857862965017 4.85 0.1 0.1 -1.04856204987 0.868311882019 4.79562133947 -0.746191181854 0.187 0.107747325579 0.181511615173
* 487 48.9288101196 -0.993381640302 0.847971712409 4.86 0.1 0.1 -1.04366731644 0.841602325439 4.80500311056 -0.668690996219 0.184 0.0989511509748 0.179843870443
* 488 49.0293719769 -0.991812047426 0.838095661669 4.87 0.1 0.1 -1.04463815689 0.829186916351 4.81347412268 -0.613132975547 0.183 0.0979657683119 0.183451474253
* 489 49.1299171448 -0.990143774168 0.828235800396 4.88 0.1 0.1 -1.04280185699 0.819328308105 4.82229704062 -0.545746351754 0.182 0.0982002763248 0.183938039641
* 490 49.2306489944 -0.988376987353 0.818393114566 4.89 0.1 0.1 -1.03986406326 0.81112909317 4.83258051077 -0.490267460178 0.183 0.09928426705 0.182456829662
* 491 49.3310420513 -0.986511863659 0.808568588439 4.9 0.1 0.1 -1.03836297989 0.802426815033 4.84719223181 -0.427043049262 0.183 0.100328904121 0.180229106427
* 492 49.4316051006 -0.984548589596 0.798763204462 4.91 0.1 0.1 -1.0373415947 0.793462276459 4.86144775549 -0.382651159663 0.182 0.101260814325 0.178759558565
* 493 49.5320460796 -0.982487361491 0.788977943162 4.92 0.1 0.1 -1.03446102142 0.780696868896 4.87289041678 -0.351511542771 0.18 0.0999588037603 0.177628251566
* 494 49.6324551105 -0.980328385464 0.779213783059 4.93 0.1 0.1 -1.03223133087 0.77306842804 4.88110965887 -0.331132386005 0.179 0.101290749079 0.178142027268
* 495 49.7330739498 -0.978071877411 0.769471700561 4.94 0.1 0.1 -1.02889490128 0.764694213867 4.88956827322 -0.314427119745 0.179 0.10213084554 0.177631525936
* 496 49.8336269855 -0.975718062981 0.759752669867 4.95 0.1 0.1 -1.02555751801 0.753593444824 4.89705986181 -0.29862773192 0.179 0.101503445626 0.178216209157
* 497 49.9341950417 -0.973267177554 0.750057662872 4.96 0.1 0.1 -1.0227637291 0.744256019592 4.90927929083 -0.279218404874 0.178 0.101990320786 0.176590631438
* 498 50.034799099 -0.970719466217 0.74038764907 4.97 0.1 0.1 -1.02051210403 0.734897613525 4.91642469565 -0.266627543532 0.177 0.102357507128 0.178302456997
* 499 50.1353881359 -0.968075183737 0.730743595453 4.98 0.1 0.1 -1.01791191101 0.725803375244 4.92355436483 -0.254078130777 0.177 0.102820536041 0.179718626482
* 500 50.2358310223 -0.965334594542 0.721126466418 4.99 0.1 0.1 -1.01381397247 0.712351322174 4.93153900305 -0.242192326948 0.178 0.10087676868 0.180250504139
* 501 50.3364360332 -0.962497972687 0.711537223672 5.0 0.1 0.1 -1.01081848145 0.69979095459 4.93818992773 -0.232087689848 0.178 0.0994748507542 0.182523865778
* 502 50.4369840622 -0.959565601833 0.701976826129 5.01 0.1 0.1 -1.00746774673 0.691924095154 4.9479641358 -0.220395630141 0.178 0.100553425266 0.181845380178
* 503 50.5373849869 -0.956537775214 0.692446229822 5.02 0.1 0.1 -1.00392866135 0.684367179871 4.95677179495 -0.206930610365 0.18 0.101725190743 0.181490217358
* 504 50.6378569603 -0.953414795611 0.682946387802 5.03 0.1 0.1 -1.00050401688 0.675281524658 4.96840662161 -0.195321458961 0.18 0.102203314194 0.180180513362
* 505 50.7385339737 -0.950196975318 0.673478250047 5.04 0.1 0.1 -0.997934341431 0.664354801178 4.97507995764 -0.188984717573 0.18 0.101692279648 0.182919366676
* 506 50.8400480747 -0.946884636116 0.66404276336 5.05 0.1 0.1 -0.994791030884 0.654218196869 4.98348278204 -0.181283359077 0.18 0.101563398354 0.184085685279
* 507 50.9406430721 -0.943478109235 0.654640871284 5.06 0.1 0.1 -0.987865447998 0.641691684723 4.99294799963 -0.172113321086 0.181 0.0996944413143 0.181819178817
* 508 51.0414919853 -0.939977735325 0.645273514 5.07 0.1 0.1 -0.985715866089 0.631893157959 4.99548286596 -0.168057204325 0.182 0.099684368644 0.187198326455
* 509 51.1420490742 -0.936383864421 0.635941628235 5.08 0.1 0.1 -0.980798721313 0.621335506439 5.00370401541 -0.159663612004 0.182 0.0990541266998 0.187225805729
* 510 51.2426860332 -0.932696855906 0.626646147171 5.09 0.1 0.1 -0.977118492126 0.608606815338 5.01061720053 -0.153036895694 0.184 0.0974612102364 0.189886520613
* 511 51.3432700634 -0.928917078479 0.617388000348 5.1 0.1 0.1 -0.973462104797 0.600202083588 5.01798385779 -0.14619851713 0.185 0.0980783393715 0.191174420213
* 512 51.4438371658 -0.925044910114 0.608168113572 5.11 0.1 0.1 -0.969923496246 0.593224525452 5.02613968054 -0.13794160125 0.186 0.0994558022677 0.191801064307
* 513 51.5443949699 -0.921080738025 0.598987408826 5.12 0.1 0.1 -0.967664241791 0.583013057709 5.03808063665 -0.131396946927 0.188 0.0995428502047 0.192717138978
* 514 51.6450991631 -0.917024958625 0.589846804171 5.13 0.1 0.1 -0.961363792419 0.572376251221 5.05149835745 -0.123452156046 0.191 0.0987758836974 0.189283006615
* 515 51.7454850674 -0.912877977489 0.58074721366 5.14 0.1 0.1 -0.957884311676 0.568502902985 5.06482404867 -0.118878867025 0.19 0.101863425062 0.186359428268
* 516 51.8459341526 -0.908640209312 0.571689547245 5.15 0.1 0.1 -0.953604698181 0.575960636139 5.07437938849 -0.113323927916 0.188 0.110283821107 0.180666794579
* 517 51.9465200901 -0.904312077868 0.562674710686 5.16 0.1 0.1 -0.948644638062 0.539670467377 5.07896274725 -0.111312765565 0.187 0.0967074384251 0.192635525001
* 518 52.0470640659 -0.899894015965 0.553703605457 5.17 0.1 0.1 -0.944333553314 0.533980369568 5.08698648611 -0.108656550715 0.185 0.098543801803 0.192626516837
* 519 52.1477160454 -0.895386465406 0.544777128663 5.18 0.1 0.1 -0.937481403351 0.518423557281 5.09211725393 -0.103413461018 0.188 0.0949055158122 0.195500605119
* 520 52.24832201 -0.890789876942 0.535896172943 5.19 0.1 0.1 -0.932521820068 0.510244846344 5.09921545187 -0.0981639886558 0.191 0.0953362542827 0.196501130104
* 521 52.3487761021 -0.886104710229 0.527061626386 5.2 0.1 0.1 -0.928435325623 0.501288414001 5.10679048697 -0.0939802703006 0.192 0.0955707143482 0.198446815686
* 522 52.4492189884 -0.88133143378 0.518274372439 5.21 0.1 0.1 -0.922781467438 0.488091945648 5.11778396765 -0.0874311933378 0.193 0.0935314760206 0.198929126693
* 523 52.5497791767 -0.876470524917 0.509535289819 5.22 0.1 0.1 -0.920570850372 0.485139369965 5.12700170675 -0.0840374600194 0.196 0.0971460857785 0.199541824316
* 524 52.6503410339 -0.871522469728 0.500845252429 5.23 0.1 0.1 -0.916691303253 0.478427886963 5.13944048086 -0.0785167281669 0.197 0.0986904136375 0.198453598589
* 525 52.7511970997 -0.866487763013 0.492205129264 5.24 0.1 0.1 -0.910893440247 0.468565940857 5.15281814734 -0.0756011900541 0.198 0.0983190812206 0.19650994951
* 526 52.8518869877 -0.861366908241 0.48361578433 5.25 0.1 0.1 -0.904516220093 0.453980445862 5.16539043585 -0.0725278409648 0.197 0.0955236907679 0.196666460311
* 527 52.9523561001 -0.856160417491 0.475078076554 5.26 0.1 0.1 -0.904108524323 0.484710693359 5.18022054831 -0.0689665553442 0.196 0.115718403738 0.180787912724
* 528 53.0530469418 -0.850868811409 0.466592859699 5.27 0.1 0.1 -0.89155626297 0.434545040131 5.18767685095 -0.0664305646215 0.196 0.0944198374057 0.194528199581
* 529 53.1543321609 -0.845492619151 0.45816098228 5.28 0.1 0.1 -0.891752719879 0.427619934082 5.19522422949 -0.0673346989935 0.189 0.0966843192724 0.200138820186
* 530 53.2549750805 -0.840032378331 0.449783287479 5.29 0.1 0.1 -0.881714344025 0.463468074799 5.2061924378 -0.0620240844988 0.193 0.11652735311 0.174689515822
* 531 53.355410099 -0.83448863497 0.441460613056 5.3 0.1 0.1 -0.875847816467 0.451445579529 5.21352667013 -0.0597978334106 0.193 0.114817611961 0.177364434463
* 532 53.4560120106 -0.828861943435 0.433193791274 5.31 0.1 0.1 -0.87095117569 0.442954063416 5.22119993368 -0.0607835585677 0.184 0.115009557797 0.179125581019
* 533 53.5564110279 -0.823152866394 0.424983648807 5.32 0.1 0.1 -0.864058017731 0.435681819916 5.23049110571 -0.0596377014449 0.182 0.115281579033 0.177737492831
* 534 53.657047987 -0.817361974747 0.416831006662 5.33 0.1 0.1 -0.857542037964 0.42644405365 5.23760551611 -0.0582781695477 0.181 0.114677988541 0.178974477538
* 535 53.757502079 -0.81148984758 0.408736680098 5.34 0.1 0.1 -0.850309848785 0.36487197876 5.24502033392 -0.0565710370929 0.18 0.0899573797413 0.206118902623
* 536 53.857984066 -0.8055370721 0.400701478539 5.35 0.1 0.1 -0.844549655914 0.407460689545 5.26082891623 -0.0530211596058 0.18 0.113456823135 0.177086520797
* 537 53.9613380432 -0.79950424358 0.3927262055 5.36 0.1 0.1 -0.830958366394 0.38437128067 5.284889702 -0.046394507722 0.185 0.10503372826 0.170822916963
* 538 54.0617749691 -0.793391965298 0.384811658501 5.37 0.1 0.1 -0.824616909027 0.380971431732 5.29309988419 -0.0459130101875 0.181 0.1070911824 0.169020959687
* 539 54.1622700691 -0.787200848476 0.37695862899 5.38 0.1 0.1 -0.818635463715 0.36935043335 5.29898024002 -0.0430127468934 0.177 0.105542928385 0.173385036262
* 540 54.2627079487 -0.780931512221 0.369167902264 5.39 0.1 0.1 -0.818635463715 0.36935043335 5.29898024002 -0.0414898045545 0.174 0.110741648343 0.179600577276
* 541 54.3636109829 -0.774584583462 0.361440257389 5.4 0.1 0.1 -0.803956508636 0.353540897369 5.3110656778 -0.0392806241932 0.175 0.104925734632 0.175909188466
* 542 54.4640059471 -0.768160696885 0.353776467122 5.41 0.1 0.1 -0.79830789566 0.342305660248 5.31973123947 -0.0381653628373 0.176 0.103724126696 0.179204162618
* 543 54.5643880367 -0.761660494875 0.346177297836 5.42 0.1 0.1 -0.791495323181 0.333594322205 5.32715845505 -0.0351399216201 0.175 0.103246129788 0.180897039797
* 544 54.6648061275 -0.755084627446 0.338643509443 5.43 0.1 0.1 -0.78614282608 0.327107429504 5.3362445871 -0.0337356558676 0.177 0.104220106906 0.181699095723
* 545 54.7652130127 -0.748433752179 0.331175855314 5.44 0.1 0.1 -0.778374671936 0.32195520401 5.34672356049 -0.0307934411244 0.179 0.105040275852 0.179079014242
* 546 54.8656511307 -0.741708534157 0.32377508221 5.45 0.1 0.1 -0.770190238953 0.307391166687 5.35555935303 -0.0297563175195 0.18 0.101661684976 0.182732898876
* 547 54.9660580158 -0.734909645895 0.3164419302 5.46 0.1 0.1 -0.762104511261 0.298306941986 5.36443853775 -0.0277090677213 0.18 0.100651688189 0.183330871749
* 548 55.0664680004 -0.728037767276 0.309177132594 5.47 0.1 0.1 -0.756644248962 0.2937707901 5.3736453096 -0.0262694357208 0.18 0.102406211363 0.183169593742
* 549 55.1668691635 -0.721093585484 0.301981415865 5.48 0.1 0.1 -0.749865055084 0.285820960999 5.37959385315 -0.0240633010799 0.181 0.102207314677 0.185883046456
* 550 55.2685091496 -0.714077794929 0.294855499581 5.49 0.1 0.1 -0.74282169342 0.279055595398 5.38606644074 -0.0227388969366 0.181 0.102423660958 0.187474671678
* 551 55.3689720631 -0.706991097187 0.287800096325 5.5 0.1 0.1 -0.73593378067 0.271354675293 5.39505434433 -0.0204984050334 0.183 0.102367910753 0.188521725095
* 552 55.4694111347 -0.699834200919 0.280815911633 5.51 0.1 0.1 -0.726276397705 0.262673854828 5.40285587708 -0.0197042502152 0.183 0.100941253253 0.188797300082
* 553 55.5698480606 -0.69260782181 0.273903643917 5.52 0.1 0.1 -0.71692609787 0.252738952637 5.41036558548 -0.0177817290617 0.186 0.0990883277217 0.190411785698
* 554 55.6703109741 -0.685312682492 0.267063984398 5.53 0.1 0.1 -0.707882881165 0.245220184326 5.41887045303 -0.0166882666938 0.187 0.098341036969 0.190320190826
* 555 55.7707409859 -0.677949512473 0.260297617037 5.54 0.1 0.1 -0.700915813446 0.238352775574 5.42764282623 -0.0146749714199 0.189 0.0985706863186 0.191352956093
* 556 55.8711659908 -0.670519048063 0.253605218464 5.55 0.1 0.1 -0.694685459137 0.232620239258 5.43829536835 -0.0134760694236 0.188 0.0995610861007 0.191281302577
* 557 55.9715840816 -0.663022032304 0.246987457914 5.56 0.1 0.1 -0.686357498169 0.22024679184 5.44881582657 -0.0118275005866 0.19 0.0971865133309 0.194249843759
* 558 56.0720160007 -0.655459214889 0.240444997158 5.57 0.1 0.1 -0.679089069366 0.215366363525 5.45677328507 -0.0108077770366 0.189 0.0980670951375 0.19445601837
* 559 56.1725180149 -0.647831352095 0.233978490435 5.58 0.1 0.1 -0.67161989212 0.20977640152 5.46329164902 -0.00916278341117 0.191 0.0985435850886 0.195836675499
* 560 56.2732570171 -0.640139206701 0.227588584392 5.59 0.1 0.1 -0.664513111115 0.199877262115 5.47123909393 -0.00809497350266 0.192 0.0975249548877 0.199775853705
* 561 56.3737280369 -0.632383547916 0.221275918013 5.6 0.1 0.1 -0.650710105896 0.138719081879 5.47546863953 -0.00660452295369 0.194 0.0742854717554 0.23638780357
* 562 56.4748330116 -0.624565151299 0.21504112256 5.61 0.1 0.1 -0.646126747131 0.13479757309 5.48466778198 -0.00533087570223 0.197 0.0766969393327 0.237945339648
* 563 56.575658083 -0.616684798683 0.208884821508 5.62 0.1 0.1 -0.640860080719 0.1530418396 5.49929857651 -0.00337526668841 0.215 0.0874350630833 0.220666650429
* 564 56.676705122 -0.608743278097 0.20280763048 5.63 0.1 0.1 -0.632932662964 0.121930122375 5.50532865921 -0.00229967586929 0.221 0.0782505128338 0.240751784763
* 565 56.7772271633 -0.600741383686 0.196810157192 5.64 0.1 0.1 -0.627916812897 0.15448141098 5.51955748001 -0.00112019934144 0.223 0.0941586067775 0.213282502334
* 566 56.8777940273 -0.592679915633 0.190893001386 5.65 0.1 0.1 -0.61824798584 0.110140323639 5.52566099564 -0.000157678687184 0.229 0.0796408150292 0.242220186143
* 567 56.9782459736 -0.584559680079 0.185056754772 5.66 0.1 0.1 -0.612987041473 0.10915851593 5.53956938187 0.00135837721898 0.225 0.0831137430393 0.2390147604
* 568 57.0788021088 -0.576381489039 0.17930200097 5.67 0.1 0.1 -0.60738658905 0.112721920013 5.55421400467 0.00221135023103 0.231 0.0880678560693 0.231754994135
* 569 57.1792240143 -0.568146160327 0.173629315451 5.68 0.1 0.1 -0.600074768066 0.106131076813 5.56891060272 0.00367205652868 0.233 0.0887216826745 0.230865702347
* 570 57.2798490524 -0.559854517468 0.168039265478 5.69 0.1 0.1 -0.5909948349 0.128700256348 5.58531237045 0.00456740536745 0.232 0.0986996339887 0.205705942341
* 571 57.3802771568 -0.55150738962 0.162532410052 5.7 0.1 0.1 -0.583572864532 0.134037017822 5.59432030121 0.00574421488622 0.229 0.102965744148 0.198460300992
* 572 57.4809141159 -0.543105611488 0.157109299854 5.71 0.1 0.1 -0.574450492859 0.0991945266724 5.60530186096 0.00702281800681 0.221 0.0931341533738 0.220326846972
* 573 57.582654953 -0.534650023243 0.15177047719 5.72 0.1 0.1 -0.566812515259 0.0823197364807 5.61405373016 0.00860503021914 0.212 0.0899650752249 0.230646428711
* 574 57.683216095 -0.526141470437 0.146516475938 5.73 0.1 0.1 -0.558695793152 0.0835852622986 5.622510914 0.00971922164615 0.217 0.0925701776095 0.226706235584
* 575 57.7844970226 -0.517580803919 0.141347821494 5.74 0.1 0.1 -0.549842834473 0.070303440094 5.63318348328 0.0105433602015 0.22 0.0902432935384 0.232765040929
* 576 57.885051012 -0.508968879748 0.136265030719 5.75 0.1 0.1 -0.542073726654 0.0820455551147 5.64403295914 0.0117413863954 0.224 0.096375711174 0.21949665739
* 577 57.9855699539 -0.500306559108 0.131268611888 5.76 0.1 0.1 -0.531929969788 0.0622763633728 5.65383053223 0.0125392622679 0.226 0.0914527054691 0.230728010935
* 578 58.0862209797 -0.491594708225 0.126359064638 5.77 0.1 0.1 -0.524466991425 0.0553412437439 5.66394567886 0.0138544648449 0.224 0.0917694080283 0.233189619923
* 579 58.1867790222 -0.482834198277 0.121536879921 5.78 0.1 0.1 -0.518096923828 0.0554838180542 5.67707682053 0.0146021903443 0.226 0.0948820535229 0.22899255423
* 580 58.2874331474 -0.474025905307 0.11680253995 5.79 0.1 0.1 -0.510565757751 0.0534439086914 5.69211292664 0.0157474406132 0.228 0.0968859891741 0.224916081268
* 581 58.388010025 -0.465170710138 0.112156518156 5.8 0.1 0.1 -0.500500202179 0.0591216087341 5.70828342835 0.0168050081406 0.228 0.100010732763 0.2123901281
* 582 58.4886131287 -0.456269498281 0.107599279137 5.81 0.1 0.1 -0.490617275238 0.039439201355 5.71859884659 0.0182053448869 0.225 0.0956276632828 0.224463589264
* 583 58.5891959667 -0.44732315985 0.103131278613 5.82 0.1 0.1 -0.481975078583 0.037205696106 5.73194837967 0.0190694605879 0.221 0.0969546431195 0.221034622352
* 584 58.6897959709 -0.438332589472 0.0987529633802 5.83 0.1 0.1 -0.475268363953 0.0343565940857 5.743209366 0.0201050749691 0.221 0.0988665815134 0.220279685303
* 585 58.7904469967 -0.429298686196 0.0944647712668 5.84 0.1 0.1 -0.46515750885 0.0323295593262 5.75436640183 0.0209852538119 0.221 0.0994279666558 0.2171813606
* 586 58.8910300732 -0.420222353405 0.0902671310884 5.85 0.1 0.1 -0.455058097839 0.0262441635132 5.7670049707 0.0222246404901 0.219 0.0989647285882 0.216917193982
* 587 58.9916040897 -0.411104498725 0.0861604626055 5.86 0.1 0.1 -0.446335315704 0.029100894928 5.77874994675 0.0230982765567 0.218 0.101402754756 0.210096326149
* 588 59.0920360088 -0.401946033933 0.0821451764814 5.87 0.1 0.1 -0.438851356506 0.0245246887207 5.78763485352 0.0243773591062 0.216 0.102349533103 0.211946107631
* 589 59.1930439472 -0.392747874869 0.0782216742415 5.88 0.1 0.1 -0.430641174316 0.0186958312988 5.79607820908 0.0255037901994 0.214 0.102632287002 0.214873135435
* 590 59.2939250469 -0.38351094134 0.0743903482327 5.89 0.1 0.1 -0.419228553772 0.0195908546448 5.80653572479 0.0266002657191 0.213 0.103151141253 0.209369943823
* 591 59.394682169 -0.374236157033 0.0706515815844 5.9 0.1 0.1 -0.409901618958 0.0163407325745 5.82011080185 0.0277489944212 0.214 0.103739855139 0.206916805956
* 592 59.495634079 -0.364924449417 0.0670057481702 5.91 0.1 0.1 -0.398438930511 0.0161237716675 5.83254719177 0.0288686293669 0.211 0.103949500514 0.20150039914
* 593 59.5960819721 -0.355576749657 0.0634532125703 5.92 0.1 0.1 -0.390348434448 0.009934425354 5.84317064682 0.0297442791893 0.209 0.10430214099 0.204002233558
* 594 59.6966199875 -0.346193992513 0.0599943300354 5.93 0.1 0.1 -0.381211280823 0.00670623779297 5.85537338654 0.0309152091722 0.206 0.104897288344 0.202614902144
* 595 59.7973501682 -0.336777116255 0.0566294464508 5.94 0.1 0.1 -0.372957706451 0.00440120697021 5.8667926828 0.0315680431201 0.205 0.106081320799 0.201247479253
* 596 59.8979251385 -0.327327062562 0.0533588983021 5.95 0.1 0.1 -0.362221240997 0.00429773330688 5.8815078775 0.0323870937445 0.204 0.106630010881 0.195144567448
* 597 59.9985020161 -0.317844776431 0.0501830126413 5.96 0.1 0.1 -0.348918914795 -0.000638484954834 5.89533949295 0.0335657398891 0.202 0.104856541002 0.193111606727
* 598 60.0991301537 -0.308331206083 0.0471021070545 5.97 0.1 0.1 -0.337475776672 -0.00133848190308 5.90477133194 0.03475068634 0.198 0.104662195107 0.190395122794
* 599 60.1999511719 -0.298787302867 0.0441164896296 5.98 0.1 0.1 -0.328514099121 -0.0029993057251 5.91180468002 0.0355024529955 0.197 0.105393514904 0.190880228162
* 600 60.3024120331 -0.289214021166 0.0412264589258 5.99 0.1 0.1 -0.318744182587 -0.00518941879272 5.92158079544 0.0363356911975 0.193 0.105709243127 0.190168559604
* 601 60.4029431343 -0.279612318299 0.0384323039438 6.0 0.1 0.1 -0.307923316956 -0.00914859771729 5.93191814819 0.0373577839491 0.192 0.105186501393 0.190545274925
* 602 60.5033910275 -0.26998315443 0.0357343040968 6.01 0.1 0.1 -0.299663066864 -0.012149810791 5.94629860321 0.0376896170908 0.192 0.106262439927 0.188806957454
* 603 60.6038069725 -0.260327492466 0.0331327291825 6.02 0.1 0.1 -0.286721229553 -0.00916767120361 5.95850181976 0.0386763207421 0.19 0.105924431347 0.181144735602
* 604 60.7042350769 -0.250646297965 0.0306278393562 6.03 0.1 0.1 -0.276250839233 -0.0144262313843 5.97129488388 0.0392363554131 0.189 0.10542303195 0.181889868759
* 605 60.8046290874 -0.24094053904 0.0282198851049 6.04 0.1 0.1 -0.269011497498 -0.0116510391235 5.98022318283 0.0401514927078 0.186 0.107726674417 0.178151178643
* 606 60.9052121639 -0.231211186257 0.0259091072219 6.05 0.1 0.1 -0.257361412048 -0.0133981704712 5.99187040726 0.040620164356 0.184 0.107132402506 0.176008851737
* 607 61.0057189465 -0.221459212543 0.0236957367831 6.06 0.1 0.1 -0.240471839905 -0.0215997695923 6.00532389084 0.0418677002286 0.181 0.10295961471 0.177787743877
* 608 61.1062300205 -0.21168559309 0.0215799951237 6.07 0.1 0.1 -0.228271484375 -0.023717880249 6.01375246445 0.042079066425 0.177 0.101927293388 0.177926846753
* 609 61.2067489624 -0.201891305248 0.0195620938162 6.08 0.1 0.1 -0.220054149628 -0.0227479934692 6.01976967255 0.0425024164983 0.178 0.103278384417 0.177541716489
* 610 61.3073129654 -0.192077328441 0.0176422346489 6.09 0.1 0.1 -0.208135604858 -0.0259351730347 6.02868366638 0.0426779715361 0.177 0.102237103648 0.178754736293
* 611 61.4079260826 -0.182244644057 0.0158206096061 6.1 0.1 0.1 -0.196918010712 -0.0285892486572 6.0374999086 0.043358812402 0.178 0.101625614106 0.179811438169
* 612 61.5084030628 -0.172394235355 0.014097400849 6.11 0.1 0.1 -0.189689159393 -0.0309038162231 6.05158567825 0.0434595573379 0.178 0.10328075122 0.178767633571
* 613 61.6090371609 -0.16252708737 0.0124727806968 6.12 0.1 0.1 -0.17791891098 -0.0318212509155 6.06785536209 0.0441524853982 0.179 0.102820951429 0.174230942088
* 614 61.7096290588 -0.152644186808 0.0109469116103 6.13 0.1 0.1 -0.161108970642 -0.0424318313599 6.08541298309 0.0446491415827 0.177 0.0987393332108 0.177661968766
* 615 61.810199976 -0.142746521949 0.00951994617515 6.14 0.1 0.1 -0.150135040283 -0.0420351028442 6.09503126541 0.0453141325436 0.175 0.0986332637865 0.175890262394
* 616 61.9106860161 -0.132835082554 0.00819202708662 6.15 0.1 0.1 -0.138419628143 -0.0447716712952 6.1056346933 0.0454271599171 0.177 0.0978544990283 0.176660299796
* 617 62.0113711357 -0.122910859756 0.00696328713556 6.16 0.1 0.1 -0.129075527191 -0.0409135818481 6.11719131867 0.0457942073582 0.176 0.0989368024056 0.170954240701
* 618 62.1120369434 -0.112974845971 0.00583384919492 6.17 0.1 0.1 -0.118246078491 -0.0421075820923 6.12710094849 0.0457990105618 0.177 0.0987164495393 0.170942863048
* 619 62.2126941681 -0.103028034791 0.00480382620757 6.18 0.1 0.1 -0.109082221985 -0.043399810791 6.13610172669 0.0466239692367 0.174 0.0993328797497 0.171865488269
* 620 62.3132810593 -0.0930714208899 0.00387332117494 6.19 0.1 0.1 -0.0986933708191 -0.043890953064 6.14485550324 0.0466194867375 0.172 0.0993579445638 0.172039597138
* 621 62.4138531685 -0.0831059999196 0.00304242714677 6.2 0.1 0.1 -0.0884656906128 -0.0451374053955 6.15358734528 0.0472605309457 0.172 0.0994084567764 0.173097793196
* 622 62.514384985 -0.0731327684145 0.00231122721175 6.21 0.1 0.1 -0.0809946060181 -0.0471391677856 6.16358804355 0.047720643484 0.171 0.1009035603 0.174664140977
* 623 62.6151499748 -0.0631527236893 0.00167979448929 6.22 0.1 0.1 -0.0704317092896 -0.0471448898315 6.17956161151 0.0489035550795 0.173 0.101080178699 0.170774742347
* 624 62.7157289982 -0.0531668637402 0.00114819212211 6.23 0.1 0.1 -0.0600361824036 -0.0487170219421 6.19696998248 0.0494272041374 0.173 0.101298629617 0.167799217819
* 625 62.8163299561 -0.0431761871449 0.000716473270023 6.24 0.1 0.1 -0.0472803115845 -0.0516295433044 6.21024369845 0.0506544620416 0.171 0.100103463701 0.168296399415
* 626 62.9168720245 -0.0331816929626 0.000384681104546 6.25 0.1 0.1 -0.0391454696655 -0.050313949585 6.21684836993 0.0511491604804 0.169 0.101319427631 0.168574691153
* 627 63.0174529552 -0.0231843806346 0.000152848804622 6.26 0.1 0.1 -0.0270872116089 -0.0523958206177 6.22692680383 0.0518049437773 0.168 0.100445145007 0.170235605374
* 628 63.1181311607 -0.0131852498836 2.09995532855e-05 6.27 0.1 0.1 -0.0179681777954 -0.0498108863831 6.23665857339 0.0522921465696 0.168 0.101249885117 0.167693373262
* 629 63.2186529636 -0.00318530061445 -1.08534646468e-05 6.28 0.1 0.1 -0.00512361526489 -0.0473527908325 6.24632740045 0.0530369078987 0.169 0.100045448506 0.165249910465
