### Ensaio do Controlador Klancar com Laser (Círculo) ###

# Parâmetros #

# Número do Ensaio: 14
# Frequência: 10.0 Hz
# Raio: 1.00 m
# Velocidade Linear da Base: 0.10 m/s
# Velocidade Angular da Base: 0.10 rad/s
# Parâmetro ksi: 0.80
# Parâmetro w_n: 0.56
# Parâmetro g: 30.00

* 1 0.0 0.0 0.0 0.0 0.1 0.1 0.0 0.0 1.57079632679 0.0 0.0 6.12323399574e-18 -1.0
* 2 0.100394964218 0.00999950000417 9.99983333417e-05 0.01 0.1 0.1 0.0 0.0 1.57079632679 0.0 -0.0 0.00108906607849 -1.0
* 3 0.200818061829 0.0199975000708 0.000299985000275 0.02 0.1 0.1 -0.00230932235718 -0.00028657913208 1.57089218011 0.0 -0.088 0.00251091459853 -1.0
* 4 0.301297903061 0.0299930004083 0.0005999400023 0.03 0.1 0.1 -0.00246143341064 -0.000375270843506 1.57035685779 0.0 -0.365 0.00392494167384 -1.0
* 5 0.401740074158 0.0399850014749 0.000999833344166 0.04 0.1 0.1 -0.00754451751709 -9.53674316406e-07 1.55435801769 0.001 -0.608 0.0072282462714 -1.0
* 6 0.502165079117 0.0499725040789 0.00149962503687 0.05 0.1 0.1 -0.010205745697 -0.00253963470459 1.49949742208 0.002 -0.754 0.0195084170341 -1.0
* 7 0.602714061737 0.0599545094782 0.00209926510167 0.06 0.1 0.1 -0.0137190818787 -0.0061993598938 1.43941976229 0.007 -0.845 0.0349477753345 -1.0
* 8 0.703248023987 0.0699300194808 0.00279869357504 0.07 0.1 0.1 -0.0147104263306 -0.0102996826172 1.37501145999 0.014 -0.892 0.0523806285885 -1.0
* 9 0.80402803421 0.0798980365438 0.00359784051473 0.08 0.1 0.1 -0.0140209197998 -0.0121741294861 1.30608560244 0.024 -0.934 0.0692431814061 -1.0
* 10 0.904553890228 0.0898575638739 0.00449662600671 0.09 0.1 0.1 -0.0112466812134 -0.0147972106934 1.24799873034 0.037 -0.957 0.0849888290786 -1.0
* 11 1.00508403778 0.0998076055267 0.00549496017318 0.1 0.1 0.1 -0.0109872817993 -0.0191988945007 1.19946052233 0.049 -0.963 0.101721297569 -1.0
* 12 1.105946064 0.109747166506 0.00659274318155 0.11 0.1 0.1 -0.00542736053467 -0.0231566429138 1.14112283389 0.061 -0.959 0.118220085258 -1.0
* 13 1.20640301704 0.119675252865 0.00778986525444 0.12 0.1 0.1 -0.00185585021973 -0.0268158912659 1.09269954363 0.073 -0.945 0.133490317554 -1.0
* 14 1.3068420887 0.129590871802 0.00908620668064 0.13 0.1 0.1 0.00225448608398 -0.030912399292 1.03949357668 0.083 -0.923 0.149608445656 -0.978766971931
* 15 1.4072508812 0.139493031764 0.0104816378271 0.14 0.1 0.1 0.010425567627 -0.0369052886963 0.982720867791 0.094 -0.891 0.16545183348 -0.894022380399
* 16 1.50767207146 0.149380742543 0.0119760191518 0.15 0.1 0.1 0.0158224105835 -0.0401077270508 0.932169930139 0.103 -0.859 0.179115377085 -0.825357858953
* 17 1.60829901695 0.159253015377 0.013569201218 0.16 0.1 0.1 0.0214247703552 -0.0472407341003 0.886404053369 0.117 -0.804 0.194353294512 -0.752148297692
* 18 1.70912289619 0.169108863046 0.0152610247086 0.17 0.1 0.1 0.0310201644897 -0.0565314292908 0.843360439935 0.131 -0.743 0.207740261278 -0.666049175013
* 19 1.80975699425 0.178947299974 0.0170513204429 0.18 0.1 0.1 0.0408582687378 -0.0649037361145 0.806235806146 0.146 -0.682 0.218867397379 -0.586655610101
* 20 1.9103410244 0.188767342325 0.0189399093927 0.19 0.1 0.1 0.0539116859436 -0.0762438774109 0.767802731195 0.16 -0.612 0.229090328048 -0.49028892449
* 21 2.01073503494 0.198568008104 0.0209266027006 0.2 0.1 0.1 0.0648384094238 -0.088285446167 0.735739247003 0.173 -0.553 0.239601075146 -0.40362308827
* 22 2.11136507988 0.208348317251 0.0230112016991 0.21 0.1 0.1 0.0778913497925 -0.102540016174 0.71229554812 0.189 -0.481 0.248707803776 -0.318180112805
* 23 2.21187710762 0.218107291744 0.0251934979299 0.22 0.1 0.1 0.0925421714783 -0.118200302124 0.697102562585 0.203 -0.411 0.256605369988 -0.237038682966
* 24 2.31229710579 0.227843955694 0.0274732731652 0.23 0.1 0.1 0.1056432724 -0.135396003723 0.688378349939 0.217 -0.344 0.265922542454 -0.163899138492
* 25 2.41292405128 0.237557335443 0.0298502994295 0.24 0.1 0.1 0.119274139404 -0.151291847229 0.676781193414 0.23 -0.276 0.273822128946 -0.0876895572664
* 26 2.5135910511 0.24724645966 0.032324339022 0.25 0.1 0.1 0.134934902191 -0.172188282013 0.661854283014 0.243 -0.216 0.282533865427 0.0100210349295
* 27 2.61404109001 0.256910359441 0.034895144541 0.26 0.1 0.1 0.149729251862 -0.190420150757 0.658402458825 0.255 -0.154 0.290502815675 0.0830020539537
* 28 2.71461796761 0.266548068405 0.0375624589079 0.27 0.1 0.1 0.167482852936 -0.210309028625 0.657648579278 0.261 -0.106 0.297399547926 0.161523254138
* 29 2.81505393982 0.276158622788 0.0403260153935 0.28 0.1 0.1 0.185624599457 -0.233418464661 0.658174053827 0.266 -0.059 0.305902905821 0.246661151377
* 30 2.91558003426 0.285741061543 0.0431855376445 0.29 0.1 0.1 0.201066493988 -0.253444671631 0.658369080224 0.266 -0.022 0.314633282072 0.320318112465
* 31 3.01622200012 0.295294426434 0.0461407397112 0.3 0.1 0.1 0.218546390533 -0.276025772095 0.662460819879 0.267 0.013 0.323933140447 0.397557443256
* 32 3.11675310135 0.304817762133 0.0491913260756 0.31 0.1 0.1 0.239340305328 -0.297266960144 0.663113609948 0.265 0.042 0.329789241695 0.483622791564
* 33 3.21721100807 0.314310116314 0.0523369916818 0.32 0.1 0.1 0.253839015961 -0.317624092102 0.664462105432 0.263 0.069 0.339763927293 0.555026674749
* 34 3.31858611107 0.323770539749 0.0555774219657 0.33 0.1 0.1 0.275137424469 -0.337795734406 0.667166248956 0.26 0.095 0.345239343873 0.636437194088
* 35 3.41912508011 0.333198086405 0.0589122928871 0.34 0.1 0.1 0.291501522064 -0.359338283539 0.670040146508 0.256 0.116 0.355105300171 0.711773703153
* 36 3.51956295967 0.342591813533 0.0623412709617 0.35 0.1 0.1 0.30674123764 -0.37956237793 0.674437061944 0.253 0.134 0.365555929537 0.779274178471
* 37 3.62001800537 0.35195078177 0.0658640132944 0.36 0.1 0.1 0.324788093567 -0.398553371429 0.683150784173 0.25 0.152 0.374749602335 0.841274291846
* 38 3.72044992447 0.361274055226 0.0694801676141 0.37 0.1 0.1 0.339762210846 -0.416296958923 0.690456883111 0.248 0.166 0.385297923847 0.896958527502
* 39 3.8208899498 0.370560701582 0.0731893723082 0.38 0.1 0.1 0.35606098175 -0.43399143219 0.69817735354 0.246 0.179 0.395314193526 0.95411637313
* 40 3.92138504982 0.37980979218 0.0769912564594 0.39 0.1 0.1 0.369799137115 -0.45237159729 0.707944409051 0.244 0.187 0.408418161559 1.0
* 41 4.02181887627 0.38902040212 0.0808854398825 0.4 0.1 0.1 0.385969638824 -0.469534873962 0.719359413781 0.244 0.193 0.420072990318 1.0
* 42 4.12228608131 0.398191610349 0.0848715331624 0.41 0.1 0.1 0.405491828918 -0.486937522888 0.727855221429 0.245 0.19 0.429018320277 1.0
* 43 4.22270488739 0.407322499752 0.088949137693 0.42 0.1 0.1 0.421539306641 -0.503073692322 0.734552399316 0.248 0.177 0.43918628428 1.0
* 44 4.32314801216 0.416412157248 0.0931178457172 0.43 0.1 0.1 0.436465263367 -0.518814563751 0.743263737359 0.25 0.165 0.450870586369 1.0
* 45 4.4235970974 0.425459673881 0.0973772403679 0.44 0.1 0.1 0.455694675446 -0.537651538849 0.75259973208 0.254 0.149 0.462178753697 1.0
* 46 4.52404403687 0.434464144904 0.101726895709 0.45 0.1 0.1 0.473413944244 -0.556474208832 0.754878060022 0.257 0.127 0.471885053137 1.0
* 47 4.62448596954 0.443424669879 0.106166376779 0.46 0.1 0.1 0.490125179291 -0.571806430817 0.75780965487 0.263 0.1 0.480506081816 1.0
* 48 4.72494697571 0.452340352761 0.110695239632 0.47 0.1 0.1 0.51299571991 -0.5916929245 0.764513985315 0.269 0.083 0.489809515833 1.0
* 49 4.82543992996 0.461210301989 0.115313031388 0.48 0.1 0.1 0.532033443451 -0.60963344574 0.766365067163 0.273 0.058 0.498358671823 1.0
* 50 4.92587995529 0.470033630575 0.12001929027 0.49 0.1 0.1 0.553177833557 -0.628621578217 0.768454090753 0.277 0.045 0.5 1.0
* 51 5.02628803253 0.478809456194 0.124813545656 0.5 0.1 0.1 0.574252128601 -0.651383399963 0.772003189721 0.28 0.034 0.5 1.0
* 52 5.12687397003 0.487536901271 0.129695318124 0.51 0.1 0.1 0.593899726868 -0.66885137558 0.773426071801 0.281 0.024 0.5 1.0
* 53 5.22983193398 0.496215093067 0.134664119503 0.52 0.1 0.1 0.638524055481 -0.708603858948 0.776016728082 0.284 0.022 0.5 1.0
* 54 5.33044290543 0.504843163773 0.139719452915 0.53 0.1 0.1 0.656960487366 -0.725247383118 0.776532665887 0.285 0.019 0.5 1.0
* 55 5.43103289604 0.513420250586 0.144860812831 0.54 0.1 0.1 0.656960487366 -0.725247383118 0.776532665887 0.285 0.011 0.5 1.0
* 56 5.53158903122 0.521945495807 0.150087685121 0.55 0.1 0.1 0.679560184479 -0.744851112366 0.779530541101 0.287 0.012 0.5 1.0
* 57 5.63221502304 0.530418046917 0.1553995471 0.56 0.1 0.1 0.72327709198 -0.782521247864 0.780692116418 0.286 0.008 0.5 1.0
* 58 5.73270606995 0.538837056669 0.160795867587 0.57 0.1 0.1 0.745490074158 -0.804629802704 0.782562271753 0.288 0.008 0.5 1.0
* 59 5.8335878849 0.547201683168 0.166276106955 0.58 0.1 0.1 0.745490074158 -0.804629802704 0.782562271753 0.288 0.011 0.5 1.0
* 60 5.9339659214 0.555511089959 0.171839717184 0.59 0.1 0.1 0.789067268372 -0.841496944427 0.783671394983 0.287 0.007 0.5 1.0
* 61 6.03433299065 0.563764446108 0.177486141918 0.6 0.1 0.1 0.810940265656 -0.86242723465 0.785547272363 0.288 0.005 0.5 1.0
* 62 6.13468790054 0.571960926286 0.183214816519 0.61 0.1 0.1 0.833992004395 -0.881509780884 0.786909596124 0.288 0.005 0.5 1.0
* 63 6.23510599136 0.580099710853 0.189025168125 0.62 0.1 0.1 0.833992004395 -0.881509780884 0.786909596124 0.288 0.003 0.5 1.0
* 64 6.33578300476 0.588179985936 0.194916615704 0.63 0.1 0.1 0.876066684723 -0.920300006866 0.787283436456 0.287 0.005 0.5 1.0
* 65 6.43651795387 0.596200943515 0.200888570118 0.64 0.1 0.1 0.898632526398 -0.939115047455 0.788132206598 0.288 0.005 0.5 1.0
* 66 6.5379679203 0.6041617815 0.206940434175 0.65 0.1 0.1 0.921078205109 -0.958498477936 0.788598076501 0.287 0.002 0.5 1.0
* 67 6.63925004005 0.612061703815 0.213071602695 0.66 0.1 0.1 0.94144821167 -0.976789474487 0.789581314721 0.288 0.006 0.5 1.0
* 68 6.73973989487 0.619899920474 0.219281462565 0.67 0.1 0.1 0.964835166931 -0.99599647522 0.789529816308 0.288 0.004 0.5 1.0
* 69 6.84028291702 0.627675647662 0.225569392805 0.68 0.1 0.1 0.986837863922 -1.01590108871 0.791862026849 0.289 0.007 0.5 1.0
* 70 6.94067788124 0.635388107812 0.231934764628 0.69 0.1 0.1 1.00652217865 -1.03435850143 0.79277469317 0.288 0.006 0.5 1.0
* 71 7.04179000854 0.643036529684 0.2383769415 0.7 0.1 0.1 1.03005599976 -1.05432319641 0.793389336267 0.288 0.003 0.5 1.0
* 72 7.14221096039 0.650620148444 0.24489527921 0.71 0.1 0.1 1.05228662491 -1.07525253296 0.79634524981 0.288 0.006 0.5 1.0
* 73 7.24264502525 0.658138205736 0.25148912593 0.72 0.1 0.1 1.07244157791 -1.0925359726 0.797459618249 0.287 0.003 0.5 1.0
* 74 7.34306001663 0.665589949759 0.25815782228 0.73 0.1 0.1 1.09582281113 -1.11333370209 0.797525898614 0.288 0.005 0.5 1.0
* 75 7.44348692894 0.672974635346 0.264900701396 0.74 0.1 0.1 1.11754083633 -1.13273143768 0.800247208276 0.289 0.007 0.5 1.0
* 76 7.54389810562 0.680291524035 0.271717088996 0.75 0.1 0.1 1.1396446228 -1.15102815628 0.800210014978 0.288 0.004 0.5 1.0
* 77 7.64434790611 0.687539884143 0.278606303448 0.76 0.1 0.1 1.1620259285 -1.17084550858 0.802608505883 0.288 0.006 0.5 1.0
* 78 7.74477601051 0.694718990839 0.285567655834 0.77 0.1 0.1 1.1836066246 -1.18888568878 0.802323357263 0.288 0.005 0.5 1.0
* 79 7.84519290924 0.701828126219 0.292600450026 0.78 0.1 0.1 1.20701122284 -1.20857334137 0.803482548394 0.288 0.004 0.5 1.0
* 80 7.94562506676 0.708866579375 0.29970398275 0.79 0.1 0.1 1.22969865799 -1.22828006744 0.805265919366 0.288 0.008 0.5 1.0
* 81 8.0460588932 0.715833646469 0.306877543659 0.8 0.1 0.1 1.25131607056 -1.24766397476 0.80627872149 0.288 0.007 0.5 1.0
* 82 8.14648294449 0.722728630798 0.314120415403 0.81 0.1 0.1 1.2737736702 -1.26561403275 0.807531372705 0.288 0.006 0.5 1.0
* 83 8.24690508842 0.729550842871 0.3214318737 0.82 0.1 0.1 1.29559850693 -1.28475046158 0.810116306939 0.289 0.008 0.5 1.0
* 84 8.34732508659 0.736299600472 0.328811187411 0.83 0.1 0.1 1.31897115707 -1.30454301834 0.809542671838 0.289 0.004 0.5 1.0
* 85 8.44774007797 0.74297422873 0.336257618611 0.84 0.1 0.1 1.34194326401 -1.3221540451 0.811617867151 0.288 0.003 0.5 1.0
* 86 8.54816102982 0.749574060189 0.343770422662 0.85 0.1 0.1 1.36256408691 -1.34134054184 0.811738506952 0.288 0.001 0.5 1.0
* 87 8.64867997169 0.756098434871 0.351348848291 0.86 0.1 0.1 1.38692092896 -1.36079502106 0.812796608606 0.288 0.003 0.5 1.0
* 88 8.74908995628 0.762546700343 0.358992137661 0.87 0.1 0.1 1.41154718399 -1.38034152985 0.814604298272 0.289 0.005 0.5 1.0
* 89 8.84949994087 0.768918211785 0.36669952645 0.88 0.1 0.1 1.43373918533 -1.39764261246 0.814029709497 0.288 0.005 0.5 1.0
* 90 8.94987392426 0.775212332051 0.374470243926 0.89 0.1 0.1 1.45633172989 -1.41792726517 0.818158165612 0.288 0.004 0.5 1.0
* 91 9.05048203468 0.781428431734 0.382303513022 0.9 0.1 0.1 1.47809076309 -1.43564128876 0.819157616296 0.288 0.006 0.5 1.0
* 92 9.15083599091 0.787565889229 0.390198550419 0.91 0.1 0.1 1.50012588501 -1.45526742935 0.818330780664 0.29 0.007 0.5 1.0
* 93 9.25145101547 0.793624090795 0.398154566619 0.92 0.1 0.1 1.52438879013 -1.47453165054 0.821748272577 0.289 0.007 0.5 1.0
* 94 9.35204696655 0.799602430618 0.406170766028 0.93 0.1 0.1 1.54592132568 -1.49260425568 0.822137371698 0.29 0.01 0.5 1.0
* 95 9.45259308815 0.805500310868 0.414246347032 0.94 0.1 0.1 1.56792068481 -1.5112323761 0.82598449389 0.29 0.009 0.5 1.0
* 96 9.55315494537 0.811317141763 0.42238050208 0.95 0.1 0.1 1.59046173096 -1.52983522415 0.826970116296 0.29 0.008 0.5 1.0
* 97 9.65359210968 0.817052341624 0.430572417763 0.96 0.1 0.1 1.61239719391 -1.5468583107 0.826821343103 0.29 0.009 0.5 1.0
* 98 9.75400209427 0.822705336935 0.438821274896 0.97 0.1 0.1 1.63264369965 -1.56643819809 0.827739254632 0.289 0.01 0.5 1.0
* 99 9.85525798798 0.828275562403 0.447126248601 0.98 0.1 0.1 1.6565990448 -1.58455610275 0.8304529349 0.29 0.011 0.5 1.0
* 100 9.95665287971 0.833762461009 0.455486508387 0.99 0.1 0.1 1.67795181274 -1.60376262665 0.82993938128 0.289 0.008 0.5 1.0
* 101 10.0571548939 0.839165484067 0.463901218235 1.0 0.1 0.1 1.70088481903 -1.62203454971 0.833299652734 0.29 0.009 0.5 1.0
* 102 10.1575670242 0.844484091281 0.472369536682 1.01 0.1 0.1 1.72376155853 -1.63920068741 0.833646313348 0.288 0.007 0.5 1.0
* 103 10.2582070827 0.849717750794 0.480890616901 1.02 0.1 0.1 1.74493789673 -1.65823411942 0.833115116754 0.288 0.005 0.5 1.0
* 104 10.358716011 0.854865939243 0.489463606793 1.03 0.1 0.1 1.76924610138 -1.67699337006 0.837545410791 0.288 0.006 0.5 1.0
* 105 10.4593160152 0.859928141816 0.498087649065 1.04 0.1 0.1 1.79338264465 -1.69509935379 0.836218372979 0.287 -0.0 0.5 1.0
* 106 10.559871912 0.864903852295 0.506761881321 1.05 0.1 0.1 1.81547641754 -1.71423006058 0.839441792169 0.288 0.0 0.5 1.0
* 107 10.6603500843 0.869792573113 0.515485436145 1.06 0.1 0.1 1.83777713776 -1.73220491409 0.840646282831 0.289 0.005 0.5 1.0
* 108 10.7607579231 0.874593815403 0.524257441188 1.07 0.1 0.1 1.8632106781 -1.75014734268 0.840155140558 0.288 0.004 0.5 1.0
* 109 10.8615698814 0.879307099045 0.533077019256 1.08 0.1 0.1 1.88133335114 -1.76911830902 0.843231693902 0.289 0.007 0.5 1.0
* 110 10.9622678757 0.883931952714 0.541943288401 1.09 0.1 0.1 1.90553760529 -1.78492498398 0.844468609491 0.289 0.007 0.5 1.0
* 111 11.062650919 0.888467913928 0.550855362001 1.1 0.1 0.1 1.91725540161 -1.78736305237 0.886489884057 0.29 0.014 0.5 1.0
* 112 11.1637969017 0.892914529096 0.559812348858 1.11 0.1 0.1 1.95278549194 -1.77043581009 0.983489052453 0.29 0.015 0.5 1.0
* 113 11.2642130852 0.897271353558 0.56881335328 1.12 0.1 0.1 2.00828742981 -1.8137960434 1.02402068774 0.291 0.021 0.5 1.0
* 114 11.3646399975 0.901537951638 0.577857475174 1.13 0.1 0.1 2.06559753418 -1.83827733994 1.08987142245 0.291 0.024 0.5 1.0
* 115 11.4654650688 0.905713896677 0.586943810135 1.14 0.1 0.1 2.11204814911 -1.81748914719 1.19811584155 0.293 0.027 0.5 1.0
* 116 11.5659019947 0.909798771086 0.596071449538 1.15 0.1 0.1 2.1614522934 -1.80044031143 1.28755809466 0.292 0.028 0.5 1.0
* 117 11.6663529873 0.91379216638 0.605239480625 1.16 0.1 0.1 2.20470333099 -1.78490161896 1.35093595187 0.293 0.028 0.5 1.0
* 118 11.7670710087 0.917693683223 0.614446986603 1.17 0.1 0.1 2.24660491943 -1.77636384964 1.39784146945 0.293 0.03 0.5 1.0
* 119 11.8678441048 0.921502931467 0.623693046727 1.18 0.1 0.1 2.27996253967 -1.76974391937 1.4186964194 0.294 0.031 0.5 1.0
* 120 11.9682700634 0.92521953019 0.632976736399 1.19 0.1 0.1 2.31037521362 -1.76799964905 1.43347741763 0.293 0.03 0.5 1.0
* 121 12.0688819885 0.928843107734 0.642297127259 1.2 0.1 0.1 2.34512805939 -1.7579627037 1.43851424853 0.294 0.03 0.5 1.0
* 122 12.1694409847 0.932373301746 0.651653287274 1.21 0.1 0.1 2.36961841583 -1.76077604294 1.46860504995 0.293 0.03 0.5 1.0
* 123 12.2699871063 0.93580975921 0.661044280838 1.22 0.1 0.1 2.40073490143 -1.75743961334 1.50411272893 0.293 0.029 0.5 1.0
* 124 12.3707740307 0.939152136481 0.670469168857 1.23 0.1 0.1 2.43625354767 -1.74921131134 1.53504563595 0.293 0.028 0.5 1.0
* 125 12.4714860916 0.942400099325 0.679927008851 1.24 0.1 0.1 2.46555137634 -1.73997020721 1.56795359851 0.293 0.027 0.5 1.0
* 126 12.5750749111 0.945553322949 0.689416855045 1.25 0.1 0.1 2.50176429749 -1.726541996 1.60821277002 0.294 0.03 0.5 1.0
* 127 12.6777560711 0.948611492033 0.698937758461 1.26 0.1 0.1 2.53652572632 -1.7118844986 1.66404637794 0.294 0.031 0.5 1.0
* 128 12.7782299519 0.951574300762 0.708488767017 1.27 0.1 0.1 2.56742668152 -1.6910572052 1.73293070594 0.293 0.029 0.5 1.0
* 129 12.8787620068 0.954441452859 0.71806892562 1.28 0.1 0.1 2.60166454315 -1.66241073608 1.81856452028 0.294 0.031 0.5 1.0
* 130 12.9795339108 0.957212661609 0.727677276262 1.29 0.1 0.1 2.62924003601 -1.6273598671 1.90616487066 0.294 0.033 0.5 1.0
* 131 13.0799629688 0.959887649895 0.737312858116 1.3 0.1 0.1 2.65427970886 -1.5882358551 2.00181762973 0.295 0.034 0.5 1.0
* 132 13.1804790497 0.962466150221 0.746974707632 1.31 0.1 0.1 2.68053340912 -1.54210042953 2.10896284977 0.294 0.034 0.5 0.29402242264
* 133 13.2810130119 0.964947904737 0.756661858633 1.32 0.1 0.1 2.7017698288 -1.4930024147 2.22048558394 0.294 0.033 0.5 -0.635972558658
* 134 13.3815839291 0.967332665272 0.766373342412 1.33 0.1 0.1 2.72217941284 -1.43657064438 2.33225925366 0.296 0.03 0.5 -1.0
* 135 13.481990099 0.96962019335 0.776108187829 1.34 0.1 0.1 2.73564338684 -1.3823094368 2.43553038041 0.294 0.027 0.5 -1.0
* 136 13.5824110508 0.971810260221 0.785865421408 1.35 0.1 0.1 2.74127960205 -1.32603931427 2.53151346842 0.293 0.019 0.5 -1.0
* 137 13.6828639507 0.97390264688 0.795644067432 1.36 0.1 0.1 2.75020313263 -1.25621938705 2.62857838074 0.293 0.015 0.5 -1.0
* 138 13.7833220959 0.975897144089 0.805443148046 1.37 0.1 0.1 2.7559337616 -1.19336032867 2.7100213329 0.292 0.011 0.5 -1.0
* 139 13.8837959766 0.977793552402 0.81526168335 1.38 0.1 0.1 2.75224113464 -1.14934968948 2.78832419316 0.293 0.007 0.5 -1.0
* 140 13.9842031002 0.979591682179 0.825098691498 1.39 0.1 0.1 2.74907875061 -1.10416603088 2.8544897596 0.292 0.005 0.5 -1.0
* 141 14.0846700668 0.981291353608 0.834953188798 1.4 0.1 0.1 2.74465751648 -1.05958938599 2.90500445763 0.291 0.004 0.5 -1.0
* 142 14.1851110458 0.982892396724 0.844824189808 1.41 0.1 0.1 2.73756027222 -1.02096605301 2.95383484761 0.292 0.002 0.5 -1.0
* 143 14.2855679989 0.984394651423 0.854710707436 1.42 0.1 0.1 2.73625087738 -0.984058856964 2.98259230057 0.291 0.001 0.5 -1.0
* 144 14.386013031 0.985797967481 0.86461175304 1.43 0.1 0.1 2.73424339294 -0.952637195587 2.99951382081 0.289 -0.006 0.5 -1.0
* 145 14.4864399433 0.987102204569 0.874526336522 1.44 0.1 0.1 2.73760128021 -0.923065185547 3.00323541562 0.289 -0.006 0.5 -1.0
* 146 14.5869851112 0.988307232262 0.884453466432 1.45 0.1 0.1 2.73895359039 -0.893314361572 3.00294073025 0.291 -0.008 0.5 -1.0
* 147 14.6873838902 0.989412930061 0.894392150066 1.46 0.1 0.1 2.74001789093 -0.86578130722 3.00254781643 0.29 -0.008 0.5 -1.0
* 148 14.7878038883 0.990419187394 0.904341393564 1.47 0.1 0.1 2.74394035339 -0.837419509888 3.00476558606 0.289 -0.007 0.5 -1.0
* 149 14.8882300854 0.991325903639 0.914300202009 1.48 0.1 0.1 2.74475574493 -0.812245368958 3.00529547135 0.289 -0.009 0.5 -1.0
* 150 14.9886639118 0.992132988124 0.92426757953 1.49 0.1 0.1 2.74794006348 -0.784534931183 3.00541396538 0.288 -0.009 0.5 -1.0
* 151 15.0890650749 0.99284036014 0.934242529396 1.5 0.1 0.1 2.74868392944 -0.754978656769 3.0078074495 0.288 -0.009 0.5 -1.0
* 152 15.1894850731 0.993447948953 0.944224054121 1.51 0.1 0.1 2.7500038147 -0.727536201477 3.00644297997 0.288 -0.011 0.5 -1.0
* 153 15.2899570465 0.993955693802 0.95421115556 1.52 0.1 0.1 2.75346660614 -0.696162223816 3.00867004792 0.288 -0.009 0.5 -1.0
* 154 15.3903670311 0.994363543914 0.964202835013 1.53 0.1 0.1 2.75545597076 -0.67010307312 3.00960464875 0.289 -0.01 0.5 -1.0
* 155 15.4908070564 0.994671458505 0.974198093319 1.54 0.1 0.1 2.7571849823 -0.641776561737 3.01076217095 0.288 -0.012 0.5 -1.0
* 156 15.591242075 0.994879406783 0.984195930961 1.55 0.1 0.1 2.75874042511 -0.612086296082 3.01218517224 0.289 -0.01 0.5 -1.0
* 157 15.6917059422 0.994987367954 0.994195348163 1.56 0.1 0.1 2.76301288605 -0.585415840149 3.01247187058 0.289 -0.011 0.5 -1.0
* 158 15.792124033 0.994995331221 1.00419534499 1.57 0.1 0.1 2.76519775391 -0.549966812134 3.01275499264 0.289 -0.009 0.5 -1.0
* 159 15.8925750256 0.994903295788 1.01419492146 1.58 0.1 0.1 2.76650714874 -0.526809215546 3.01398725907 0.288 -0.008 0.5 -1.0
* 160 15.9930019379 0.994711270859 1.02419307761 1.59 0.1 0.1 2.76702213287 -0.500916957855 3.01297278801 0.287 -0.013 0.5 -1.0
* 161 16.0934479237 0.994419275636 1.03418881364 1.6 0.1 0.1 2.76854038239 -0.465125083923 3.01510651509 0.288 -0.012 0.5 -1.0
* 162 16.1938869953 0.994027339318 1.04418112998 1.61 0.1 0.1 2.7705039978 -0.441592693329 3.01557202736 0.287 -0.014 0.5 -1.0
* 163 16.2943220139 0.993535501099 1.05416902742 1.62 0.1 0.1 2.77303028107 -0.414283752441 3.01656623284 0.287 -0.014 0.5 -1.0
* 164 16.3947470188 0.992943810162 1.06415150716 1.63 0.1 0.1 2.77382087708 -0.381044864655 3.01721735398 0.287 -0.015 0.5 -1.0
* 165 16.4951980114 0.992252325676 1.07412757098 1.64 0.1 0.1 2.77589893341 -0.354934215546 3.01633997361 0.288 -0.015 0.5 -1.0
* 166 16.5958790779 0.991461116787 1.08409622126 1.65 0.1 0.1 2.77915000916 -0.326403141022 3.01739461819 0.289 -0.013 0.5 -1.0
* 167 16.6964459419 0.990570262618 1.09405646116 1.66 0.1 0.1 2.77931594849 -0.298101425171 3.01826365391 0.29 -0.013 0.5 -1.0
* 168 16.7969560623 0.989579852252 1.10400729466 1.67 0.1 0.1 2.77976894379 -0.269567966461 3.01820857922 0.289 -0.015 0.5 -1.0
* 169 16.8974030018 0.98848998473 1.11394772668 1.68 0.1 0.1 2.78400325775 -0.238923072815 3.01770062844 0.289 -0.013 0.5 -1.0
* 170 16.9978659153 0.987300769037 1.12387676319 1.69 0.1 0.1 2.78244590759 -0.212027549744 3.018493251 0.289 -0.012 0.5 -1.0
* 171 17.0983688831 0.986012324094 1.13379341129 1.7 0.1 0.1 2.78552818298 -0.182235240936 3.01990766923 0.287 -0.018 0.5 -1.0
* 172 17.1989030838 0.984624778744 1.14369667934 1.71 0.1 0.1 2.78451251984 -0.151581764221 3.01858551899 0.288 -0.013 0.5 -1.0
* 173 17.2993180752 0.983138271742 1.153585577 1.72 0.1 0.1 2.78277206421 -0.122764587402 3.02105136315 0.289 -0.013 0.5 -1.0
* 174 17.399780035 0.981552951735 1.16345911539 1.73 0.1 0.1 2.79008960724 -0.0947952270508 3.02300448815 0.288 -0.013 0.5 -1.0
* 175 17.5002279282 0.979868977256 1.17331630718 1.74 0.1 0.1 2.78622722626 -0.062705039978 3.02283175389 0.288 -0.011 0.5 -1.0
* 176 17.6006429195 0.978086516699 1.18315616665 1.75 0.1 0.1 2.78759002686 -0.0383939743042 3.02352674405 0.287 -0.011 0.5 -1.0
* 177 17.7009980679 0.97620574831 1.19297770982 1.76 0.1 0.1 2.78870677948 -0.0089807510376 3.0245385925 0.289 -0.01 0.5 -1.0
* 178 17.8013899326 0.974226860164 1.20277995455 1.77 0.1 0.1 2.79067707062 0.0221571922302 3.02474148671 0.289 -0.009 0.5 -1.0
* 179 17.9018380642 0.972150050148 1.21256192062 1.78 0.1 0.1 2.79066753387 0.0463552474976 3.02565880219 0.289 -0.013 0.5 -1.0
* 180 18.0022649765 0.969975525941 1.22232262984 1.79 0.1 0.1 2.79470157623 0.0782828330994 3.02381844918 0.289 -0.009 0.5 -1.0
* 181 18.1027009487 0.967703504994 1.23206110615 1.8 0.1 0.1 2.79173755646 0.104521751404 3.02759583394 0.289 -0.009 0.5 -1.0
* 182 18.2031519413 0.965334214507 1.2417763757 1.81 0.1 0.1 2.79843616486 0.130086421967 3.02813847462 0.288 -0.011 0.5 -1.0
* 183 18.3035919666 0.962867891408 1.25146746699 1.82 0.1 0.1 2.80150699615 0.159375190735 3.02972658078 0.288 -0.009 0.5 -1.0
* 184 18.4040110111 0.960304782325 1.26113341091 1.83 0.1 0.1 2.79469490051 0.191268920898 3.02764196793 0.286 -0.016 0.5 -1.0
* 185 18.5044620037 0.957645143569 1.27077324087 1.84 0.1 0.1 2.80072975159 0.215948581696 3.02927430073 0.286 -0.016 0.5 -1.0
* 186 18.6048879623 0.954889241101 1.2803859929 1.85 0.1 0.1 2.80042743683 0.246256351471 3.03042681614 0.288 -0.011 0.5 -1.0
* 187 18.7053229809 0.952037350509 1.28997070573 1.86 0.1 0.1 2.80476951599 0.269414424896 3.02813382546 0.287 -0.012 0.5 -1.0
* 188 18.806194067 0.949089756979 1.2995264209 1.87 0.1 0.1 2.80365180969 0.301428794861 3.03217895428 0.288 -0.012 0.5 -1.0
* 189 18.9066610336 0.946046755268 1.30905218284 1.88 0.1 0.1 2.80895233154 0.328414916992 3.03052432934 0.288 -0.014 0.5 -1.0
* 190 19.0070810318 0.942908649675 1.31854703899 1.89 0.1 0.1 2.80514621735 0.357244968414 3.03232152859 0.287 -0.013 0.5 -1.0
* 191 19.1079781055 0.939675754006 1.32801003987 1.9 0.1 0.1 2.80515480042 0.391137123108 3.03332634369 0.288 -0.01 0.5 -1.0
* 192 19.2083950043 0.936348391549 1.33744023918 1.91 0.1 0.1 2.80944347382 0.412320137024 3.03415043751 0.288 -0.011 0.5 -1.0
* 193 19.308811903 0.932926895038 1.34683669392 1.92 0.1 0.1 2.80994415283 0.444279670715 3.03445644776 0.288 -0.01 0.5 -1.0
* 194 19.4092431068 0.929411606618 1.35619846444 1.93 0.1 0.1 2.81311893463 0.471907138824 3.03309150139 0.288 -0.009 0.5 -1.0
* 195 19.5096609592 0.925802877817 1.36552461458 1.94 0.1 0.1 2.81388568878 0.49892950058 3.03518803517 0.287 -0.012 0.5 -1.0
* 196 19.6101000309 0.922101069503 1.37481421173 1.95 0.1 0.1 2.81806087494 0.528797149658 3.03781230847 0.288 -0.01 0.5 -1.0
* 197 19.7106618881 0.918306551855 1.38406632694 1.96 0.1 0.1 2.8178062439 0.560313224792 3.0370068113 0.287 -0.009 0.5 -1.0
* 198 19.8111109734 0.914419704322 1.393280035 1.97 0.1 0.1 2.82069969177 0.586907863617 3.03787715832 0.287 -0.009 0.5 -1.0
* 199 19.9115378857 0.910440915584 1.40245441456 1.98 0.1 0.1 2.82407665253 0.617287635803 3.03903277318 0.288 -0.007 0.5 -1.0
* 200 20.0119650364 0.906370583517 1.41158854817 1.99 0.1 0.1 2.82780742645 0.64497756958 3.03774769703 0.287 -0.009 0.5 -1.0
* 201 20.1123859882 0.902209115152 1.42068152244 2.0 0.1 0.1 2.82957363129 0.676869392395 3.03840465943 0.288 -0.009 0.5 -1.0
* 202 20.2128069401 0.897956926631 1.42973242807 2.01 0.1 0.1 2.83544635773 0.703034877777 3.0399159948 0.288 -0.011 0.5 -1.0
* 203 20.3132300377 0.89361444317 1.43874035999 2.02 0.1 0.1 2.83480072021 0.730839729309 3.03835387627 0.288 -0.011 0.5 -1.0
* 204 20.4137029648 0.889182099013 1.4477044174 2.03 0.1 0.1 2.83563137054 0.760902404785 3.03943760792 0.287 -0.013 0.5 -1.0
* 205 20.5141510963 0.884660337392 1.45662370391 2.04 0.1 0.1 2.83711719513 0.787092685699 3.03883405129 0.288 -0.012 0.5 -1.0
* 206 20.614593029 0.880049610478 1.46549732759 2.05 0.1 0.1 2.83839130402 0.812345027924 3.03932340542 0.288 -0.01 0.5 -1.0
* 207 20.7150371075 0.87535037934 1.4743244011 2.06 0.1 0.1 2.83834934235 0.844154834747 3.03803403775 0.289 -0.009 0.5 -1.0
* 208 20.8155529499 0.870563113899 1.48310404173 2.07 0.1 0.1 2.84430408478 0.872418880463 3.03905375401 0.289 -0.011 0.5 -1.0
* 209 20.9159998894 0.865688292876 1.49183537153 2.08 0.1 0.1 2.84306526184 0.904119968414 3.03979344765 0.29 -0.009 0.5 -1.0
* 210 21.0164439678 0.860726403748 1.50051751736 2.09 0.1 0.1 2.84506702423 0.931137084961 3.03631825844 0.289 -0.009 0.5 -1.0
* 211 21.1168670654 0.855677942702 1.50914961103 2.1 0.1 0.1 2.84447479248 0.953501224518 3.03933818738 0.289 -0.015 0.5 -1.0
* 212 21.2173938751 0.850543414579 1.51773078932 2.11 0.1 0.1 2.84862804413 0.989461421967 3.03739996354 0.29 -0.011 0.5 -1.0
* 213 21.3178598881 0.845323332828 1.52626019414 2.12 0.1 0.1 2.84921550751 1.01551866531 3.03751678864 0.288 -0.012 0.5 -1.0
* 214 21.4185600281 0.840018219452 1.53473697254 2.13 0.1 0.1 2.85002231598 1.03796291351 3.04194529454 0.288 -0.011 0.5 -1.0
* 215 21.5201818943 0.834628604958 1.54316027686 2.14 0.1 0.1 2.85305118561 1.07540416718 3.04175157944 0.289 -0.008 0.5 -1.0
* 216 21.6211500168 0.829155028303 1.55152926477 2.15 0.1 0.1 2.8546667099 1.09900522232 3.0404511253 0.288 -0.009 0.5 -1.0
* 217 21.7217268944 0.82359803684 1.55984309937 2.16 0.1 0.1 2.85381031036 1.1237859726 3.04724367062 0.289 -0.007 0.5 -1.0
* 218 21.8227620125 0.817958186265 1.5681009493 2.17 0.1 0.1 2.86010456085 1.15745401382 3.05584462086 0.289 -0.004 0.5 -1.0
* 219 21.9233388901 0.812236040556 1.57630198878 2.18 0.1 0.1 2.84819412231 1.17683935165 3.08260770241 0.289 -0.002 0.5 -1.0
* 220 22.0237810612 0.806432171925 1.5844453977 2.19 0.1 0.1 2.8398065567 1.20374441147 3.14057190815 0.289 0.0 0.5 -1.0
* 221 22.1242320538 0.800547160752 1.59253036174 2.2 0.1 0.1 2.81816768646 1.2266869545 3.23630423943 0.29 0.002 0.5 -1.0
* 222 22.2246780396 0.794581595535 1.60055607241 2.21 0.1 0.1 2.78299331665 1.25137090683 3.34078021447 0.289 0.002 0.5 -1.0
* 223 22.3257069588 0.788536072824 1.60852172713 2.22 0.1 0.1 2.75601577759 1.27874517441 3.4489211599 0.29 0.005 0.5 -1.0
* 224 22.4261379242 0.782411197168 1.61642652935 2.23 0.1 0.1 2.74366092682 1.31929540634 3.527255253 0.289 0.0 0.5 -1.0
* 225 22.5270090103 0.776207581047 1.6242696886 2.24 0.1 0.1 2.67485618591 1.42065286636 3.54638154904 0.291 0.003 0.5 -1.0
* 226 22.6280179024 0.76992584482 1.63205042057 2.25 0.1 0.1 2.64190483093 1.43710374832 3.6566453735 0.291 0.005 0.5 -1.0
* 227 22.7284729481 0.763566616654 1.63976794719 2.26 0.1 0.1 2.59321403503 1.35117769241 3.66814144055 0.29 0.004 0.5 -1.0
* 228 22.8290960789 0.757130532467 1.64742149672 2.27 0.1 0.1 2.54491329193 1.3708190918 3.75777514378 0.291 0.003 0.5 -1.0
* 229 22.9296219349 0.750618235862 1.6550103038 2.28 0.1 0.1 2.49238777161 1.39424133301 3.84813530842 0.291 0.002 0.5 -1.0
* 230 23.0308120251 0.744030378063 1.66253360956 2.29 0.1 0.1 2.44749450684 1.40850734711 3.92911870877 0.291 0.003 0.5 -1.0
* 231 23.1313920021 0.73736761785 1.66999066168 2.3 0.1 0.1 2.39977073669 1.42172002792 4.00568850438 0.292 0.004 0.5 -1.0
* 232 23.2319579124 0.730630621494 1.67738071446 2.31 0.1 0.1 2.35962486267 1.43408203125 4.08094580571 0.292 0.006 0.5 -1.0
* 233 23.3324429989 0.723820062689 1.6847030289 2.32 0.1 0.1 2.31243515015 1.44394445419 4.14746458928 0.292 0.005 0.5 -1.0
* 234 23.4329760075 0.716936622485 1.69195687278 2.33 0.1 0.1 2.26514530182 1.45300722122 4.20819170872 0.291 0.005 0.449667191422 -1.0
* 235 23.5335199833 0.70998098922 1.69914152071 2.34 0.1 0.1 2.2248544693 1.45474624634 4.27336461941 0.289 -0.002 0.341081041898 -1.0
* 236 23.6339700222 0.702953858452 1.70625625424 2.35 0.1 0.1 2.17158603668 1.45386266708 4.3319876949 0.272 -0.087 0.237029745036 -1.0
* 237 23.734459877 0.695855932889 1.7133003619 2.36 0.1 0.1 2.11583423615 1.40799713135 4.34031804005 0.25 -0.2 0.166692071046 -1.0
* 238 23.8349030018 0.688687922316 1.72027313928 2.37 0.1 0.1 2.07339954376 1.40307998657 4.39963276783 0.213 -0.381 0.0663925606284 -1.0
* 239 23.9353330135 0.681450543529 1.72717388911 2.38 0.1 0.1 2.03643417358 1.39618206024 4.44222648541 0.182 -0.529 -0.00920055315662 -1.0
* 240 24.0358660221 0.67414452026 1.73400192133 2.39 0.1 0.1 2.00025081635 1.3961057663 4.47711546818 0.121 -0.726 -0.0667040822586 -1.0
* 241 24.1365430355 0.666770583104 1.74075655314 2.4 0.1 0.1 1.97698116302 1.38535928726 4.52651532094 0.077 -0.797 -0.148201924869 -1.0
* 242 24.237293005 0.65932946945 1.74743710907 2.41 0.1 0.1 1.94272518158 1.37077999115 4.58116562764 0.019 -0.804 -0.239554135893 -1.0
* 243 24.337749958 0.651821923403 1.75404292109 2.42 0.1 0.1 1.9156999588 1.35462999344 4.62701232831 0.02 -0.761 -0.317923326325 -1.0
* 244 24.4381918907 0.644248695711 1.7605733286 2.43 0.1 0.1 1.90076541901 1.3472237587 4.65584261815 0.068 -0.653 -0.365298417072 -1.0
* 245 24.5391740799 0.63661054369 1.76702767858 2.44 0.1 0.1 1.91151714325 1.3416633606 4.66238553921 0.105 -0.548 -0.382336691776 -1.0
* 246 24.6401209831 0.62890823115 1.77340532561 2.45 0.1 0.1 1.93866920471 1.34786844254 4.673713998 0.153 -0.417 -0.394439081482 -1.0
* 247 24.741024971 0.621142528314 1.77970563191 2.46 0.1 0.1 1.96641635895 1.34877157211 4.67376692692 0.177 -0.361 -0.397291355261 -1.0
* 248 24.8414669037 0.613314211748 1.78592796746 2.47 0.1 0.1 1.99974536896 1.34852743149 4.6728952686 0.202 -0.296 -0.399669332472 -1.0
* 249 24.9420609474 0.605424064276 1.79207171004 2.48 0.1 0.1 2.02350330353 1.34999084473 4.67257221142 0.211 -0.275 -0.401473519294 -1.0
* 250 25.042454958 0.597472874906 1.79813624527 2.49 0.1 0.1 2.04615592957 1.35393428802 4.66734726826 0.223 -0.245 -0.394207416136 -1.0
* 251 25.1430330276 0.58946143875 1.80412096671 2.5 0.1 0.1 2.07399749756 1.35251235962 4.66314371029 0.227 -0.231 -0.392555392508 -1.0
* 252 25.2436571121 0.581390556946 1.81002527589 2.51 0.1 0.1 2.096367836 1.35332107544 4.65327365796 0.231 -0.227 -0.380576412116 -1.0
* 253 25.3443059921 0.573261036575 1.81584858239 2.52 0.1 0.1 2.1237077713 1.35288524628 4.64620001713 0.231 -0.224 -0.372899177099 -1.0
* 254 25.4448668957 0.565073690582 1.82159030387 2.53 0.1 0.1 2.14516925812 1.35025787354 4.63423808018 0.229 -0.238 -0.359556767775 -1.0
* 255 25.545263052 0.556829337696 1.82724986618 2.54 0.1 0.1 2.16107082367 1.35244226456 4.62040503422 0.227 -0.249 -0.338702739789 -1.0
* 256 25.6460130215 0.548528802343 1.83282670335 2.55 0.1 0.1 2.18178844452 1.3512635231 4.60745842854 0.222 -0.274 -0.321013604905 -1.0
* 257 25.7467060089 0.540172914572 1.83832025771 2.56 0.1 0.1 2.20572662354 1.34806585312 4.59401472012 0.214 -0.314 -0.303138598491 -1.0
* 258 25.8475730419 0.531762509963 1.84372997992 2.57 0.1 0.1 2.22239875793 1.35093832016 4.57764680783 0.208 -0.347 -0.275008969745 -1.0
* 259 25.9479908943 0.523298429551 1.84905532899 2.58 0.1 0.1 2.24036216736 1.34843683243 4.55491907994 0.198 -0.402 -0.239898527531 -1.0
* 260 26.0483798981 0.514781519736 1.85429577241 2.59 0.1 0.1 2.24746894836 1.34933614731 4.5243371288 0.19 -0.446 -0.188907562313 -1.0
* 261 26.1488740444 0.506212632203 1.85945078613 2.6 0.1 0.1 2.26803684235 1.3491859436 4.48798211018 0.172 -0.532 -0.12509765067 -1.0
* 262 26.2494130135 0.497592623832 1.86451985465 2.61 0.1 0.1 2.27973937988 1.34892892838 4.44346435467 0.153 -0.623 -0.0469468137774 -1.0
* 263 26.3499569893 0.488922356617 1.86950247108 2.62 0.1 0.1 2.30445957184 1.34557580948 4.40503795544 0.125 -0.747 0.0231823374333 -1.0
* 264 26.450387001 0.480202697579 1.87439813714 2.63 0.1 0.1 2.3386554718 1.39351558685 4.41765387455 0.094 -0.828 0.0494917521497 -1.0
* 265 26.550798893 0.471434518675 1.87920636329 2.64 0.1 0.1 2.34372425079 1.40121603012 4.3703110973 0.04 -0.885 0.14246809361 -1.0
* 266 26.651335001 0.462618696716 1.88392666871 2.65 0.1 0.1 2.34017372131 1.40670633316 4.32543881337 0.016 -0.891 0.227043075041 -1.0
* 267 26.7521519661 0.453756113277 1.88855858136 2.66 0.1 0.1 2.34138584137 1.41383981705 4.28853209416 0.037 -0.81 0.300351543818 -1.0
* 268 26.8527450562 0.44484765461 1.89310163805 2.67 0.1 0.1 2.32657527924 1.41631221771 4.25258262555 0.072 -0.726 0.362101148756 -1.0
* 269 26.9531691074 0.435894211551 1.8975553845 2.68 0.1 0.1 2.31648159027 1.42467737198 4.23835380475 0.124 -0.576 0.391179710304 -1.0
* 270 27.0537230968 0.426896679439 1.90191937532 2.69 0.1 0.1 2.29220294952 1.43621683121 4.23448331753 0.154 -0.478 0.3984921942 -1.0
* 271 27.155025959 0.417855958019 1.90619317412 2.7 0.1 0.1 2.26996994019 1.44548940659 4.23673184315 0.188 -0.366 0.39409638507 -1.0
* 272 27.2557249069 0.408772951355 1.91037635353 2.71 0.1 0.1 2.24981307983 1.45696020126 4.23491223256 0.203 -0.319 0.399520333434 -1.0
* 273 27.3562428951 0.399648567741 1.91446849523 2.72 0.1 0.1 2.2279176712 1.47036123276 4.22448475758 0.216 -0.285 0.420654603777 -1.0
* 274 27.4568550587 0.390483719608 1.91846919 2.73 0.1 0.1 2.20716667175 1.47895336151 4.22420366208 0.223 -0.263 0.420908045784 -1.0
* 275 27.5574650764 0.381279323432 1.92237803779 2.74 0.1 0.1 2.18379402161 1.49141359329 4.20946152607 0.235 -0.225 0.447696346528 -1.0
* 276 27.6580810547 0.372036299646 1.92619464771 2.75 0.1 0.1 2.15968418121 1.50164175034 4.19565899769 0.241 -0.203 0.470415050387 -1.0
* 277 27.7585361004 0.362755572544 1.92991863811 2.76 0.1 0.1 2.13356876373 1.51540279388 4.19123943249 0.253 -0.155 0.479072725371 -1.0
* 278 27.8593809605 0.353438070191 1.93354963658 2.77 0.1 0.1 2.11471271515 1.52436590195 4.19094498555 0.26 -0.125 0.480434336959 -1.0
* 279 27.9606339931 0.344084724329 1.93708728003 2.78 0.1 0.1 2.08781909943 1.53843927383 4.18413837353 0.269 -0.088 0.49281006043 -1.0
* 280 28.0615251064 0.334696470287 1.9405312147 2.79 0.1 0.1 2.05722045898 1.55415391922 4.1820667545 0.272 -0.076 0.497020865193 -1.0
* 281 28.1619720459 0.32527424688 1.94388109621 2.8 0.1 0.1 2.03293609619 1.56444597244 4.18845374981 0.277 -0.057 0.486530997449 -1.0
* 282 28.2624959946 0.315818996324 1.94713658955 2.81 0.1 0.1 2.00642204285 1.57854366302 4.18430383603 0.281 -0.044 0.494770228328 -1.0
* 283 28.3640599251 0.306331664135 1.95029736919 2.82 0.1 0.1 1.98440551758 1.59042978287 4.18479283253 0.281 -0.042 0.496081613017 -1.0
* 284 28.4644680023 0.29681319904 1.95336311906 2.83 0.1 0.1 1.96239185333 1.59985351562 4.18628652493 0.282 -0.033 0.494050891748 -1.0
* 285 28.5655419827 0.287264552876 1.95633353257 2.84 0.1 0.1 1.93221187592 1.61382198334 4.18534572522 0.285 -0.024 0.495697916059 -1.0
* 286 28.6662819386 0.277686680501 1.95920831269 2.85 0.1 0.1 1.90985965729 1.62807559967 4.18756063382 0.284 -0.023 0.496380067616 -1.0
* 287 28.7671630383 0.268080539693 1.96198717195 2.86 0.1 0.1 1.88099098206 1.6391916275 4.190232114 0.286 -0.018 0.491213244493 -1.0
* 288 28.8679099083 0.258447091058 1.96466983246 2.87 0.1 0.1 1.8596124649 1.64884281158 4.19766624371 0.286 -0.015 0.481377632597 -1.0
* 289 28.9685308933 0.248787297934 1.96725602596 2.88 0.1 0.1 1.83842945099 1.65826129913 4.2121785442 0.286 -0.014 0.461281315713 -1.0
* 290 29.0689780712 0.239102126292 1.96974549382 2.89 0.1 0.1 1.81880378723 1.67191028595 4.20422084729 0.283 -0.029 0.478323601982 -1.0
* 291 29.1694219112 0.229392544641 1.97213798712 2.9 0.1 0.1 1.79403877258 1.64013671875 4.23228748242 0.281 -0.039 0.405078745316 -1.0
* 292 29.2698481083 0.21965952393 1.97443326659 2.91 0.1 0.1 1.76545524597 1.62669467926 4.31963022152 0.275 -0.065 0.256908432219 -1.0
* 293 29.3703629971 0.209904037454 1.97663110271 2.92 0.1 0.1 1.73499107361 1.60311031342 4.40485318104 0.26 -0.142 0.10271413291 -1.0
* 294 29.4708530903 0.200127060754 1.9787312757 2.93 0.1 0.1 1.70617866516 1.58436107635 4.47601397435 0.209 -0.384 -0.0248859488493 -1.0
* 295 29.5713939667 0.190329571518 1.98073357555 2.94 0.1 0.1 1.68412876129 1.5691857338 4.52767522732 0.163 -0.573 -0.117664852233 -1.0
* 296 29.6726300716 0.180512549488 1.98263780202 2.95 0.1 0.1 1.66095256805 1.56430578232 4.52549775044 0.089 -0.665 -0.121601569396 -1.0
* 297 29.773168087 0.170676976358 1.9844437647 2.96 0.1 0.1 1.65613555908 1.56280517578 4.51044662396 0.039 -0.682 -0.100526173091 -1.0
* 298 29.8737049103 0.160823835676 1.98615128299 2.97 0.1 0.1 1.66176700592 1.56864833832 4.50537259976 0.008 -0.723 -0.0856169161278 -1.0
* 299 29.9743139744 0.150954112749 1.98776018614 2.98 0.1 0.1 1.66590881348 1.56276702881 4.4779511253 0.027 -0.764 -0.0474634671888 -1.0
* 300 30.0752639771 0.141068794541 1.98927031326 2.99 0.1 0.1 1.68159198761 1.5689330101 4.43858368794 0.041 -0.84 0.0227682338533 -1.0
* 301 30.1758100986 0.131168869575 1.99068151334 3.0 0.1 0.1 1.68640804291 1.56606721878 4.39187939564 0.038 -0.892 0.0952886748812 -1.0
* 302 30.2762870789 0.121255327835 1.99199364526 3.01 0.1 0.1 1.70413303375 1.56251144409 4.42446525494 0.011 -0.925 0.0491314382116 -1.0
* 303 30.3769021034 0.111329160668 1.99320657781 3.02 0.1 0.1 1.70808887482 1.56319856644 4.37817819516 0.014 -0.916 0.125829064072 -1.0
* 304 30.4774580002 0.101391360682 1.9943201897 3.03 0.1 0.1 1.70662879944 1.57453298569 4.33737237851 0.035 -0.933 0.201861247637 -1.0
* 305 30.5780200958 0.0914429216485 1.99533436956 3.04 0.1 0.1 1.69802951813 1.57988977432 4.29269655148 0.056 -0.895 0.276490635648 -1.0
* 306 30.6786849499 0.0814848384031 1.99624901599 3.05 0.1 0.1 1.69034671783 1.5860915184 4.25947816769 0.095 -0.778 0.333969213854 -1.0
* 307 30.7792739868 0.071518106746 1.9970640375 3.06 0.1 0.1 1.67656803131 1.58893108368 4.24171908299 0.123 -0.68 0.36229724031 -1.0
* 308 30.8798151016 0.0615437233419 1.99777935262 3.07 0.1 0.1 1.66088581085 1.59285783768 4.24156196515 0.154 -0.558 0.363704217957 -1.0
* 309 30.9803431034 0.0515626856209 1.99839488979 3.08 0.1 0.1 1.64619064331 1.59588670731 4.24143655697 0.175 -0.479 0.36482524777 -1.0
* 310 31.0811579227 0.0415759916786 1.99891058747 3.09 0.1 0.1 1.63224124908 1.59709692001 4.25027330319 0.195 -0.406 0.351275054763 -1.0
* 311 31.1819159985 0.0315846401758 1.9993263941 3.1 0.1 0.1 1.616979599 1.58946084976 4.28392322461 0.204 -0.376 0.292401387606 -1.0
* 312 31.2825078964 0.0215896302396 1.99964226808 3.11 0.1 0.1 1.59707641602 1.55266809464 4.37320335309 0.207 -0.372 0.121754031884 -1.0
* 313 31.3831050396 0.0115919613624 1.99985817784 3.12 0.1 0.1 1.58307409286 1.52767467499 4.45905454556 0.195 -0.438 -0.0333753960404 -1.0
* 314 31.4836330414 0.001592633303 1.99997410178 3.13 0.1 0.1 1.56792593002 1.50743341446 4.51652439038 0.153 -0.619 -0.14050676218 -1.0
* 315 31.5841488838 -0.00840735401428 1.99999002831 3.14 0.1 0.1 1.55560064316 1.50248336792 4.514389352 0.097 -0.701 -0.140955270845 -1.0
* 316 31.6847510338 -0.018407000599 1.99990595583 3.15 0.1 0.1 1.54256486893 1.49842977524 4.48568947712 0.023 -0.693 -0.0994606311098 -1.0
* 317 31.7853019238 -0.0284053064948 1.99972189277 3.16 0.1 0.1 1.55927658081 1.50034236908 4.47930510441 0.01 -0.7 -0.0812628560661 -1.0
* 318 31.8860280514 -0.0384012718795 1.99943785751 3.17 0.1 0.1 1.57146835327 1.49687194824 4.44900377194 0.035 -0.767 -0.0301214160694 -1.0
* 319 31.9867479801 -0.0483938971648 1.99905387846 3.18 0.1 0.1 1.57415437698 1.50400829315 4.41070278088 0.041 -0.838 0.0417502485736 -1.0
* 320 32.08761096 -0.0583821830966 1.99856999403 3.19 0.1 0.1 1.59135103226 1.50507211685 4.37392099301 0.033 -0.889 0.111030248476 -1.0
* 321 32.1882040501 -0.0683651308545 1.99798625259 3.2 0.1 0.1 1.60412597656 1.50490951538 4.33805926243 0.005 -0.909 0.177888636301 -1.0
* 322 32.2886619568 -0.0783417421522 1.99730271253 3.21 0.1 0.1 1.60424041748 1.51076793671 4.28999813 0.031 -0.882 0.266269286569 -1.0
* 323 32.389690876 -0.0883110193368 1.9965194422 3.22 0.1 0.1 1.59892559052 1.51562404633 4.25923784176 0.077 -0.778 0.323565171418 -1.0
* 324 32.490238905 -0.0982719654888 1.99563651992 3.23 0.1 0.1 1.58556985855 1.52046966553 4.23987825314 0.101 -0.701 0.358981253105 -1.0
* 325 32.5910201073 -0.108223584522 1.99465403398 3.24 0.1 0.1 1.57375097275 1.53023052216 4.21782668034 0.146 -0.551 0.402926766753 -1.0
* 326 32.6915900707 -0.118164881283 1.99357208263 3.25 0.1 0.1 1.55036449432 1.53768444061 4.21020372311 0.17 -0.464 0.416819593896 -1.0
* 327 32.7920210361 -0.12809486165 1.99239077407 3.26 0.1 0.1 1.53197336197 1.53872585297 4.22148998181 0.201 -0.35 0.397973667144 -1.0
* 328 32.8927230835 -0.138012532633 1.99111022643 3.27 0.1 0.1 1.5186920166 1.56033325195 4.25458677212 0.216 -0.301 0.363381403016 -1.0
* 329 32.9931459427 -0.147916902474 1.98973056776 3.28 0.1 0.1 1.49907302856 1.56860733032 4.25858648221 0.223 -0.284 0.361839894359 -1.0
* 330 33.0935928822 -0.157806980744 1.98825193602 3.29 0.1 0.1 1.47261476517 1.580078125 4.23796804348 0.223 -0.295 0.398386500495 -1.0
* 331 33.1941308975 -0.167681778443 1.98667447908 3.3 0.1 0.1 1.45473766327 1.59326076508 4.21414478222 0.224 -0.297 0.443881434689 -1.0
* 332 33.2946920395 -0.1775403081 1.98499835468 3.31 0.1 0.1 1.43229722977 1.60185337067 4.2075780193 0.231 -0.269 0.457199710163 -1.0
* 333 33.3952610493 -0.18738158387 1.98322373043 3.32 0.1 0.1 1.41570520401 1.60924339294 4.20367200772 0.246 -0.199 0.46802687821 -1.0
* 334 33.4958639145 -0.197204621633 1.98135078379 3.33 0.1 0.1 1.38506937027 1.62643623352 4.190191106 0.254 -0.161 0.494261822093 -1.0
* 335 33.5963110924 -0.207008439095 1.97937970207 3.34 0.1 0.1 1.36189174652 1.63579750061 4.19444425503 0.265 -0.114 0.491698348752 -1.0
* 336 33.6967320442 -0.21679205588 1.97731068235 3.35 0.1 0.1 1.34070730209 1.6482219696 4.19977815548 0.269 -0.095 0.491028798166 -1.0
* 337 33.7974429131 -0.226554493637 1.97514393154 3.36 0.1 0.1 1.30845880508 1.66390132904 4.19758088986 0.276 -0.065 0.49888636272 -1.0
* 338 33.8980140686 -0.236294776129 1.97287966633 3.37 0.1 0.1 1.2829451561 1.67119598389 4.1950674812 0.279 -0.053 0.5 -1.0
* 339 33.9985229969 -0.246011929336 1.97051811312 3.38 0.1 0.1 1.25903558731 1.68074321747 4.19602401654 0.283 -0.039 0.5 -1.0
* 340 34.0990419388 -0.255704981551 1.96805950808 3.39 0.1 0.1 1.22334671021 1.69764900208 4.19303162495 0.284 -0.03 0.5 -1.0
* 341 34.1994431019 -0.265372963477 1.96550409706 3.4 0.1 0.1 1.2054977417 1.70448303223 4.19536812703 0.286 -0.025 0.5 -1.0
* 342 34.3004670143 -0.275014908323 1.9628521356 3.41 0.1 0.1 1.17233324051 1.71321773529 4.18412883679 0.287 -0.02 0.5 -1.0
* 343 34.4010469913 -0.284629851904 1.9601038889 3.42 0.1 0.1 1.14074993134 1.72499656677 4.18225105206 0.287 -0.017 0.5 -1.0
* 344 34.5016219616 -0.294216832732 1.95725963177 3.43 0.1 0.1 1.12257671356 1.73607730865 4.18494971196 0.287 -0.016 0.5 -1.0
* 345 34.6022109985 -0.303774892119 1.95431964865 3.44 0.1 0.1 1.09466409683 1.74889278412 4.18789894978 0.288 -0.011 0.5 -1.0
* 346 34.7027230263 -0.313303074265 1.95128423352 3.45 0.1 0.1 1.06916189194 1.75888442993 4.18433936039 0.288 -0.011 0.5 -1.0
* 347 34.8032341003 -0.32280042636 1.94815368993 3.46 0.1 0.1 1.04084062576 1.78353977203 4.19446857373 0.288 -0.011 0.5 -1.0
* 348 34.9039049149 -0.332265998678 1.94492833092 3.47 0.1 0.1 1.0118689537 1.7999124527 4.19625957409 0.287 -0.014 0.5 -1.0
* 349 35.0045421124 -0.341698844668 1.94160847904 3.48 0.1 0.1 0.994073390961 1.81132411957 4.20236094395 0.288 -0.011 0.5 -1.0
* 350 35.1050798893 -0.351098021055 1.93819446626 3.49 0.1 0.1 0.966728210449 1.82493972778 4.21318872372 0.289 -0.007 0.5 -1.0
* 351 35.2057459354 -0.360462587928 1.93468663399 3.5 0.1 0.1 0.93692779541 1.82758522034 4.22691352765 0.29 -0.004 0.5 -1.0
* 352 35.3063409328 -0.369791608838 1.93108533299 3.51 0.1 0.1 0.896873474121 1.82364368439 4.25446422497 0.29 -0.002 0.486543887811 -1.0
* 353 35.4068410397 -0.379084150891 1.92739092341 3.52 0.1 0.1 0.863142490387 1.82014274597 4.33790548245 0.291 -0.001 0.384250761192 -1.0
* 354 35.5079040527 -0.388339284841 1.92360377467 3.53 0.1 0.1 0.821797847748 1.82337474823 4.41897304455 0.281 -0.048 0.289344029857 -1.0
* 355 35.6083788872 -0.397556085183 1.91972426549 3.54 0.1 0.1 0.792191505432 1.79989910126 4.52510888974 0.263 -0.136 0.147734091038 -1.0
* 356 35.7088849545 -0.406733630242 1.91575278382 3.55 0.1 0.1 0.752622127533 1.77057266235 4.63574774663 0.22 -0.343 -0.00324996452302 -1.0
* 357 35.8093850613 -0.415871002274 1.91168972679 3.56 0.1 0.1 0.728417396545 1.73119163513 4.72863282759 0.172 -0.516 -0.1381910399 -1.0
* 358 35.9099009037 -0.424967287547 1.90753550073 3.57 0.1 0.1 0.705814361572 1.69779682159 4.82777347167 0.1 -0.629 -0.270782694701 -1.0
* 359 36.0104150772 -0.434021576442 1.90329052103 3.58 0.1 0.1 0.69323348999 1.66817474365 4.92565264304 0.037 -0.619 -0.394922453874 -1.0
* 360 36.1109828949 -0.443032963537 1.8989552122 3.59 0.1 0.1 0.693487644196 1.63794994354 5.02921237548 0.051 -0.483 -0.5 -1.0
* 361 36.2115559578 -0.4520005477 1.89453000777 3.6 0.1 0.1 0.703335762024 1.60883235931 5.13560976584 0.1 -0.381 -0.5 -1.0
* 362 36.3120861053 -0.460923432181 1.89001535025 3.61 0.1 0.1 0.714059352875 1.5887131691 5.21552719672 0.157 -0.271 -0.5 -1.0
* 363 36.4126369953 -0.469800724699 1.8854116911 3.62 0.1 0.1 0.729203701019 1.58438014984 5.25977029402 0.184 -0.215 -0.5 -1.0
* 364 36.5132598877 -0.478631537532 1.88071949069 3.63 0.1 0.1 0.743927955627 1.57155656815 5.29866137107 0.212 -0.169 -0.5 -1.0
* 365 36.6139390469 -0.487414987605 1.87593921823 3.64 0.1 0.1 0.799091339111 1.56737518311 5.30129708846 0.229 -0.142 -0.5 -1.0
* 366 36.7145500183 -0.496150196582 1.87107135174 3.65 0.1 0.1 0.824213504791 1.58636713028 5.30465020735 0.246 -0.107 -0.5 -1.0
* 367 36.815030098 -0.504836290948 1.86611637801 3.66 0.1 0.1 0.850490570068 1.60387039185 5.30422916014 0.255 -0.089 -0.5 -1.0
* 368 36.9156939983 -0.513472402102 1.86107479253 3.67 0.1 0.1 0.869149684906 1.62493991852 5.30521859725 0.265 -0.073 -0.5 -1.0
* 369 37.0163199902 -0.52205766644 1.85594709946 3.68 0.1 0.1 0.896869659424 1.64933490753 5.31110324462 0.27 -0.063 -0.5 -1.0
* 370 37.1169860363 -0.530591225441 1.85073381156 3.69 0.1 0.1 0.915046691895 1.66829776764 5.30826272566 0.275 -0.051 -0.5 -1.0
* 371 37.2175540924 -0.539072225759 1.84543545015 3.7 0.1 0.1 0.938694000244 1.68712043762 5.309645315 0.277 -0.043 -0.5 -1.0
* 372 37.3181269169 -0.547499819298 1.84005254506 3.71 0.1 0.1 0.965004444122 1.70960140228 5.31326546271 0.279 -0.032 -0.5 -1.0
* 373 37.4187180996 -0.555873163308 1.83458563459 3.72 0.1 0.1 0.981361865997 1.69878482819 5.28736962874 0.279 -0.026 -0.5 -1.0
* 374 37.5193428993 -0.56419142046 1.82903526542 3.73 0.1 0.1 0.993717670441 1.70353984833 5.28325833876 0.279 -0.015 -0.5 -1.0
* 375 37.6199510098 -0.572453758937 1.82340199258 3.74 0.1 0.1 1.00573253632 1.7139787674 5.31483783324 0.278 -0.011 -0.5 -1.0
* 376 37.720361948 -0.58065935251 1.81768637939 3.75 0.1 0.1 1.02888154984 1.69578170776 5.3655082186 0.28 -0.007 -0.5 -1.0
* 377 37.8207941055 -0.588807380628 1.81188899742 3.76 0.1 0.1 1.0330824852 1.67835140228 5.41742481787 0.279 -0.003 -0.5 -1.0
* 378 37.9213869572 -0.596897028494 1.80601042638 3.77 0.1 0.1 1.03506231308 1.65837097168 5.45445408423 0.279 -0.002 -0.5 -1.0
* 379 38.0218451023 -0.604927487151 1.80005125414 3.78 0.1 0.1 1.0319814682 1.64889812469 5.47260202963 0.28 -0.004 -0.5 -1.0
* 380 38.1224908829 -0.612897953559 1.79401207661 3.79 0.1 0.1 1.04343795776 1.64520740509 5.48539151747 0.28 -0.005 -0.5 -1.0
* 381 38.2230660915 -0.620807630678 1.7878934977 3.8 0.1 0.1 1.05137634277 1.64014625549 5.49327721198 0.281 -0.008 -0.5 -1.0
* 382 38.3236439228 -0.628655727547 1.78169612927 3.81 0.1 0.1 1.05802154541 1.63969993591 5.50368823607 0.281 -0.008 -0.5 -1.0
* 383 38.4241859913 -0.636441459363 1.77542059104 3.82 0.1 0.1 1.06433010101 1.63256072998 5.52313842375 0.281 -0.005 -0.5 -1.0
* 384 38.5247180462 -0.64416404756 1.76906751056 3.83 0.1 0.1 1.06403970718 1.62214565277 5.5371509989 0.281 -0.007 -0.5 -1.0
* 385 38.6252410412 -0.651822719884 1.76263752314 3.84 0.1 0.1 1.07259654999 1.61393070221 5.54901494582 0.282 -0.009 -0.5 -1.0
* 386 38.725769043 -0.659416710476 1.75613127177 3.85 0.1 0.1 1.07612466812 1.60882377625 5.55889572699 0.281 -0.005 -0.5 -1.0
* 387 38.8263869286 -0.666945259941 1.74954940707 3.86 0.1 0.1 1.08084249496 1.60748767853 5.55878247817 0.281 -0.006 -0.5 -1.0
* 388 38.9268639088 -0.674407615433 1.74289258722 3.87 0.1 0.1 1.09122371674 1.61088275909 5.55760135253 0.28 -0.005 -0.5 -1.0
* 389 39.0276069641 -0.68180303072 1.73616147789 3.88 0.1 0.1 1.09186410904 1.61279678345 5.55563344557 0.281 -0.005 -0.5 -1.0
* 390 39.1281499863 -0.689130766269 1.7293567522 3.89 0.1 0.1 1.10099029541 1.61022663116 5.55381526549 0.281 -0.006 -0.5 -1.0
* 391 39.2288680077 -0.696390089311 1.72247909061 3.9 0.1 0.1 1.10879421234 1.61154651642 5.54939188559 0.281 -0.007 -0.5 -1.0
* 392 39.3292989731 -0.70358027392 1.71552918088 3.91 0.1 0.1 1.10633468628 1.61243152618 5.54000176985 0.281 -0.007 -0.5 -1.0
* 393 39.4297149181 -0.710700601084 1.70850771799 3.92 0.1 0.1 1.11243057251 1.61204624176 5.53216900427 0.281 -0.007 -0.5 -1.0
* 394 39.5300889015 -0.717750358776 1.70141540409 3.93 0.1 0.1 1.11999750137 1.60794448853 5.52445711692 0.28 -0.004 -0.5 -1.0
* 395 39.630628109 -0.724728842026 1.6942529484 3.94 0.1 0.1 1.11789464951 1.60477828979 5.51951446135 0.281 -0.005 -0.5 -1.0
* 396 39.7310760021 -0.731635352992 1.68702106716 3.95 0.1 0.1 1.12980127335 1.59920406342 5.51388277609 0.281 -0.006 -0.5 -1.0
* 397 39.8315119743 -0.738469201027 1.67972048355 3.96 0.1 0.1 1.13233852386 1.59414291382 5.50726642211 0.282 -0.006 -0.5 -1.0
* 398 39.9319479465 -0.745229702754 1.67235192763 3.97 0.1 0.1 1.1323132515 1.59177684784 5.50305523474 0.281 -0.006 -0.5 -1.0
* 399 40.0325119495 -0.751916182128 1.66491613624 3.98 0.1 0.1 1.1240696907 1.60028457642 5.4993409117 0.281 -0.005 -0.5 -1.0
* 400 40.1329300404 -0.758527970506 1.65741385295 3.99 0.1 0.1 1.14549922943 1.58258485794 5.50333609183 0.28 -0.003 -0.5 -1.0
* 401 40.2335000038 -0.765064406714 1.649845828 4.0 0.1 0.1 1.1464600563 1.58287191391 5.5009745558 0.28 -0.005 -0.5 -1.0
* 402 40.3340690136 -0.771524837116 1.64221281817 4.01 0.1 0.1 1.13730669022 1.59161376953 5.49463452895 0.28 -0.004 -0.5 -1.0
* 403 40.4345018864 -0.777908615672 1.63451558677 4.02 0.1 0.1 1.15444993973 1.57891368866 5.48885860045 0.28 -0.003 -0.5 -1.0
* 404 40.5350160599 -0.784215104011 1.62675490349 4.03 0.1 0.1 1.16277980804 1.57724237442 5.48188438018 0.28 -0.003 -0.5 -1.0
* 405 40.6355340481 -0.790443671489 1.61893154442 4.04 0.1 0.1 1.15423727036 1.58810806274 5.47422899802 0.281 -0.006 -0.5 -1.0
* 406 40.7361040115 -0.796593695254 1.61104629188 4.05 0.1 0.1 1.17528533936 1.57702541351 5.47049679358 0.28 -0.004 -0.5 -1.0
* 407 40.8367230892 -0.802664560309 1.60309993438 4.06 0.1 0.1 1.17842531204 1.57872247696 5.46318139632 0.28 -0.005 -0.5 -1.0
* 408 40.9371540546 -0.808655659574 1.59509326656 4.07 0.1 0.1 1.18421030045 1.57613897324 5.45828594763 0.281 -0.005 -0.5 -1.0
* 409 41.0388879776 -0.814566393941 1.58702708907 4.08 0.1 0.1 1.18160772324 1.57981395721 5.45215310652 0.281 -0.005 -0.5 -1.0
* 410 41.1398689747 -0.820396172344 1.57890220853 4.09 0.1 0.1 1.1943230629 1.57744455338 5.45283641417 0.281 -0.003 -0.5 -1.0
* 411 41.2404129505 -0.82614441181 1.57071943742 4.1 0.1 0.1 1.19916677475 1.57588100433 5.45001687606 0.281 -0.003 -0.5 -1.0
* 412 41.3408589363 -0.831810537518 1.56247959401 4.11 0.1 0.1 1.20469713211 1.5779633522 5.44692053397 0.281 -0.004 -0.5 -1.0
* 413 41.4414029121 -0.837393982862 1.55418350227 4.12 0.1 0.1 1.21623373032 1.5757651329 5.44658960898 0.281 -0.005 -0.5 -1.0
* 414 41.541932106 -0.842894189501 1.54583199182 4.13 0.1 0.1 1.22287225723 1.57457733154 5.44432677825 0.281 -0.006 -0.5 -1.0
* 415 41.6430249214 -0.848310607419 1.53742589778 4.14 0.1 0.1 1.21903657913 1.57515335083 5.44389214118 0.281 -0.006 -0.5 -1.0
* 416 41.7434260845 -0.85364269498 1.52896606077 4.15 0.1 0.1 1.21800088882 1.58089351654 5.4411808451 0.28 -0.005 -0.5 -1.0
* 417 41.8440051079 -0.858889918978 1.52045332676 4.16 0.1 0.1 1.23379135132 1.5718460083 5.44252218802 0.28 -0.005 -0.5 -1.0
* 418 41.9445750713 -0.864051754696 1.51188854702 4.17 0.1 0.1 1.2374548912 1.56762456894 5.44517602523 0.28 -0.005 -0.5 -1.0
* 419 42.0449690819 -0.869127685954 1.50327257802 4.18 0.1 0.1 1.24385881424 1.56396150589 5.4440092047 0.28 -0.007 -0.5 -1.0
* 420 42.1455891132 -0.874117205163 1.49460628134 4.19 0.1 0.1 1.24160242081 1.56073141098 5.44018735488 0.281 -0.007 -0.5 -1.0
* 421 42.2460460663 -0.879019813377 1.48589052362 4.2 0.1 0.1 1.24892950058 1.55406618118 5.44327749808 0.281 -0.007 -0.5 -1.0
* 422 42.3464679718 -0.883835020337 1.47712617641 4.21 0.1 0.1 1.25163698196 1.54561662674 5.44219770033 0.281 -0.007 -0.5 -1.0
* 423 42.4470019341 -0.888562344528 1.46831411615 4.22 0.1 0.1 1.25190210342 1.547706604 5.43495239813 0.281 -0.007 -0.5 -1.0
* 424 42.5478720665 -0.893201313221 1.45945522404 4.23 0.1 0.1 1.25712966919 1.54381084442 5.42860760291 0.28 -0.004 -0.5 -1.0
* 425 42.6484699249 -0.897751462522 1.45055038596 4.24 0.1 0.1 1.26055812836 1.5414185524 5.42723764975 0.281 -0.009 -0.5 -1.0
* 426 42.749037981 -0.902212337421 1.44160049237 4.25 0.1 0.1 1.25264644623 1.5534529686 5.41681136687 0.28 -0.006 -0.5 -1.0
* 427 42.8497560024 -0.906583491834 1.43260643828 4.26 0.1 0.1 1.27319002151 1.54133081436 5.41939653952 0.28 -0.003 -0.5 -1.0
* 428 42.9508879185 -0.910864488649 1.42356912306 4.27 0.1 0.1 1.26625204086 1.54440355301 5.41046156485 0.28 -0.0 -0.5 -1.0
* 429 43.0515079498 -0.915054899771 1.41448945046 4.28 0.1 0.1 1.27735424042 1.54544448853 5.40101255973 0.279 0.002 -0.5 -1.0
* 430 43.1527459621 -0.91915430616 1.40536832842 4.29 0.1 0.1 1.28226995468 1.54274225235 5.39682807524 0.279 0.001 -0.5 -1.0
* 431 43.2531869411 -0.923162297881 1.39620666905 4.3 0.1 0.1 1.27963924408 1.54577636719 5.38771881659 0.279 -0.001 -0.5 -1.0
* 432 43.3536610603 -0.927078474137 1.38700538851 4.31 0.1 0.1 1.29676437378 1.54412221909 5.37506999571 0.279 -0.002 -0.5 -1.0
* 433 43.4541599751 -0.930902443314 1.37776540693 4.32 0.1 0.1 1.30656051636 1.54752254486 5.36561407645 0.279 -0.002 -0.5 -1.0
* 434 43.5547280312 -0.934633823019 1.36848764828 4.33 0.1 0.1 1.31209802628 1.55357503891 5.35976280768 0.279 -0.002 -0.5 -1.0
* 435 43.6552760601 -0.938272240115 1.35917304034 4.34 0.1 0.1 1.31369256973 1.5593252182 5.35585226615 0.279 -0.002 -0.5 -1.0
* 436 43.7559330463 -0.941817330766 1.34982251457 4.35 0.1 0.1 1.32696819305 1.55329751968 5.35835184653 0.28 -0.003 -0.5 -1.0
* 437 43.8568179607 -0.945268740464 1.340437006 4.36 0.1 0.1 1.32068252563 1.56198883057 5.36448731024 0.28 -0.003 -0.5 -1.0
* 438 43.9576420784 -0.948626124072 1.33101745318 4.37 0.1 0.1 1.3444314003 1.54592037201 5.37677683432 0.281 -0.005 -0.5 -1.0
* 439 44.0580639839 -0.951889145853 1.32156479806 4.38 0.1 0.1 1.3464550972 1.54305410385 5.39132585127 0.281 -0.006 -0.5 -1.0
* 440 44.1584570408 -0.955057479509 1.31207998589 4.39 0.1 0.1 1.34360742569 1.54272603989 5.40918960173 0.28 -0.003 -0.5 -1.0
* 441 44.2588939667 -0.958130808209 1.30256396515 4.4 0.1 0.1 1.35296487808 1.53379106522 5.42705072959 0.28 -0.004 -0.5 -1.0
* 442 44.3596038818 -0.961108824622 1.29301768743 4.41 0.1 0.1 1.36096048355 1.52024078369 5.44454421599 0.281 -0.005 -0.5 -1.0
* 443 44.4603629112 -0.96399123095 1.28344210736 4.42 0.1 0.1 1.36718225479 1.51511001587 5.45371689398 0.281 -0.004 -0.5 -1.0
* 444 44.5611419678 -0.966777738953 1.27383818248 4.43 0.1 0.1 1.37491846085 1.50548219681 5.45435919364 0.28 -0.003 -0.5 -1.0
* 445 44.6617341042 -0.969468069984 1.26420687317 4.44 0.1 0.1 1.37731075287 1.51053619385 5.44830193122 0.28 -0.003 -0.5 -1.0
* 446 44.7623999119 -0.972061955012 1.25454914256 4.45 0.1 0.1 1.36350011826 1.52737665176 5.43290271361 0.281 -0.005 -0.5 -1.0
* 447 44.8628439903 -0.974559134651 1.24486595642 4.46 0.1 0.1 1.388422966 1.51344347 5.42068328459 0.28 -0.003 -0.5 -1.0
* 448 44.9633998871 -0.976959359183 1.23515828306 4.47 0.1 0.1 1.39690542221 1.51192474365 5.4097961386 0.28 -0.003 -0.5 -1.0
* 449 45.0640039444 -0.97926238859 1.22542709322 4.48 0.1 0.1 1.39843893051 1.51746273041 5.40014376242 0.28 -0.003 -0.5 -1.0
* 450 45.1645240784 -0.98146799257 1.21567336004 4.49 0.1 0.1 1.40013647079 1.53030443192 5.3883758982 0.281 -0.004 -0.5 -1.0
* 451 45.2649540901 -0.983575950564 1.20589805886 4.5 0.1 0.1 1.41624736786 1.53079128265 5.38733925421 0.281 -0.004 -0.5 -1.0
* 452 45.3670530319 -0.985586051779 1.19610216722 4.51 0.1 0.1 1.4193406105 1.53503084183 5.3940774401 0.28 -0.002 -0.5 -1.0
* 453 45.4678668976 -0.987498095206 1.18628666469 4.52 0.1 0.1 1.42778396606 1.52858352661 5.41117276747 0.28 -0.003 -0.5 -1.0
* 454 45.5682380199 -0.989311889642 1.17645253281 4.53 0.1 0.1 1.42585420609 1.52741146088 5.42810310919 0.28 -0.003 -0.5 -1.0
* 455 45.6689970493 -0.991027253709 1.16660075499 4.54 0.1 0.1 1.42972707748 1.52562761307 5.43827213843 0.28 -0.004 -0.5 -1.0
* 456 45.7699370384 -0.992644015873 1.15673231641 4.55 0.1 0.1 1.42188692093 1.52832555771 5.44315208991 0.28 -0.003 -0.5 -1.0
* 457 45.8706359863 -0.994162014457 1.14684820389 4.56 0.1 0.1 1.43113088608 1.51991271973 5.44622220595 0.28 -0.003 -0.5 -1.0
* 458 45.9710509777 -0.995581097665 1.13694940584 4.57 0.1 0.1 1.42366552353 1.521048069 5.44864096244 0.28 -0.003 -0.5 -1.0
* 459 46.0720570087 -0.996901123589 1.12703691213 4.58 0.1 0.1 1.41988515854 1.52501153946 5.44349922736 0.281 -0.004 -0.5 -1.0
* 460 46.1724750996 -0.998121960227 1.117111714 4.59 0.1 0.1 1.43120479584 1.52218294144 5.44150771697 0.28 -0.004 -0.5 -1.0
* 461 46.2729170322 -0.999243485496 1.10717480396 4.6 0.1 0.1 1.43842601776 1.52041530609 5.4416839083 0.28 -0.003 -0.5 -1.0
* 462 46.3736438751 -1.00026558725 1.0972271757 4.61 0.1 0.1 1.43342494965 1.53072881699 5.44041385253 0.279 -0.003 -0.5 -1.0
* 463 46.4744639397 -1.00118816327 1.08726982397 4.62 0.1 0.1 1.43789958954 1.53175354004 5.4398552378 0.279 -0.002 -0.5 -1.0
* 464 46.5749080181 -1.0020111213 1.0773037445 4.63 0.1 0.1 1.44086742401 1.53107595444 5.43965115149 0.28 -0.004 -0.5 -1.0
* 465 46.6757900715 -1.00273437905 1.06732993388 4.64 0.1 0.1 1.43447113037 1.53874206543 5.4374479254 0.28 -0.005 -0.5 -1.0
* 466 46.7764770985 -1.0033578642 1.05734938949 4.65 0.1 0.1 1.45271444321 1.52105760574 5.43423118193 0.28 -0.008 -0.5 -1.0
* 467 46.8770298958 -1.00388151439 1.04736310938 4.66 0.1 0.1 1.45001268387 1.51853990555 5.43110313018 0.28 -0.008 -0.5 -1.0
* 468 46.9774749279 -1.00430527726 1.03737209217 4.67 0.1 0.1 1.45138549805 1.51575136185 5.43032373984 0.28 -0.006 -0.5 -1.0
* 469 47.078083992 -1.00462911044 1.02737733694 4.68 0.1 0.1 1.45104503632 1.51289272308 5.42808188994 0.28 -0.005 -0.5 -1.0
* 470 47.1785268784 -1.00485298154 1.01737984316 4.69 0.1 0.1 1.44988489151 1.51407623291 5.42745055754 0.279 -0.006 -0.5 -1.0
* 471 47.2790420055 -1.00497686817 1.00738061059 4.7 0.1 0.1 1.45142221451 1.51367425919 5.42234839995 0.28 -0.005 -0.5 -1.0
* 472 47.3796670437 -1.00500075795 0.997380639125 4.71 0.1 0.1 1.45545101166 1.51334285736 5.42099442084 0.28 -0.005 -0.5 -1.0
* 473 47.4802279472 -1.00492464849 0.987380928762 4.72 0.1 0.1 1.45516109467 1.51372003555 5.42131771643 0.28 -0.005 -0.5 -1.0
* 474 47.5807499886 -1.0047485474 0.977382479462 4.73 0.1 0.1 1.45685482025 1.51198339462 5.41986050208 0.28 -0.006 -0.5 -1.0
* 475 47.681292057 -1.00447247229 0.967386291062 4.74 0.1 0.1 1.46032381058 1.51341533661 5.42031683524 0.28 -0.006 -0.5 -1.0
* 476 47.7818319798 -1.00409645076 0.957393363172 4.75 0.1 0.1 1.4650349617 1.51220560074 5.42205013831 0.28 -0.006 -0.5 -1.0
* 477 47.882463932 -1.00362052042 0.947404695077 4.76 0.1 0.1 1.47663116455 1.51314592361 5.42340745528 0.28 -0.008 -0.5 -1.0
* 478 47.9829909801 -1.00304472885 0.937421285635 4.77 0.1 0.1 1.46924448013 1.52147912979 5.42152037223 0.281 -0.009 -0.5 -1.0
* 479 48.0836310387 -1.00236913365 0.92744413318 4.78 0.1 0.1 1.48527193069 1.5166554451 5.42405690749 0.28 -0.006 -0.5 -1.0
* 480 48.1843700409 -1.00159380237 0.917474235417 4.79 0.1 0.1 1.48541784286 1.51954126358 5.42084135611 0.28 -0.007 -0.5 -1.0
* 481 48.2849340439 -1.00071881253 0.907512589329 4.8 0.1 0.1 1.48774576187 1.52226257324 5.41708411772 0.28 -0.006 -0.5 -1.0
* 482 48.3863320351 -0.999744251647 0.897560191071 4.81 0.1 0.1 1.48935365677 1.52397823334 5.41661085684 0.28 -0.005 -0.5 -1.0
* 483 48.4883339405 -0.998670217165 0.887618035875 4.82 0.1 0.1 1.49013566971 1.52516174316 5.41178025801 0.281 -0.009 -0.5 -1.0
* 484 48.5887420177 -0.997496816489 0.877687117949 4.83 0.1 0.1 1.49230718613 1.52468156815 5.40900244315 0.28 -0.006 -0.5 -1.0
* 485 48.6891489029 -0.996224166959 0.867768430376 4.84 0.1 0.1 1.49471330643 1.51927042007 5.40589108069 0.28 -0.005 -0.5 -1.0
* 486 48.7895300388 -0.994852395838 0.857862965017 4.85 0.1 0.1 1.48471212387 1.52043819427 5.40034212668 0.28 -0.006 -0.5 -1.0
* 487 48.8905360699 -0.993381640302 0.847971712409 4.86 0.1 0.1 1.4871506691 1.51672124863 5.39809455474 0.28 -0.007 -0.5 -1.0
* 488 48.9911170006 -0.991812047426 0.838095661669 4.87 0.1 0.1 1.49409627914 1.50535821915 5.39505900939 0.28 -0.004 -0.5 -1.0
* 489 49.0918018818 -0.990143774168 0.828235800396 4.88 0.1 0.1 1.48943567276 1.50524187088 5.3903855284 0.28 -0.004 -0.5 -1.0
* 490 49.1923809052 -0.988376987353 0.818393114566 4.89 0.1 0.1 1.48644304276 1.50204896927 5.38849057753 0.28 -0.003 -0.5 -1.0
* 491 49.292840004 -0.986511863659 0.808568588439 4.9 0.1 0.1 1.48282527924 1.49760961533 5.38542785247 0.28 -0.004 -0.5 -1.0
* 492 49.3934020996 -0.984548589596 0.798763204462 4.91 0.1 0.1 1.48459672928 1.49695587158 5.38344015677 0.28 -0.004 -0.5 -1.0
* 493 49.4938290119 -0.982487361491 0.788977943162 4.92 0.1 0.1 1.48163461685 1.49604463577 5.3839217623 0.28 -0.003 -0.5 -1.0
* 494 49.5942139626 -0.980328385464 0.779213783059 4.93 0.1 0.1 1.4887509346 1.48882913589 5.38200082381 0.28 -0.005 -0.5 -1.0
* 495 49.6946899891 -0.978071877411 0.769471700561 4.94 0.1 0.1 1.47763204575 1.49955797195 5.37705411513 0.28 -0.005 -0.5 -1.0
* 496 49.7951469421 -0.975718062981 0.759752669867 4.95 0.1 0.1 1.48511505127 1.49326562881 5.3761490782 0.28 -0.006 -0.5 -1.0
* 497 49.8959751129 -0.973267177554 0.750057662872 4.96 0.1 0.1 1.49132442474 1.48793697357 5.37342323859 0.279 -0.006 -0.5 -1.0
* 498 49.9964189529 -0.970719466217 0.74038764907 4.97 0.1 0.1 1.49259090424 1.48923635483 5.36779799063 0.279 -0.006 -0.5 -1.0
* 499 50.0970458984 -0.968075183737 0.730743595453 4.98 0.1 0.1 1.5004196167 1.49157238007 5.36601342757 0.279 -0.005 -0.5 -1.0
* 500 50.197480917 -0.965334594542 0.721126466418 4.99 0.1 0.1 1.50032091141 1.49343729019 5.36580528815 0.28 -0.007 -0.5 -1.0
* 501 50.2979009151 -0.962497972687 0.711537223672 5.0 0.1 0.1 1.50896835327 1.49257183075 5.36133923133 0.28 -0.007 -0.5 -1.0
* 502 50.3986170292 -0.959565601833 0.701976826129 5.01 0.1 0.1 1.51061630249 1.49231958389 5.36068429549 0.28 -0.006 -0.5 -1.0
* 503 50.4993920326 -0.956537775214 0.692446229822 5.02 0.1 0.1 1.50466823578 1.50544118881 5.34946980078 0.28 -0.005 -0.5 -1.0
* 504 50.600069046 -0.953414795611 0.682946387802 5.03 0.1 0.1 1.52451753616 1.49291753769 5.35331477721 0.279 -0.004 -0.5 -1.0
* 505 50.7005078793 -0.950196975318 0.673478250047 5.04 0.1 0.1 1.52361440659 1.4987950325 5.3499230345 0.279 -0.005 -0.5 -1.0
* 506 50.8009569645 -0.946884636116 0.66404276336 5.05 0.1 0.1 1.53274059296 1.50120925903 5.34722747405 0.28 -0.006 -0.5 -1.0
* 507 50.901444912 -0.943478109235 0.654640871284 5.06 0.1 0.1 1.54003190994 1.50219774246 5.3481277426 0.28 -0.01 -0.5 -1.0
* 508 51.00198102 -0.939977735325 0.645273514 5.07 0.1 0.1 1.54173278809 1.50200176239 5.34490480025 0.28 -0.007 -0.5 -1.0
* 509 51.1025049686 -0.936383864421 0.635941628235 5.08 0.1 0.1 1.54310894012 1.50463914871 5.34372200568 0.279 -0.006 -0.5 -1.0
* 510 51.2030549049 -0.932696855906 0.626646147171 5.09 0.1 0.1 1.5432677269 1.50110149384 5.33873142798 0.279 -0.004 -0.5 -1.0
* 511 51.303550005 -0.928917078479 0.617388000348 5.1 0.1 0.1 1.54547166824 1.50170946121 5.3366977175 0.279 -0.004 -0.5 -1.0
* 512 51.4041109085 -0.925044910114 0.608168113572 5.11 0.1 0.1 1.55533599854 1.50337839127 5.33219518263 0.279 -0.002 -0.5 -1.0
* 513 51.5046610832 -0.921080738025 0.598987408826 5.12 0.1 0.1 1.55639696121 1.50306463242 5.3312643965 0.279 -0.002 -0.5 -1.0
* 514 51.6052050591 -0.917024958625 0.589846804171 5.13 0.1 0.1 1.56120347977 1.50424718857 5.33213867743 0.279 -0.001 -0.5 -1.0
* 515 51.7086539268 -0.912877977489 0.58074721366 5.14 0.1 0.1 1.56656169891 1.50483751297 5.33095564444 0.279 -0.001 -0.5 -1.0
* 516 51.8091549873 -0.908640209312 0.571689547245 5.15 0.1 0.1 1.56713008881 1.50754547119 5.33036746581 0.28 -0.003 -0.499967763995 -1.0
* 517 51.9096570015 -0.904312077868 0.562674710686 5.16 0.1 0.1 1.57420778275 1.5067358017 5.32843746741 0.28 -0.004 -0.49080752113 -1.0
* 518 52.0103039742 -0.899894015965 0.553703605457 5.17 0.1 0.1 1.57285070419 1.51047134399 5.32827248175 0.28 -0.004 -0.478052907143 -1.0
* 519 52.1107680798 -0.895386465406 0.544777128663 5.18 0.1 0.1 1.57971477509 1.5072388649 5.32625951369 0.279 -0.005 -0.470321826737 -1.0
* 520 52.2112009525 -0.890789876942 0.535896172943 5.19 0.1 0.1 1.57565832138 1.50886821747 5.32385601599 0.278 -0.008 -0.45253627484 -1.0
* 521 52.3116788864 -0.886104710229 0.527061626386 5.2 0.1 0.1 1.58084726334 1.50351572037 5.32328333457 0.274 -0.025 -0.448801861761 -1.0
* 522 52.4121410847 -0.88133143378 0.518274372439 5.21 0.1 0.1 1.57691812515 1.50152587891 5.32280482848 0.27 -0.043 -0.43817258405 -1.0
* 523 52.5125889778 -0.876470524917 0.509535289819 5.22 0.1 0.1 1.57730913162 1.49508571625 5.32214655478 0.266 -0.068 -0.432587140891 -1.0
* 524 52.6130681038 -0.871522469728 0.500845252429 5.23 0.1 0.1 1.56904602051 1.49255037308 5.32176174719 0.263 -0.085 -0.420371475576 -1.0
* 525 52.7135179043 -0.866487763013 0.492205129264 5.24 0.1 0.1 1.56845140457 1.48853206635 5.31786241133 0.258 -0.109 -0.405086681474 -1.0
* 526 52.8139948845 -0.861366908241 0.48361578433 5.25 0.1 0.1 1.57559585571 1.48361253738 5.31792130072 0.255 -0.128 -0.403487206299 -1.0
* 527 52.9149029255 -0.856160417491 0.475078076554 5.26 0.1 0.1 1.56721782684 1.48297357559 5.31625046332 0.249 -0.155 -0.386920752432 -1.0
* 528 53.0154271126 -0.850868811409 0.466592859699 5.27 0.1 0.1 1.57200288773 1.47871303558 5.31336559851 0.247 -0.174 -0.376897966083 -1.0
* 529 53.1159210205 -0.845492619151 0.45816098228 5.28 0.1 0.1 1.56994915009 1.47975444794 5.31408085425 0.239 -0.205 -0.367796211438 -1.0
* 530 53.2163820267 -0.840032378331 0.449783287479 5.29 0.1 0.1 1.56466722488 1.47476959229 5.31360091765 0.235 -0.226 -0.358761901426 -1.0
* 531 53.3168420792 -0.83448863497 0.441460613056 5.3 0.1 0.1 1.56790971756 1.46877288818 5.31151332457 0.229 -0.254 -0.351106336242 -1.0
* 532 53.4173190594 -0.828861943435 0.433193791274 5.31 0.1 0.1 1.55808782578 1.46776342392 5.31042208274 0.224 -0.274 -0.335516115978 -1.0
* 533 53.5191960335 -0.823152866394 0.424983648807 5.32 0.1 0.1 1.56209087372 1.46409463882 5.31055988867 0.218 -0.302 -0.331635211719 -1.0
* 534 53.6197099686 -0.817361974747 0.416831006662 5.33 0.1 0.1 1.55611038208 1.46241283417 5.30987777312 0.214 -0.324 -0.319432437606 -1.0
* 535 53.7204620838 -0.81148984758 0.408736680098 5.34 0.1 0.1 1.55184698105 1.45761489868 5.30930842955 0.21 -0.346 -0.310661615072 -1.0
* 536 53.8212900162 -0.8055370721 0.400701478539 5.35 0.1 0.1 1.55115652084 1.45190668106 5.30731405814 0.206 -0.367 -0.301150973534 -1.0
* 537 53.9218540192 -0.79950424358 0.3927262055 5.36 0.1 0.1 1.55071640015 1.44748687744 5.30553092559 0.2 -0.392 -0.291321737145 -1.0
* 538 54.0225529671 -0.793391965298 0.384811658501 5.37 0.1 0.1 1.54701757431 1.44416666031 5.30334343512 0.196 -0.413 -0.278179731125 -1.0
* 539 54.1231710911 -0.787200848476 0.37695862899 5.38 0.1 0.1 1.54368972778 1.44343328476 5.29702343543 0.189 -0.442 -0.254060001447 -1.0
* 540 54.2262079716 -0.780931512221 0.369167902264 5.39 0.1 0.1 1.5386390686 1.43340349197 5.2941884001 0.184 -0.467 -0.243902423578 -1.0
* 541 54.3266980648 -0.774584583462 0.361440257389 5.4 0.1 0.1 1.53618621826 1.4316945076 5.29365601142 0.177 -0.51 -0.234026667961 -1.0
* 542 54.4281868935 -0.768160696885 0.353776467122 5.41 0.1 0.1 1.5306892395 1.44406747818 5.28079952796 0.168 -0.546 -0.18465960501 -1.0
* 543 54.5286319256 -0.761660494875 0.346177297836 5.42 0.1 0.1 1.52868413925 1.42465591431 5.29158248503 0.163 -0.574 -0.213540022387 -1.0
* 544 54.6296510696 -0.755084627446 0.338643509443 5.43 0.1 0.1 1.52360439301 1.43152236938 5.28425135214 0.149 -0.631 -0.180988272388 -1.0
* 545 54.7301440239 -0.748433752179 0.331175855314 5.44 0.1 0.1 1.52214479446 1.42454385757 5.28739037116 0.146 -0.642 -0.183806064779 -1.0
* 546 54.8313601017 -0.741708534157 0.32377508221 5.45 0.1 0.1 1.51896905899 1.42348909378 5.28569497664 0.138 -0.685 -0.170680707296 -1.0
* 547 54.931814909 -0.734909645895 0.3164419302 5.46 0.1 0.1 1.52074670792 1.4263548851 5.27920784552 0.135 -0.699 -0.146468779715 -1.0
* 548 55.0323200226 -0.728037767276 0.309177132594 5.47 0.1 0.1 1.52164888382 1.4175658226 5.27987970908 0.128 -0.738 -0.14642284661 -1.0
* 549 55.1327590942 -0.721093585484 0.301981415865 5.48 0.1 0.1 1.5192990303 1.41871547699 5.27039970954 0.122 -0.768 -0.115055787557 -1.0
* 550 55.2332971096 -0.714077794929 0.294855499581 5.49 0.1 0.1 1.51805114746 1.42593622208 5.25701441367 0.114 -0.798 -0.0710919216116 -1.0
* 551 55.3337240219 -0.706991097187 0.287800096325 5.5 0.1 0.1 1.51499414444 1.42102050781 5.2353662451 0.106 -0.84 -0.0175506753137 -1.0
* 552 55.4341619015 -0.699834200919 0.280815911633 5.51 0.1 0.1 1.51390314102 1.42141389847 5.19498600562 0.082 -0.908 0.0799166641488 -1.0
* 553 55.5346040726 -0.69260782181 0.273903643917 5.52 0.1 0.1 1.50912475586 1.42680120468 5.14817537863 0.063 -0.93 0.196275321238 -1.0
* 554 55.6350979805 -0.685312682492 0.267063984398 5.53 0.1 0.1 1.51252651215 1.42973089218 5.10756983359 0.018 -0.911 0.293380173861 -1.0
* 555 55.7367379665 -0.677949512473 0.260297617037 5.54 0.1 0.1 1.50115346909 1.42740154266 5.07934107382 0.037 -0.799 0.36360158141 -1.0
* 556 55.837223053 -0.670519048063 0.253605218464 5.55 0.1 0.1 1.50115346909 1.42740154266 5.07934107382 0.102 -0.614 0.371092378878 -1.0
* 557 55.9376471043 -0.663022032304 0.246987457914 5.56 0.1 0.1 1.46620464325 1.40781402588 5.0671638449 0.139 -0.497 0.3989023804 -1.0
* 558 56.0381031036 -0.655459214889 0.240444997158 5.57 0.1 0.1 1.44010543823 1.39936685562 5.06302179892 0.171 -0.407 0.415784063505 -1.0
* 559 56.1385400295 -0.647831352095 0.233978490435 5.58 0.1 0.1 1.41788911819 1.39143753052 5.05980624755 0.191 -0.343 0.429737624697 -1.0
* 560 56.238986969 -0.640139206701 0.227588584392 5.59 0.1 0.1 1.41788911819 1.39143753052 5.05980624755 0.216 -0.266 0.436921623757 -1.0
* 561 56.3394920826 -0.632383547916 0.221275918013 5.6 0.1 0.1 1.36750173569 1.37297105789 5.04942502577 0.228 -0.226 0.464324614061 -1.0
* 562 56.440007925 -0.624565151299 0.21504112256 5.61 0.1 0.1 1.34357357025 1.36333847046 5.04778065283 0.243 -0.176 0.473481998022 -1.0
* 563 56.5406560898 -0.616684798683 0.208884821508 5.62 0.1 0.1 1.31620073318 1.3545384407 5.04788722594 0.253 -0.141 0.480854098911 -1.0
* 564 56.6418669224 -0.608743278097 0.20280763048 5.63 0.1 0.1 1.31620073318 1.3545384407 5.04788722594 0.264 -0.1 0.48774972643 -1.0
* 565 56.7424259186 -0.600741383686 0.196810157192 5.64 0.1 0.1 1.25469636917 1.32471847534 5.05318750937 0.27 -0.079 0.477806315171 -1.0
* 566 56.8432619572 -0.592679915633 0.190893001386 5.65 0.1 0.1 1.23137426376 1.31512880325 5.05323376258 0.275 -0.06 0.483425870353 -1.0
* 567 56.944437027 -0.584559680079 0.185056754772 5.66 0.1 0.1 1.20067739487 1.30262899399 5.05533876021 0.277 -0.054 0.485087840666 -1.0
* 568 57.0461730957 -0.576381489039 0.17930200097 5.67 0.1 0.1 1.17552423477 1.29258966446 5.05551256735 0.28 -0.044 0.490601988036 -1.0
* 569 57.1466989517 -0.568146160327 0.173629315451 5.68 0.1 0.1 1.14596319199 1.28048324585 5.05891599257 0.282 -0.039 0.490124854309 -1.0
* 570 57.2472190857 -0.559854517468 0.168039265478 5.69 0.1 0.1 1.12047052383 1.2658200264 5.05805744727 0.284 -0.032 0.493601436832 -1.0
* 571 57.3479199409 -0.55150738962 0.162532410052 5.7 0.1 0.1 1.08934783936 1.25999307632 5.06002702315 0.286 -0.026 0.5 -1.0
* 572 57.4486351013 -0.543105611488 0.157109299854 5.71 0.1 0.1 1.06638765335 1.24648046494 5.0590921839 0.286 -0.023 0.5 -1.0
* 573 57.5489780903 -0.534650023243 0.15177047719 5.72 0.1 0.1 1.04048776627 1.23511886597 5.06055917342 0.288 -0.018 0.5 -1.0
* 574 57.649518013 -0.526141470437 0.146516475938 5.73 0.1 0.1 1.0140080452 1.22545528412 5.06070842345 0.287 -0.018 0.5 -1.0
* 575 57.7500638962 -0.517580803919 0.141347821494 5.74 0.1 0.1 0.985203266144 1.21264791489 5.06194152434 0.288 -0.016 0.5 -1.0
* 576 57.850454092 -0.508968879748 0.136265030719 5.75 0.1 0.1 0.956833362579 1.2009472847 5.0626095732 0.289 -0.014 0.5 -1.0
* 577 57.9510140419 -0.500306559108 0.131268611888 5.76 0.1 0.1 0.929012775421 1.19209194183 5.06307329734 0.289 -0.014 0.5 -1.0
* 578 58.051582098 -0.491594708225 0.126359064638 5.77 0.1 0.1 0.902117729187 1.17962551117 5.06397308905 0.289 -0.013 0.5 -1.0
* 579 58.1524400711 -0.482834198277 0.121536879921 5.78 0.1 0.1 0.876895904541 1.17003154755 5.06362714369 0.289 -0.012 0.5 -1.0
* 580 58.253344059 -0.474025905307 0.11680253995 5.79 0.1 0.1 0.851564884186 1.15781164169 5.06305088599 0.289 -0.015 0.5 -1.0
* 581 58.3539800644 -0.465170710138 0.112156518156 5.8 0.1 0.1 0.821566581726 1.14830303192 5.06508268912 0.288 -0.015 0.5 -1.0
* 582 58.4548480511 -0.456269498281 0.107599279137 5.81 0.1 0.1 0.798538208008 1.13599777222 5.06582464774 0.288 -0.017 0.5 -1.0
* 583 58.5556750298 -0.44732315985 0.103131278613 5.82 0.1 0.1 0.769110202789 1.12276744843 5.06656684477 0.289 -0.015 0.5 -1.0
* 584 58.656676054 -0.438332589472 0.0987529633802 5.83 0.1 0.1 0.743191719055 1.11209869385 5.06730236609 0.289 -0.012 0.5 -1.0
* 585 58.7570919991 -0.429298686196 0.0944647712668 5.84 0.1 0.1 0.717888832092 1.10162210464 5.06742205222 0.288 -0.015 0.5 -1.0
* 586 58.8576579094 -0.420222353405 0.0902671310884 5.85 0.1 0.1 0.686715126038 1.09022808075 5.07038940985 0.289 -0.013 0.5 -1.0
* 587 58.9582490921 -0.411104498725 0.0861604626055 5.86 0.1 0.1 0.660998344421 1.07915353775 5.07136859496 0.289 -0.013 0.5 -1.0
* 588 59.0590679646 -0.401946033933 0.0821451764814 5.87 0.1 0.1 0.631819725037 1.06493520737 5.07146658499 0.289 -0.013 0.5 -1.0
* 589 59.1596539021 -0.392747874869 0.0782216742415 5.88 0.1 0.1 0.607197761536 1.05250787735 5.07299604018 0.289 -0.01 0.5 -1.0
* 590 59.2601969242 -0.38351094134 0.0743903482327 5.89 0.1 0.1 0.581859588623 1.04276180267 5.07373871405 0.29 -0.01 0.5 -1.0
* 591 59.3608310223 -0.374236157033 0.0706515815844 5.9 0.1 0.1 0.555471897125 1.02994203568 5.0738188227 0.289 -0.012 0.5 -1.0
* 592 59.4613568783 -0.364924449417 0.0670057481702 5.91 0.1 0.1 0.526755332947 1.01821041107 5.07452716429 0.29 -0.01 0.5 -1.0
* 593 59.5618340969 -0.355576749657 0.0634532125703 5.92 0.1 0.1 0.501915931702 1.00956201553 5.07641806204 0.289 -0.012 0.5 -1.0
* 594 59.662348032 -0.346193992513 0.0599943300354 5.93 0.1 0.1 0.473763465881 0.990180015564 5.07387365897 0.29 -0.009 0.5 -1.0
* 595 59.7629489899 -0.336777116255 0.0566294464508 5.94 0.1 0.1 0.448280334473 0.981062412262 5.07748236258 0.29 -0.008 0.5 -1.0
* 596 59.8635079861 -0.327327062562 0.0533588983021 5.95 0.1 0.1 0.423098564148 0.970477104187 5.08067168791 0.29 -0.011 0.5 -1.0
* 597 59.964056015 -0.317844776431 0.0501830126413 5.96 0.1 0.1 0.391330718994 0.962234973907 5.08176507552 0.291 -0.007 0.5 -1.0
* 598 60.06457901 -0.308331206083 0.0471021070545 5.97 0.1 0.1 0.370753288269 0.946922779083 5.08144368727 0.292 -0.011 0.5 -1.0
* 599 60.165241003 -0.298787302867 0.0441164896296 5.98 0.1 0.1 0.339442253113 0.934173583984 5.08274712165 0.291 -0.011 0.5 -1.0
* 600 60.2658040524 -0.289214021166 0.0412264589258 5.99 0.1 0.1 0.318031311035 0.921432971954 5.08216585715 0.29 -0.01 0.5 -1.0
* 601 60.366328001 -0.279612318299 0.0384323039438 6.0 0.1 0.1 0.296433448792 0.909946918488 5.08127131064 0.289 -0.014 0.5 -1.0
* 602 60.4679219723 -0.26998315443 0.0357343040968 6.01 0.1 0.1 0.265379905701 0.899139881134 5.08284725745 0.289 -0.014 0.5 -1.0
* 603 60.5683538914 -0.260327492466 0.0331327291825 6.02 0.1 0.1 0.243029117584 0.884249687195 5.08319224913 0.29 -0.013 0.5 -1.0
* 604 60.6689009666 -0.250646297965 0.0306278393562 6.03 0.1 0.1 0.213967323303 0.872888088226 5.0838886698 0.289 -0.014 0.5 -1.0
* 605 60.7693591118 -0.24094053904 0.0282198851049 6.04 0.1 0.1 0.184359073639 0.862854003906 5.08429708083 0.289 -0.009 0.5 -1.0
* 606 60.8699290752 -0.231211186257 0.0259091072219 6.05 0.1 0.1 0.163834571838 0.850747585297 5.08490862448 0.289 -0.012 0.5 -1.0
* 607 60.9704680443 -0.221459212543 0.0236957367831 6.06 0.1 0.1 0.137651920319 0.836508274078 5.0826515158 0.289 -0.013 0.5 -0.916035198652
* 608 61.0710039139 -0.21168559309 0.0215799951237 6.07 0.1 0.1 0.108716487885 0.825228691101 5.08316268523 0.29 -0.01 0.5 -0.790347422461
* 609 61.1717560291 -0.201891305248 0.0195620938162 6.08 0.1 0.1 0.0836057662964 0.81748342514 5.08423962195 0.289 -0.011 0.5 -0.680640893925
* 610 61.2723798752 -0.192077328441 0.0176422346489 6.09 0.1 0.1 0.0578107833862 0.802747249603 5.08865108092 0.29 -0.004 0.5 -0.570629879639
* 611 61.3729579449 -0.182244644057 0.0158206096061 6.1 0.1 0.1 0.0385499000549 0.790710449219 5.09870805342 0.291 -0.001 0.5 -0.497466281713
* 612 61.4733860493 -0.172394235355 0.014097400849 6.11 0.1 0.1 0.0229821205139 0.777131080627 5.12988628943 0.291 0.0 0.5 -0.490828638616
* 613 61.5739629269 -0.16252708737 0.0124727806968 6.12 0.1 0.1 0.00772380828857 0.754585266113 5.19477047522 0.291 0.005 0.5 -0.561014684723
* 614 61.6745491028 -0.152644186808 0.0109469116103 6.13 0.1 0.1 0.00577688217163 0.729016304016 5.27760543425 0.293 0.01 0.5 -0.695788586448
* 615 61.7751719952 -0.142746521949 0.00951994617515 6.14 0.1 0.1 0.00709915161133 0.690049648285 5.36319007476 0.293 0.012 0.472772061797 -0.802479520684
* 616 61.8757669926 -0.132835082554 0.00819202708662 6.15 0.1 0.1 -0.00333309173584 0.688136100769 5.45054568846 0.293 0.014 0.44694617809 -0.936933576238
* 617 61.976279974 -0.122910859756 0.00696328713556 6.16 0.1 0.1 -0.091447353363 0.585731506348 5.4821258982 0.292 0.007 0.42862691951 -0.572277202934
* 618 62.0767130852 -0.112974845971 0.00583384919492 6.17 0.1 0.1 -0.12887096405 0.53137588501 5.50735535224 0.287 -0.019 0.416812553009 -0.401750414069
* 619 62.1772880554 -0.103028034791 0.00480382620757 6.18 0.1 0.1 -0.215175151825 0.458986759186 5.51013459761 0.289 -0.012 0.432446053733 -0.0436012432457
* 620 62.2779140472 -0.0930714208899 0.00387332117494 6.19 0.1 0.1 -0.212662220001 0.420174598694 5.59567250807 0.289 -0.007 0.400540103539 -0.108051261026
* 621 62.3792569637 -0.0831059999196 0.00304242714677 6.2 0.1 0.1 -0.220191001892 0.385938167572 5.62613477309 0.29 -0.004 0.389014341317 -0.0471158295602
* 622 62.4798209667 -0.0731327684145 0.00231122721175 6.21 0.1 0.1 -0.234882354736 0.365869045258 5.62793387969 0.29 -0.005 0.395138346408 0.0494303846186
* 623 62.5806789398 -0.0631527236893 0.00167979448929 6.22 0.1 0.1 -0.24547290802 0.337056159973 5.62406339247 0.29 -0.004 0.39413112599 0.170481192014
* 624 62.6810860634 -0.0531668637402 0.00114819212211 6.23 0.1 0.1 -0.267352104187 0.314330101013 5.62557782729 0.291 -0.002 0.403826351554 0.287581061332
* 625 62.7815599442 -0.0431761871449 0.000716473270023 6.24 0.1 0.1 -0.280123710632 0.285344600677 5.62817182143 0.291 -0.001 0.403717421498 0.40090211981
* 626 62.8819379807 -0.0331816929626 0.000384681104546 6.25 0.1 0.1 -0.296236038208 0.264820098877 5.62826957305 0.291 -0.002 0.410626065655 0.505366381251
* 627 62.982542038 -0.0231843806346 0.000152848804622 6.26 0.1 0.1 -0.319848060608 0.248698234558 5.63067617018 0.292 0.0 0.425269107733 0.608560058437
* 628 63.0830280781 -0.0131852498836 2.09995532855e-05 6.27 0.1 0.1 -0.344923973083 0.235469818115 5.63141955931 0.291 0.004 0.442473406068 0.71100849611
* 629 63.1834099293 -0.00318530061445 -1.08534646468e-05 6.28 0.1 0.1 -0.345303535461 0.199259281158 5.64045753081 0.291 0.007 0.430598050775 0.806383587143
