### Ensaio do Controlador Klancar com Laser (Círculo) ###

# Parâmetros #

# Número do Ensaio: 1
# Frequência: 10.0 Hz
# Raio: 1.00 m
# Velocidade Linear da Base: 0.20 m/s
# Velocidade Angular da Base: 0.20 rad/s
# Parâmetro ksi: 0.80
# Parâmetro w_n: 1.11
# Parâmetro g: 30.00

* 1 0.0 0.0 0.0 0.0 0.2 0.2 0.0 0.0 0.0 0.0                                0.0 0.2 0.2 0.0 0.0 0.0
* 2 0.101848840714 0.0199960001333 0.000399973333867 0.02 0.2 0.2 -0.000930309295654 0.000321388244629 6.28311014176 0.0                                0.0 0.23724377266 1.0 0.020926309429 7.85850892378e-05 6.26311014176
* 3 0.202483892441 0.0399800022666 0.0011997600176 0.04 0.2 0.2 -0.00050687789917 -3.38554382324e-05 6.28293323518 0.018                                0.069 0.271972293356 1.0 0.0404868801657 0.00123361545583 6.24293323518
* 4 0.304260015488 0.0599440130653 0.00239904014719 0.06 0.2 0.2 -0.00142097473145 0.0017294883728 0.00741868186742 0.06                                0.192 0.309062478919 0.294969065778 0.0613649877967 0.000669551774386 0.0525813181326
* 5 0.405346870422 0.0798800471913 0.00399733402657 0.08 0.2 0.2 0.00968551635742 0.00396823883057 0.0295817740262 0.101                                0.21 0.324757184838 0.277546815895 0.0701945308339 2.90951960053e-05 0.0504182259738
* 6 0.506613969803 0.0997801304969 0.00599400235951 0.1 0.2 0.2 0.0350785255432 0.00462055206299 0.0485533028841 0.15                                0.152 0.314996148283 0.281051323231 0.0647016049537 0.00137345029652 0.0514466971159
* 7 0.607712984085 0.119636303214 0.00838824650529 0.12 0.2 0.2 0.068425655365 0.00411319732666 0.0496713258326 0.181                                0.125 0.291012460604 0.335666244776 0.051210647849 0.00427504917863 0.0703286741674
* 8 0.708502054214 0.139440623138 0.0111791087982 0.14 0.2 0.2 0.096745967865 0.00735998153687 0.0503839813173 0.208                                0.107 0.275512004523 0.369651864444 0.0426946552732 0.00381912726131 0.0896160186827
* 9 0.809772014618 0.159185168806 0.0143654729305 0.16 0.2 0.2 0.096745967865 0.00735998153687 0.0503839813173 0.22                                0.117 0.310534030596 0.418413152228 0.0624392009407 0.00700549139359 0.109616018683
* 10 0.910927057266 0.178862042661 0.017946064399 0.18 0.2 0.2 0.151920318604 0.0120534896851 0.0601906515658 0.228                                0.133 0.247112558948 0.439029927754 0.026941724058 0.00589257471391 0.119809348434
* 11 1.01224088669 0.198463374218 0.0219194510149 0.2 0.2 0.2 0.178344726562 0.0150289535522 0.062834367156 0.231                                0.151 0.234666744543 0.478067427554 0.0201186476558 0.00689049746263 0.137165632844
* 12 1.11298489571 0.217981323205 0.0262840434765 0.22 0.2 0.2 0.205121040344 0.0175104141235 0.0678048059344 0.226                                0.203 0.221607548909 0.518456719415 0.0128602828607 0.00877362935296 0.152195194066
* 13 1.21359086037 0.237408082702 0.031038096005 0.24 0.2 0.2 0.205121040344 0.0175104141235 0.0678048059344 0.217                                0.268 0.256068325178 0.57465187008 0.0322870423577 0.0135276818815 0.172195194066
* 14 1.31422805786 0.256735882265 0.0361797070429 0.26 0.2 0.2 0.24888086319 0.0235948562622 0.115681752563 0.211                                0.314 0.214410526171 0.526694082595 0.00785501907494 0.0125848507807 0.144318247437
* 15 1.4158270359 0.275956991031 0.0417068200142 0.28 0.2 0.2 0.269808292389 0.0268936157227 0.138899236917 0.208                                0.336 0.212516008091 0.534312450017 0.00614869864194 0.0148132042915 0.141100763083
* 16 1.51629400253 0.295063720813 0.0476172241474 0.3 0.2 0.2 0.286263465881 0.0316228866577 0.159264728427 0.201                                0.37 0.218022852334 0.537123444494 0.00880025493202 0.0159943374897 0.140735271573
* 17 1.61784386635 0.314048429175 0.0539085553597 0.32 0.2 0.2 0.305624485016 0.035692691803 0.183483213186 0.198                                0.392 0.2188176615 0.541468457034 0.00842394415915 0.0182158635567 0.136516786814
* 18 1.71840786934 0.332903522486 0.0605782972025 0.34 0.2 0.2 0.305624485016 0.035692691803 0.183483213186 0.197                                0.405 0.253431812665 0.595807571835 0.0272790374697 0.0248856053995 0.156516786814
* 19 1.81879997253 0.351621458959 0.067623781868 0.36 0.2 0.2 0.343988895416 0.0447525978088 0.236346364021 0.198                                0.403 0.221235218922 0.543000878842 0.00763256354288 0.0228711840592 0.123653635979
* 20 1.91918301582 0.370194751671 0.0750421912563 0.38 0.2 0.2 0.368977546692 0.0490508079529 0.256966203451 0.2                                0.396 0.212354822996 0.568179131277 0.00121720497878 0.0259913833034 0.123033796549
* 21 2.01956701279 0.388615971551 0.0828305581025 0.4 0.2 0.2 0.387129306793 0.0586647987366 0.275596261024 0.197                                0.411 0.21271954319 0.558743824614 0.00148666475752 0.0241657593659 0.124403738976
* 22 2.11991786957 0.406877750357 0.0909857671637 0.42 0.2 0.2 0.40590429306 0.0659332275391 0.299802005291 0.194                                0.428 0.213396329191 0.556040386504 0.000973457296674 0.0250525396246 0.120197994709
* 23 2.22072601318 0.424972783621 0.099504556465 0.44 0.2 0.2 0.40590429306 0.0659332275391 0.299802005291 0.192                                0.436 0.248161082527 0.608442778759 0.0190684905611 0.0335713289259 0.140197994709
* 24 2.32115101814 0.442893833572 0.108383518604 0.46 0.2 0.2 0.44225692749 0.0815401077271 0.343194514513 0.193                                0.43 0.215799262066 0.558492780358 0.000636906081652 0.0268434108772 0.116805485487
* 25 2.42181396484 0.460633732027 0.117619102115 0.48 0.2 0.2 0.461062431335 0.0883078575134 0.366209864616 0.194                                0.424 0.216693527783 0.567865091136 -0.000428699307977 0.0293112446017 0.113790135384
* 26 2.52284193039 0.478185383265 0.127207612887 0.5 0.2 0.2 0.480810642242 0.0974860191345 0.387635141611 0.193                                0.431 0.214425201239 0.571251327167 -0.00262525897715 0.0297215937527 0.112364858389
* 27 2.62350201607 0.495541766859 0.137145215644 0.52 0.2 0.2 0.497698307037 0.108046531677 0.408899158239 0.192                                0.434 0.215854832388 0.563289862808 -0.00215654017852 0.0290986839668 0.111100841761
* 28 2.72401094437 0.512695940486 0.147427935477 0.54 0.2 0.2 0.497698307037 0.108046531677 0.408899158239 0.191                                0.44 0.250699524671 0.614610628721 0.0149976334488 0.0393814037999 0.131100841761
* 29 2.82453203201 0.529641042706 0.158051659436 0.56 0.2 0.2 0.532754421234 0.12547826767 0.449494361877 0.193                                0.433 0.219001060337 0.58102962026 -0.00311337852775 0.0325733917659 0.110505638123
* 30 2.92503595352 0.546370295705 0.169012138171 0.58 0.2 0.2 0.550914764404 0.135622501373 0.467238008976 0.194                                0.418 0.218296379481 0.592052638557 -0.00454446869962 0.0333896367981 0.112761991024
* 31 3.02553486824 0.562877008003 0.180304987639 0.6 0.2 0.2 0.567807674408 0.147270202637 0.487539291382 0.192                                0.43 0.218547263882 0.589343302141 -0.00493066640508 0.0330347850026 0.112460708618
* 32 3.12625694275 0.579154577136 0.19192569085 0.62 0.2 0.2 0.582566738129 0.155118465424 0.514130830765 0.191                                0.438 0.225837023896 0.590986459094 -0.00341216099254 0.0368072254264 0.105869169235
* 33 3.22700500488 0.595196492294 0.203869599677 0.64 0.2 0.2 0.598895072937 0.16632938385 0.540550529957 0.19                                0.434 0.227781087621 0.581735137276 -0.0036985806432 0.0375402158272 0.0994494700432
* 34 3.3275270462 0.610996336924 0.216131936717 0.66 0.2 0.2 0.598895072937 0.16632938385 0.540550529957 0.19                                0.425 0.262723950726 0.631668703391 0.0121012639867 0.0498025528667 0.119449470043
* 35 3.42815685272 0.626547791299 0.228707797197 0.68 0.2 0.2 0.633677482605 0.190981864929 0.574540138245 0.192                                0.413 0.224753832761 0.601156405875 -0.0071296913062 0.0377259322679 0.105459861755
* 36 3.52874302864 0.641844635044 0.241592150942 0.7 0.2 0.2 0.633677482605 0.190981864929 0.574540138245 0.195                                0.396 0.25964664571 0.65180581707 0.00816715243949 0.0506102860127 0.125459861755
* 37 3.62948298454 0.656880749627 0.254779844381 0.72 0.2 0.2 0.667227745056 0.216588497162 0.604184985161 0.195                                0.403 0.222144504039 0.630195009169 -0.0103469954289 0.0381913472194 0.115815014839
* 38 3.72994089127 0.671650120802 0.268265602614 0.74 0.2 0.2 0.667227745056 0.216588497162 0.604184985161 0.195                                0.401 0.256948131278 0.682076444952 0.00442237574572 0.051677105452 0.135815014839
* 39 3.83047699928 0.686146841017 0.282044031516 0.76 0.2 0.2 0.682584285736 0.227674007416 0.624788165092 0.193                                0.418 0.259984680214 0.692994800759 0.00356255528061 0.0543700241003 0.135211834908
* 40 3.93091797829 0.700365111777 0.2961096199 0.78 0.2 0.2 0.699273586273 0.243315696716 0.647422969341 0.195                                0.403 0.256528077085 0.684923946773 0.00109152550375 0.0527939231838 0.132577030659
* 41 4.03135704994 0.714299245964 0.310456741718 0.8 0.2 0.2 0.714735984802 0.260212898254 0.664844930172 0.196                                0.4 0.252791086875 0.679675534294 -0.000436738838362 0.0502438434637 0.135155069828
* 42 4.13185691833 0.72794367011 0.325079658313 0.82 0.2 0.2 0.7296667099 0.27336359024 0.68036454916 0.197                                0.403 0.253631169947 0.696496752212 -0.00172303979027 0.0517160680721 0.13963545084
* 43 4.23231887817 0.741292926626 0.339972520712 0.84 0.2 0.2 0.745030403137 0.287273406982 0.697215616703 0.197                                0.406 0.253147180229 0.711200683066 -0.00373747651074 0.0526991137296 0.142784383297
* 44 4.33275699615 0.75434167599 0.35512937197 0.86 0.2 0.2 0.758550167084 0.300786495209 0.718117535114 0.196                                0.411 0.256049536197 0.714940129986 -0.004208491094 0.0543428767612 0.141882464886
* 45 4.43320298195 0.767084698874 0.370544149548 0.88 0.2 0.2 0.769587039948 0.313155174255 0.750551581383 0.196                                0.42 0.264804350763 0.692692213145 -0.00250234107379 0.0573889752925 0.129448418617
* 46 4.53449106216 0.779516898239 0.38621068774 0.9 0.2 0.2 0.787721157074 0.331233978271 0.782718122005 0.196                                0.419 0.25733839792 0.677544322836 -0.00820425883485 0.054976709469 0.117281877995
* 47 4.63489484787 0.791633301372 0.402122720141 0.92 0.2 0.2 0.803522586823 0.348330020905 0.807643949986 0.199                                0.41 0.253358188758 0.674824600038 -0.0118892854505 0.0537926992367 0.112356050014
* 48 4.73531293869 0.803429061873 0.418273882149 0.94 0.2 0.2 0.818141937256 0.365756034851 0.828774929047 0.199                                0.409 0.250020498009 0.676180351129 -0.0147128753832 0.0525178472982 0.111225070953
* 49 4.83578801155 0.814899461594 0.434657713515 0.96 0.2 0.2 0.832185268402 0.38193655014 0.84774929285 0.199                                0.411 0.248793136219 0.687064852709 -0.017285806808 0.0527211633749 0.11225070715
* 50 4.93622589111 0.826039912529 0.451267660925 0.98 0.2 0.2 0.841463565826 0.39595413208 0.872338593006 0.198                                0.416 0.256645289912 0.676102479899 -0.015423653297 0.0553135288451 0.107661406994
* 51 5.03665494919 0.836845958647 0.468097080621 1.0 0.2 0.2 0.855654239655 0.413915157318 0.906605601311 0.198                                0.419 0.254485087174 0.655652607695 -0.0188082810078 0.0541819233032 0.0933943986893
* 52 5.13709902763 0.847313277672 0.48513924106 1.02 0.2 0.2 0.868399620056 0.43204498291 0.931699991226 0.199                                0.412 0.252738945931 0.648885507482 -0.0210863423844 0.0530942581501 0.0883000087738
* 53 5.23754787445 0.857437682816 0.502387325605 1.04 0.2 0.2 0.876705169678 0.451940059662 0.955466747284 0.2                                0.408 0.252865843277 0.619729986857 -0.0192674868613 0.0504472659433 0.0845332527161
* 54 5.33868098259 0.867215124454 0.519834435252 1.06 0.2 0.2 0.889735221863 0.471560001373 0.974346876144 0.2                                0.403 0.247887919933 0.627093833556 -0.0225200974091 0.0482744338788 0.0856531238556
* 55 5.44001889229 0.876641691737 0.53747359139 1.08 0.2 0.2 0.898220062256 0.487846374512 0.991531610489 0.201                                0.393 0.252167926473 0.628970150835 -0.0215783705187 0.049627216878 0.0884683895111
* 56 5.54114103317 0.885713614166 0.555297738591 1.1 0.2 0.2 0.907740116119 0.508445739746 1.01461160183 0.2                                0.394 0.249446003612 0.612787641052 -0.0220265019537 0.0468519988449 0.0853883981705
* 57 5.64157295227 0.894427263091 0.573299747435 1.12 0.2 0.2 0.917616844177 0.528134822845 1.03813636303 0.2                                0.387 0.247669911982 0.603332162068 -0.0231895810861 0.0451649245891 0.0818636369705
* 58 5.74209403992 0.90277915317 0.591472417357 1.14 0.2 0.2 0.925768852234 0.547610282898 1.06058895588 0.201                                0.385 0.247562127639 0.590378872009 -0.0229896990635 0.0438621344589 0.0794110441208
* 59 5.84254097939 0.910765943758 0.609808479532 1.16 0.2 0.2 0.934364318848 0.567217350006 1.08279037476 0.201                                0.381 0.246716767851 0.582442635042 -0.0235983750892 0.0425911295262 0.0772096252441
* 60 5.94301891327 0.918384440246 0.62830059978 1.18 0.2 0.2 0.94276714325 0.588145256042 1.10122728348 0.202                                0.378 0.243522544152 0.579831989425 -0.0243827030037 0.040155343738 0.0787727165222
* 61 6.04344892502 0.925631595335 0.6469413815 1.2 0.2 0.2 0.948424339294 0.605429649353 1.12281835079 0.203                                0.379 0.248477558776 0.568658670426 -0.0227927439591 0.0415117321468 0.0771816492081
* 62 6.143887043 0.932504510262 0.665723368626 1.22 0.2 0.2 0.957782745361 0.627005577087 1.14900147915 0.203                                0.378 0.243994629596 0.559979477104 -0.0252782350997 0.0387177915388 0.0709985208511
* 63 6.24433493614 0.93900043595 0.684639048615 1.24 0.2 0.2 0.963751792908 0.645716667175 1.17280352116 0.204                                0.371 0.246384460965 0.54713439845 -0.0247513569573 0.0389223814399 0.0671964788437
* 64 6.34479403496 0.945116774118 0.703680855447 1.26 0.2 0.2 0.968506336212 0.669169425964 1.19865357876 0.203                                0.368 0.241750644571 0.515323993381 -0.0233895620942 0.0345114294826 0.0613464212418
* 65 6.4452278614 0.950851078311 0.722841172653 1.28 0.2 0.2 0.977077960968 0.691821098328 1.21479451656 0.204                                0.36 0.235091439638 0.528538474109 -0.0262268826574 0.0310200743251 0.0652054834366
* 66 6.54565787315 0.956201054883 0.742112336361 1.3 0.2 0.2 0.982306480408 0.710942268372 1.23037755489 0.205                                0.359 0.236334412955 0.534132142816 -0.0261054255246 0.0311700679895 0.0696224451065
* 67 6.64609503746 0.961164563916 0.761486638363 1.32 0.2 0.2 0.987023830414 0.731786251068 1.25018513203 0.204                                0.368 0.235213259982 0.527797275615 -0.0258592664976 0.0297003872953 0.0698148679733
* 68 6.7465338707 0.965739620072 0.780956329197 1.34 0.2 0.2 0.992354393005 0.751368522644 1.27160203457 0.204                                0.369 0.235929733735 0.526784061531 -0.026614772933 0.0295878065533 0.0683979654312
* 69 6.84695601463 0.96992439339 0.800513621246 1.36 0.2 0.2 0.995726585388 0.769924163818 1.29396867752 0.204                                0.373 0.239425692755 0.516727581164 -0.025802191998 0.0305894574277 0.0660313224792
* 70 6.94744086266 0.973717210016 0.820150691854 1.38 0.2 0.2 1.00039339066 0.79496383667 1.31201970577 0.204                                0.373 0.230756445009 0.514518838226 -0.0266761806394 0.0251868551836 0.0679802942276
* 71 7.04789400101 0.977116552874 0.839859686453 1.4 0.2 0.2 1.00430440903 0.8126912117 1.32731056213 0.205                                0.369 0.234771412528 0.527124910563 -0.027187856153 0.0271684747528 0.0726894378662
* 72 7.14833498001 0.980121062272 0.85963272171 1.42 0.2 0.2 1.00561952591 0.835974216461 1.34488070011 0.205                                0.376 0.230340546508 0.514738959225 -0.0254984636371 0.0236585052491 0.0751192998886
* 73 7.24876689911 0.982729536447 0.879461888674 1.44 0.2 0.2 1.00832653046 0.856287479401 1.36835682392 0.205                                0.379 0.230763782314 0.506047837669 -0.0255969940094 0.0231744092735 0.0716431760788
* 74 7.34924197197 0.984940932044 0.899339255942 1.46 0.2 0.2 1.01081228256 0.87424993515 1.39486014843 0.205                                0.382 0.235519105264 0.495238828275 -0.0258713505187 0.0250893207922 0.0651398515701
* 75 7.44966101646 0.986754364533 0.919256872833 1.48 0.2 0.2 1.01051473618 0.895739555359 1.42306280136 0.205                                0.382 0.234888582898 0.463223495686 -0.0237603716427 0.0235173174743 0.0569371986389
* 76 7.55011892319 0.988169108566 0.939206772565 1.5 0.2 0.2 1.01578807831 0.920256614685 1.44205832481 0.206                                0.374 0.22683068091 0.482173510923 -0.0276189697419 0.0189501578802 0.0579416751862
* 77 7.65066289902 0.989184598265 0.959180975445 1.52 0.2 0.2 1.01414775848 0.940034389496 1.45915102959 0.208                                0.366 0.228575367424 0.470059260426 -0.024963160219 0.0191465859489 0.0608489704132
* 78 7.75120306015 0.989800427446 0.979171492057 1.54 0.2 0.2 1.01447153091 0.962194919586 1.48327994347 0.207                                0.368 0.225967536721 0.45742035125 -0.0246711034678 0.0169765724707 0.0567200565338
* 79 7.85182905197 0.990016349788 0.999170326461 1.56 0.2 0.2 1.01528596878 0.983027458191 1.50696468353 0.207                                0.366 0.225549808616 0.451979500908 -0.0252696189929 0.0161428682705 0.0530353164673
* 80 7.95232486725 0.989832278922 1.01916947939 1.58 0.2 0.2 1.01254558563 1.00417709351 1.53396642208 0.207                                0.366 0.224991623221 0.421516999476 -0.02271330671 0.0149923858856 0.046033577919
* 81 8.05298805237 0.989248288476 1.03916095145 1.6 0.2 0.2 1.01211547852 1.03094244003 1.55437016487 0.206                                0.361 0.213763441161 0.419292560203 -0.0228671900394 0.00821851141929 0.0456298351288
* 82 8.15462183952 0.988264612038 1.05913674632 1.62 0.2 0.2 1.01087188721 1.05220317841 1.56722342968 0.207                                0.357 0.211930967773 0.429822624837 -0.0226072751691 0.0069335679159 0.0527765703201
* 83 8.25520396233 0.986881643065 1.07908887395 1.64 0.2 0.2 1.00763368607 1.07247400284 1.58577311039 0.205                                0.362 0.212044033536 0.42051911314 -0.0207520430008 0.00661487110991 0.0542268896103
* 84 8.35561800003 0.985099934726 1.09900935375 1.66 0.2 0.2 1.00535821915 1.09253549576 1.60944831371 0.204                                0.369 0.212665017776 0.410025091374 -0.0202582844206 0.00647385798832 0.0505516862869
* 85 8.45619988441 0.982920199681 1.11889021779 1.68 0.2 0.2 1.00436830521 1.1131978035 1.63219964504 0.203                                0.369 0.212239506678 0.411515382623 -0.0214481055249 0.00569241429302 0.0478003549576
* 86 8.55676984787 0.980343309795 1.138723514 1.7 0.2 0.2 1.0004029274 1.13522768021 1.65028178692 0.203                                0.368 0.208799481799 0.406894421116 -0.0200596176032 0.00349583379308 0.0497182130814
* 87 8.65787982941 0.97737029579 1.15850130932 1.72 0.2 0.2 0.995859622955 1.15798044205 1.66631686687 0.203                                0.367 0.203777541011 0.405778592169 -0.0184893271653 0.000520867272358 0.0536831331253
* 88 8.75832796097 0.974002346831 1.1782156929 1.74 0.2 0.2 0.991671562195 1.17796468735 1.68334794044 0.202                                0.373 0.203659281048 0.40611146003 -0.0176692153638 0.000251005548776 0.0566520595551
* 89 8.85885691643 0.970240810053 1.19785877924 1.76 0.2 0.2 0.989719867706 1.19966030121 1.70487189293 0.201                                0.376 0.20115446456 0.415491238518 -0.0194790576531 -0.00180152196956 0.0551281070709
* 90 8.95930790901 0.966087190021 1.21742271138 1.78 0.2 0.2 0.984030723572 1.21848583221 1.72674000263 0.199                                0.379 0.202810536287 0.402237988297 -0.0179435335508 -0.00106312083925 0.0532599973679
* 91 9.05982589722 0.961543148127 1.23689966399 1.8 0.2 0.2 0.978333950043 1.23897027969 1.74735319614 0.198                                0.382 0.201345523727 0.395160770806 -0.0167908019156 -0.00207061570094 0.0526468038559
* 92 9.16032600403 0.956610501928 1.25628184657 1.82 0.2 0.2 0.970193386078 1.26045608521 1.76632916927 0.198                                0.38 0.19711843799 0.380434865903 -0.0135828841501 -0.0041742386348 0.0536708307266
* 93 9.26084494591 0.951291224416 1.27556150649 1.84 0.2 0.2 0.964255332947 1.27891302109 1.78127002716 0.198                                0.38 0.198641308916 0.384907646233 -0.0129641085312 -0.00335151459432 0.0587299728394
* 94 9.36131095886 0.945587443231 1.29473093215 1.86 0.2 0.2 0.960740566254 1.29862642288 1.80294728279 0.197                                0.379 0.199131724526 0.395507122765 -0.015153123023 -0.00389549072718 0.0570527172089
* 95 9.4617459774 0.93950143981 1.31378245604 1.88 0.2 0.2 0.953882694244 1.31883859634 1.82532048225 0.197                                0.378 0.197434315129 0.388567633846 -0.0143812544349 -0.00505614030366 0.054679517746
* 96 9.56229400635 0.933035648472 1.33270845779 1.9 0.2 0.2 0.947348594666 1.3376121521 1.84805238247 0.197                                0.382 0.19830714062 0.383205651792 -0.0143129461933 -0.00490369430553 0.0519476175308
* 97 9.66287183762 0.926192655449 1.35150136727 1.92 0.2 0.2 0.938238620758 1.35784912109 1.87149190903 0.196                                0.383 0.19531925334 0.366739589576 -0.0120459653088 -0.00634775382596 0.0485080909729
* 98 9.7634139061 0.918975197846 1.37015366755 1.94 0.2 0.2 0.929321289062 1.37612771988 1.89013195038 0.196                                0.377 0.195432529348 0.359040168462 -0.0103460912161 -0.00597405233092 0.0498680496216
* 99 9.8639550209 0.911386162551 1.38865789796 1.96 0.2 0.2 0.921830654144 1.39530563354 1.9049834013 0.195                                0.373 0.194612185173 0.370305065308 -0.0104444915936 -0.00664773558093 0.0550165987015
* 100 9.96475887299 0.903428585075 1.40700665707 1.98 0.2 0.2 0.913530826569 1.4143242836 1.92605865002 0.195                                0.369 0.193746245611 0.36820694889 -0.0101022414937 -0.00731762653022 0.0539413499832
* 101 10.0652618408 0.895105648344 1.42519260561 2.0 0.2 0.2 0.905469417572 1.43229150772 1.9442974329 0.195                                0.369 0.194651256662 0.372681249871 -0.0103637692281 -0.0070989021148 0.0557025671005
* 102 10.1657710075 0.886420681422 1.44320846944 2.02 0.2 0.2 0.896921634674 1.44950866699 1.96566665173 0.194                                0.369 0.196540983045 0.369503776951 -0.0105009532525 -0.00630019755559 0.0543333482742
* 103 10.2663519382 0.877377158179 1.46104704246 2.04 0.2 0.2 0.885907649994 1.46789598465 1.98866188526 0.194                                0.369 0.194751564909 0.354923594401 -0.00853049181517 -0.00684894219399 0.0513381147385
* 104 10.366907835 0.867978695904 1.47870118947 2.06 0.2 0.2 0.877052783966 1.48566865921 2.00522470474 0.195                                0.367 0.195243948156 0.364574829858 -0.00907408806189 -0.00696746973822 0.0547752952576
* 105 10.4673490524 0.858229053857 1.49616384906 2.08 0.2 0.2 0.868094444275 1.50277757645 2.02360653877 0.194                                0.362 0.196775863259 0.371063177256 -0.00986539041741 -0.0066137273844 0.0563934612274
* 106 10.5678319931 0.848132131765 1.5134280364 2.1 0.2 0.2 0.855463504791 1.52058076859 2.04180645943 0.195                                0.365 0.194232663591 0.362355796038 -0.00733137302577 -0.00715273219009 0.0581935405731
* 107 10.6686589718 0.837691968262 1.53048684603 2.12 0.2 0.2 0.845338344574 1.5375161171 2.06128001213 0.195                                0.365 0.195025212849 0.364956882733 -0.00764637631158 -0.00702927106978 0.0587199878693
* 108 10.7692978382 0.826912739274 1.54733345466 2.14 0.2 0.2 0.835520267487 1.55481481552 2.08379507065 0.195                                0.365 0.195597306481 0.367167448492 -0.00860752821216 -0.00748136086234 0.0562049293518
* 109 10.8706598282 0.815798756349 1.56396112387 2.16 0.2 0.2 0.822508811951 1.57142114639 2.10376572609 0.194                                0.363 0.194310292848 0.357610368066 -0.00671005560129 -0.00746002251835 0.0562342739105
* 110 10.9712479115 0.804354464932 1.58036320283 2.18 0.2 0.2 0.811912536621 1.58654928207 2.11962413788 0.195                                0.364 0.197257716376 0.365622353293 -0.00755807168875 -0.00618607924707 0.0603758621216
* 111 11.0719208717 0.792584442587 1.5965331309 2.2 0.2 0.2 0.800646305084 1.60208320618 2.13948988914 0.194                                0.362 0.199037181829 0.366501087256 -0.00806186249699 -0.00555007527346 0.0605101108551
* 112 11.1723179817 0.780493397166 1.61246444035 2.22 0.2 0.2 0.787695407867 1.61836147308 2.1594979763 0.195                                0.363 0.19802128977 0.36338045591 -0.00720201070135 -0.00589703273548 0.0605020236969
* 113 11.2728698254 0.768086164926 1.62815075885 2.24 0.2 0.2 0.776789665222 1.63395500183 2.18116116524 0.196                                0.363 0.200067840717 0.367584953349 -0.00870350029634 -0.00580424298135 0.0588388347626
* 114 11.373718977 0.755367708594 1.64358581209 2.26 0.2 0.2 0.762587070465 1.64814472198 2.20470499992 0.196                                0.362 0.200768358101 0.349620308037 -0.00721936187114 -0.00455890989475 0.0552950000763
* 115 11.4742369652 0.742343115383 1.65876342625 2.28 0.2 0.2 0.74749994278 1.66576004028 2.2238407135 0.197                                0.362 0.195366517898 0.350139773486 -0.00515682739614 -0.00699661402948 0.056159286499
* 116 11.5746798515 0.729017594958 1.6736775305 2.3 0.2 0.2 0.73468875885 1.67974662781 2.24263691902 0.198                                0.355 0.197496926705 0.351500510302 -0.0056711638923 -0.00606909731036 0.0573630809784
* 117 11.6751039028 0.715396477348 1.68832215938 2.32 0.2 0.2 0.72111749649 1.69283771515 2.26065301895 0.197                                0.354 0.199929390244 0.349457532432 -0.00572101914282 -0.00451555577106 0.0593469810486
* 118 11.7755198479 0.701485210818 1.70269145524 2.34 0.2 0.2 0.706185340881 1.70842552185 2.27770400047 0.196                                0.352 0.197282728593 0.35478012159 -0.00470013006295 -0.00573406661134 0.062295999527
* 119 11.8761999607 0.687289359691 1.71677967055 2.36 0.2 0.2 0.692068576813 1.72214984894 2.29647445679 0.197                                0.35 0.198090232126 0.3560163129 -0.00477921712159 -0.00537017838334 0.0635255432129
* 120 11.9766318798 0.672814602117 1.73058117023 2.38 0.2 0.2 0.672366142273 1.73918533325 2.3170106411 0.196                                0.35 0.187804744907 0.345297778696 0.000448459844156 -0.00860416302616 0.062989358902
* 121 12.0770628452 0.658066727806 1.74409043384 2.4 0.2 0.2 0.65830373764 1.75162124634 2.33292555809 0.196                                0.351 0.190136030177 0.351732665759 -0.0002370098341 -0.00753081250108 0.0670744419098
* 122 12.1776380539 0.643051635712 1.75730205786 2.42 0.2 0.2 0.644510746002 1.76456928253 2.34862041473 0.192                                0.347 0.192090352469 0.364010912734 -0.00145911029043 -0.00726722466934 0.0713795852661
* 123 12.2782390118 0.62777533167 1.77021075783 2.44 0.2 0.2 0.629605293274 1.77498817444 2.36423897743 0.192                                0.349 0.195780059537 0.363114666657 -0.00182996160371 -0.00477741660939 0.0757610225678
* 124 12.3786768913 0.612243926 1.78281137043 2.46 0.2 0.2 0.612902164459 1.78946781158 2.38280582428 0.192                                0.355 0.192095497512 0.369235374503 -0.000658238459679 -0.00665644115547 0.0771941757202
* 125 12.4792158604 0.596463631055 1.79509885559 2.48 0.2 0.2 0.596154212952 1.80168819427 2.40087962151 0.193                                0.357 0.191045078287 0.368891861817 0.000309418103298 -0.00658933868978 0.0791203784943
* 126 12.5796079636 0.580440758744 1.80706829847 2.5 0.2 0.2 0.577447414398 1.81351947784 2.41930747032 0.192                                0.362 0.187749071858 0.360937021542 0.00299334434583 -0.00645117937704 0.0806925296783
* 127 12.6799910069 0.564181718002 1.81871491146 2.52 0.2 0.2 0.562685966492 1.8245344162 2.4348988533 0.191                                0.363 0.190516963248 0.372350895544 0.00149575151032 -0.00581950474105 0.085101146698
* 128 12.7805409431 0.547693012228 1.83003403607 2.54 0.2 0.2 0.549336433411 1.83554553986 2.45442390442 0.19                                0.363 0.195302465209 0.384288493516 -0.00164342118217 -0.0055115037893 0.0855760955811
* 129 12.8810968399 0.530981236686 1.8410211448 2.56 0.2 0.2 0.532494544983 1.8471288681 2.47465109825 0.19                                0.366 0.19465900595 0.386475151086 -0.00151330829706 -0.00610772330783 0.0853489017487
* 130 12.9816629887 0.514053075862 1.85167184295 2.58 0.2 0.2 0.517870426178 1.85668373108 2.49420571327 0.191                                0.371 0.19930405757 0.390658687805 -0.00381735031644 -0.00501188813279 0.0857942867279
* 131 13.0822989941 0.496915300794 1.86198187038 2.6 0.2 0.2 0.502227783203 1.8657989502 2.51799583435 0.192                                0.375 0.203040168325 0.383311033191 -0.00531248240897 -0.00381707981258 0.0820041656494
* 132 13.1827299595 0.479574766365 1.87194710323 2.62 0.2 0.2 0.48083782196 1.87880897522 2.53643751144 0.193                                0.373 0.194197800286 0.3870530257 -0.00126305559521 -0.00686187198875 0.0835624885559
* 133 13.2843589783 0.462038408557 1.88156355553 2.64 0.2 0.2 0.466677188873 1.88810157776 2.55208969116 0.195                                0.373 0.199621487392 0.404709061013 -0.00463878031594 -0.00653802222804 0.0879103088379
* 134 13.3847708702 0.44431324168 1.89082738083 2.66 0.2 0.2 0.448721408844 1.89557170868 2.56902909279 0.195                                0.378 0.201194690724 0.400337298235 -0.00440816716419 -0.00474432784985 0.0909709072113
* 135 13.4857499599 0.426406355563 1.89973487372 2.68 0.2 0.2 0.430036067963 1.90579795837 2.58689665794 0.195                                0.381 0.198941630827 0.408275014769 -0.00362971239963 -0.00606308465383 0.0931033420563
* 136 13.586632967 0.408324912723 1.90828247132 2.7 0.2 0.2 0.41512966156 1.91418170929 2.60881400108 0.196                                0.383 0.204273989814 0.413692245761 -0.00680474883738 -0.00589923796468 0.0911859989166
* 137 13.687363863 0.390076145495 1.91646675472 2.72 0.2 0.2 0.394554138184 1.92402648926 2.63486337662 0.196                                0.386 0.199714586821 0.404384682904 -0.00447799268876 -0.00755973453951 0.0851366233826
* 138 13.7880089283 0.371667353143 1.9242844503 2.74 0.2 0.2 0.37411403656 1.93279075623 2.65459322929 0.196                                0.384 0.196030991893 0.40414209594 -0.00244668341698 -0.00850630592931 0.0854067707062
* 139 13.8886868954 0.353105898939 1.93173243108 2.76 0.2 0.2 0.357256412506 1.93950843811 2.67250370979 0.196                                0.385 0.19956783239 0.408765104715 -0.00415051356721 -0.00777600702557 0.0874962902069
* 140 13.9893100262 0.334399207216 1.93880771799 2.78 0.2 0.2 0.335820198059 1.94720649719 2.69126725197 0.195                                0.391 0.194979323833 0.407173564015 -0.00142099084261 -0.00839877920158 0.0887327480316
* 141 14.0900838375 0.315554760403 1.94550748099 2.8 0.2 0.2 0.321005821228 1.95401477814 2.71034669876 0.195                                0.389 0.201683849977 0.419775766858 -0.00545106082493 -0.00850729714329 0.089653301239
* 142 14.1905329227 0.296580096026 1.95182904028 2.82 0.2 0.2 0.305037498474 1.95870780945 2.73236608505 0.194                                0.392 0.208180147409 0.414191880356 -0.00845740244788 -0.00687876916998 0.0876339149475
* 143 14.2910549641 0.277482803699 1.9577698673 2.84 0.2 0.2 0.283472537994 1.96676540375 2.75586342812 0.195                                0.392 0.203150224533 0.413433615607 -0.00598973429574 -0.00899553644316 0.0841365718842
* 144 14.3914358616 0.258270522083 1.96332758582 2.86 0.2 0.2 0.265281677246 1.97284030914 2.77722096443 0.197                                0.384 0.204946848682 0.415806356608 -0.00701115516347 -0.00951272332234 0.0827790355682
* 145 14.4923448563 0.238950935835 1.96849997281 2.88 0.2 0.2 0.245063781738 1.97758483887 2.79331064224 0.196                                0.384 0.203962089427 0.418206860064 -0.00611284590361 -0.00908486605324 0.0866893577576
* 146 14.5992619991 0.219531772532 1.9732849594 2.9 0.2 0.2 0.223139762878 1.98256778717 2.8126001358 0.197                                0.384 0.19997654854 0.415423065141 -0.00360799034674 -0.00928282777218 0.0873998641968
* 147 14.6997449398 0.20002079958 1.97768063164 2.92 0.2 0.2 0.206322669983 1.98829364777 2.83198881149 0.197                                0.385 0.204158774516 0.428979032707 -0.00630187040286 -0.0106130161234 0.0880111885071
* 148 14.8001580238 0.180425821109 1.98168523134 2.94 0.2 0.2 0.188414573669 1.99144363403 2.85561728477 0.197                                0.39 0.20803916594 0.420037333334 -0.00798875256059 -0.00975840269604 0.0843827152252
* 149 14.9007689953 0.160754674848 1.9852971567 2.96 0.2 0.2 0.164512634277 1.99706077576 2.87940382957 0.197                                0.389 0.200384969486 0.417610806872 -0.00375795942918 -0.0117636190618 0.0805961704254
* 150 15.0012428761 0.141015228994 1.98851496299 2.98 0.2 0.2 0.145116329193 2.00065135956 2.8974981308 0.197                                0.385 0.201184141901 0.423598970324 -0.00410110019887 -0.0121363965637 0.0825018692017
* 151 15.1019558907 0.121215379062 1.99133736316 3.0 0.2 0.2 0.124392032623 2.00175285339 2.91518616676 0.196                                0.388 0.200630795971 0.416288098284 -0.00317665356106 -0.010415490238 0.0848138332367
* 152 15.2028059959 0.101363044728 1.99376322826 3.02 0.2 0.2 0.104546546936 2.00332164764 2.93340206146 0.195                                0.39 0.20128011948 0.414350317812 -0.00318350220792 -0.00955841938783 0.0865979385376
* 153 15.3033869267 0.0814661666609 1.99579158798 3.04 0.2 0.2 0.0883569717407 2.00538921356 2.95598006248 0.195                                0.39 0.208205069059 0.413923785546 -0.0068908050798 -0.00959762557947 0.0840199375153
* 154 15.403897047 0.0615327033466 1.99742163102 3.06 0.2 0.2 0.0704984664917 2.00781536102 2.98187756538 0.196                                0.392 0.212215750683 0.409313534158 -0.0089657631451 -0.0103937300052 0.0781224346161
* 155 15.5046069622 0.0415706279047 1.99865270537 3.08 0.2 0.2 0.0483522415161 2.01020622253 3.00573611259 0.198                                0.382 0.208632129108 0.406508150974 -0.00678161361141 -0.0115535171678 0.0742638874054
* 156 15.6052269936 0.0215879248992 1.99948431862 3.1 0.2 0.2 0.0278334617615 2.01170349121 3.02699375153 0.2                                0.379 0.208032391141 0.407193247255 -0.00624553686224 -0.0122191725959 0.0730062484741
* 157 15.706086874 0.00159258714498 1.99991613813 3.12 0.2 0.2 0.00300598144531 2.01181030273 3.04360461235 0.2                                0.378 0.1998495944 0.407964781311 -0.00141339430034 -0.0118941646048 0.0763953876495
* 158 15.8103039265 -0.0184073874896 1.99994799119 3.14 0.2 0.2 -0.0149774551392 2.01149749756 3.05969023705 0.2                                0.378 0.203762483621 0.413835047934 -0.00342993235042 -0.0115495063707 0.0803097629547
* 159 15.9108109474 -0.0384039992812 1.99957986505 3.16 0.2 0.2 -0.0336966514587 2.01079273224 3.08225846291 0.199                                0.386 0.206583508914 0.407344567646 -0.00470734782249 -0.0112128671896 0.0777415370941
* 160 16.0112240314 -0.0583892498519 1.99881190696 3.18 0.2 0.2 -0.0557041168213 2.0125169754 3.1104259491 0.199                                0.386 0.203536968389 0.40665153007 -0.00268513303059 -0.0137050684437 0.0695740509033
* 161 16.1118118763 -0.0783551453678 1.99764442409 3.2 0.2 0.2 -0.0714559555054 2.010846138 3.13382744789 0.2                                0.384 0.211671442978 0.397427950662 -0.00689918986241 -0.0132017139099 0.0661725521088
* 162 16.2122368813 -0.0982936997369 1.99607788342 3.22 0.2 0.2 -0.0930986404419 2.00687789917 3.15705544153 0.2                                0.385 0.209156306193 0.376457736701 -0.00519505929502 -0.0108000157488 0.0629445584668
* 163 16.3130249977 -0.118196937803 1.99411291155 3.24 0.2 0.2 -0.116756916046 2.00571155548 3.1772406737 0.202                                0.373 0.202906805301 0.381057036891 -0.00144002175725 -0.0115986439347 0.0627593263043
* 164 16.4136300087 -0.138056898537 1.99175029443 3.26 0.2 0.2 -0.136213779449 2.00397586823 3.19319540659 0.203                                0.37 0.203956884637 0.3917101082 -0.00184311908789 -0.0122255737967 0.0668045934094
* 165 16.5141899586 -0.157865638219 1.98899097708 3.28 0.2 0.2 -0.157347202301 1.99995803833 3.21866065661 0.202                                0.374 0.202049220482 0.374654919934 -0.000518435918277 -0.0109670612471 0.0613393433941
* 166 16.6147499084 -0.177615233617 1.9858360632 3.3 0.2 0.2 -0.178330421448 1.99693775177 3.24227482477 0.201                                0.372 0.200387187814 0.369552172346 0.000715187830274 -0.0111016885699 0.057725175227
* 167 16.7155358791 -0.197297785157 1.9822868147 3.32 0.2 0.2 -0.195857524872 1.99235630035 3.26718813578 0.201                                0.372 0.204514377661 0.352952619981 -0.00144026028522 -0.0100694856507 0.0528118642224
* 168 16.8160400391 -0.21690542008 1.97834465124 3.34 0.2 0.2 -0.219479084015 1.98521995544 3.28971463839 0.2                                0.368 0.197019755974 0.332671713634 0.00257366393506 -0.00687530419975 0.0502853616131
* 169 16.9164528847 -0.236430295593 1.97401114964 3.36 0.2 0.2 -0.242387771606 1.98338413239 3.30255061785 0.2                                0.356 0.191869261398 0.363596265119 0.00595747601317 -0.00937298274841 0.0574493821515
* 170 17.0169789791 -0.255864602008 1.96928804322 3.38 0.2 0.2 -0.257572650909 1.97634983063 3.32189947764 0.199                                0.35 0.198924983881 0.347038487431 0.00170804890191 -0.00706178740454 0.0581005223645
* 171 17.1176929474 -0.275200565859 1.96417722118 3.4 0.2 0.2 -0.278561592102 1.96963214874 3.34083778063 0.196                                0.355 0.195703935745 0.341481943783 0.00336102624294 -0.00545492756031 0.0591622193707
* 172 17.2184529305 -0.29443045302 1.95868072778 3.42 0.2 0.2 -0.296339988708 1.96585464478 3.36109334627 0.197                                0.35 0.199115649564 0.349458526725 0.00190953568818 -0.00717391699949 0.0589066537274
* 173 17.3191728592 -0.313546571793 1.95280076153 3.44 0.2 0.2 -0.316262722015 1.95761394501 3.38366514841 0.197                                0.348 0.197040193991 0.332314632585 0.00271615022271 -0.00481318347973 0.0563348515881
* 174 17.4203488827 -0.332541275984 1.94653967435 3.46 0.2 0.2 -0.336997032166 1.9524307251 3.39610916773 0.197                                0.346 0.194551584148 0.35477209559 0.00445575618199 -0.00589105075212 0.0638908322705
* 175 17.5211000443 -0.351406967965 1.93989997058 3.48 0.2 0.2 -0.354507923126 1.94348716736 3.41328031221 0.196                                0.341 0.195947888275 0.344600125669 0.00310095516172 -0.00358719677728 0.066719687785
* 176 17.6218910217 -0.37013610171 1.93288430603 3.5 0.2 0.2 -0.375959396362 1.93622493744 3.43424398104 0.196                                0.346 0.191350717641 0.346427897653 0.00582329465198 -0.00334063141164 0.0657560189618
* 177 17.7223470211 -0.388721185817 1.92549548686 3.52 0.2 0.2 -0.393556118011 1.92996692657 3.45597964922 0.195                                0.344 0.193861746309 0.348548475528 0.00483493219427 -0.00447143971827 0.0640203507794
* 178 17.82295084 -0.407154786499 1.9177364685 3.54 0.2 0.2 -0.41663980484 1.9212884903 3.47429615656 0.194                                0.346 0.185662766691 0.35579377148 0.00948501834078 -0.00355202179781 0.0657038434399
* 179 17.9235179424 -0.425429530562 1.90961035445 3.56 0.2 0.2 -0.43240070343 1.91340255737 3.49760491053 0.193                                0.346 0.190324123138 0.347073194991 0.00697117286804 -0.00379220291833 0.0623950894726
* 180 18.0240209103 -0.443538108352 1.90112039507 3.58 0.2 0.2 -0.450678825378 1.90499305725 3.5114021937 0.19                                0.349 0.190161074279 0.35937034054 0.00714071702669 -0.00387266218593 0.0685978063
* 181 18.1244778633 -0.461473276678 1.8922699862 3.6 0.2 0.2 -0.468435764313 1.89668464661 3.53232723871 0.19                                0.348 0.1910679525 0.360973790066 0.00696248763433 -0.0044146604073 0.0676727612866
* 182 18.2250959873 -0.479227861714 1.8830626679 3.62 0.2 0.2 -0.481503009796 1.88729858398 3.55521303812 0.19                                0.354 0.198902018418 0.344188843981 0.00227514808215 -0.00423591608181 0.0647869618786
* 183 18.325701952 -0.496794761861 1.87350212298 3.64 0.2 0.2 -0.502779960632 1.87834262848 3.57707173029 0.19                                0.353 0.193573761661 0.353599669251 0.00598519877116 -0.00484050549915 0.0629282697095
* 184 18.4263989925 -0.514166950594 1.86359217552 3.66 0.2 0.2 -0.514748573303 1.8680524826 3.59693223635 0.193                                0.351 0.202166462414 0.33793665998 0.000581622709113 -0.00446030708346 0.0630677636517
* 185 18.526996851 -0.531337479269 1.85333678937 3.68 0.2 0.2 -0.53208065033 1.85815525055 3.61832982699 0.193                                0.35 0.20238284107 0.33761009398 0.000743171060638 -0.00481846117491 0.0616701730145
* 186 18.6275939941 -0.548299479903 1.84274006656 3.7 0.2 0.2 -0.548748016357 1.84250354767 3.63101703325 0.196                                0.342 0.198620881934 0.322918564848 0.000448536454262 0.00023651888778 0.0689829667462
* 187 18.7281360626 -0.565046167923 1.83180624561 3.72 0.2 0.2 -0.566372871399 1.83499240875 3.65131289164 0.198                                0.34 0.20023497411 0.34294966639 0.00132670347629 -0.00318616313759 0.068687108363
* 188 18.8287599087 -0.581570844875 1.82053969993 3.74 0.2 0.2 -0.581357955933 1.82190322876 3.67513567606 0.198                                0.334 0.201141542046 0.321962207543 -0.000212888942846 -0.00136352882692 0.0648643239392
* 189 18.9293038845 -0.597866901111 1.80894493598 3.76 0.2 0.2 -0.597354412079 1.8077955246 3.69178325335 0.198                                0.335 0.199242433931 0.314054277087 -0.000512489032324 0.0011494113811 0.0682167466534
* 190 19.0299129486 -0.613927818425 1.7970265915 3.78 0.2 0.2 -0.614508628845 1.79747390747 3.71271878878 0.199                                0.329 0.19910773633 0.324015686 0.000580810420639 -0.000447315968589 0.0672812112225
* 191 19.130521059 -0.629747172663 1.78478943368 3.8 0.2 0.2 -0.633502006531 1.78463172913 3.72648936907 0.199                                0.324 0.193726872613 0.342622385271 0.0037548338679 0.000157704557283 0.0735106309308
* 192 19.2312040329 -0.645318636295 1.77223835722 3.82 0.2 0.2 -0.64728975296 1.76967525482 3.73995978037 0.197                                0.326 0.193885600092 0.336561655986 0.00197111666493 0.0025631023999 0.0800402196301
* 193 19.3318378925 -0.660635980944 1.75937838238 3.84 0.2 0.2 -0.661153316498 1.75636196136 3.76122218767 0.196                                0.332 0.195508310026 0.32742592434 0.000517335553838 0.00301642101585 0.0787778123273
* 194 19.4323399067 -0.675693079875 1.74621465298 3.86 0.2 0.2 -0.677499294281 1.74273777008 3.78223568598 0.195                                0.333 0.193112938196 0.328304303113 0.00180621440569 0.00347688289793 0.077764314021
* 195 19.5330319405 -0.69048391045 1.73275243433 3.88 0.2 0.2 -0.694680690765 1.73085212708 3.80159765879 0.195                                0.329 0.191402732803 0.346119710782 0.00419678031488 0.00190030725643 0.0784023412121
* 196 19.6337139606 -0.705002556534 1.71899711115 3.9 0.2 0.2 -0.707404136658 1.71672534943 3.8163180987 0.194                                0.332 0.193430430573 0.347452292222 0.00240158012322 0.00227176172168 0.0836819013013
* 197 19.7342729568 -0.719243210862 1.70495418537 3.92 0.2 0.2 -0.720491409302 1.70393371582 3.82957131067 0.193                                0.336 0.196310307131 0.36114079931 0.00124819843929 0.00102046955302 0.0904286893262
* 198 19.834884882 -0.733200177363 1.69062927399 3.94 0.2 0.2 -0.732756614685 1.69166946411 3.84908444086 0.193                                0.342 0.200979128843 0.364996376374 -0.000443562677478 -0.00104019012048 0.0909155591382
* 199 19.9355640411 -0.746867873434 1.67602810677 3.96 0.2 0.2 -0.748428344727 1.67685222626 3.87238246599 0.194                                0.349 0.198142531039 0.366038175661 0.00156047129236 -0.00082411948326 0.0876175340069
* 200 20.0361180305 -0.760240832181 1.661156524 3.98 0.2 0.2 -0.763703346252 1.66065311432 3.89479619661 0.196                                0.35 0.194160624196 0.363812602232 0.00346251407117 0.000503409676331 0.0852038033856
* 201 20.1365399361 -0.773313704599 1.64602047409 4.0 0.2 0.2 -0.779566764832 1.64543247223 3.91336399714 0.195                                0.353 0.190534784944 0.377995112565 0.006253060233 0.000588001860017 0.0866360028638
* 202 20.2370798588 -0.786081261711 1.63062601127 4.02 0.2 0.2 -0.791366100311 1.62897396088 3.93149382273 0.194                                0.358 0.190498495501 0.373235077767 0.00528483859992 0.00165205039728 0.0885061772717
* 203 20.3379759789 -0.798538396667 1.61497929313 4.04 0.2 0.2 -0.803594112396 1.61144638062 3.94891435305 0.193                                0.365 0.188395262682 0.36954384438 0.00505571572914 0.00353291251397 0.0910856469525
* 204 20.4386279583 -0.810680126778 1.59908657813 4.06 0.2 0.2 -0.812677383423 1.59881448746 3.96942598024 0.191                                0.366 0.196415954179 0.369095450285 0.00199725664498 0.000272090676784 0.0905740197552
* 205 20.5392189026 -0.822501595514 1.58295422316 4.08 0.2 0.2 -0.827414512634 1.58170461655 3.99200398127 0.19                                0.368 0.191778606587 0.373989023174 0.00491291712074 0.00124960661576 0.0879960187329
* 206 20.6395988464 -0.833998074444 1.56658868094 4.1 0.2 0.2 -0.839815616608 1.56667566299 4.01488691965 0.192                                0.367 0.192737284588 0.378732975111 0.00581754216346 -8.69820532787e-05 0.0851130803479
* 207 20.740185976 -0.845164965132 1.54999649747 4.12 0.2 0.2 -0.849268436432 1.55086898804 4.03116947809 0.191                                0.369 0.195814886062 0.380690220209 0.0041034713003 -0.000872490568231 0.0888305219067
* 208 20.8405418396 -0.855997800968 1.5331843094 4.14 0.2 0.2 -0.861986160278 1.52917146683 4.04930597941 0.192                                0.373 0.186975896688 0.375084013084 0.00598835931002 0.00401284257048 0.0906940205945
* 209 20.9410538673 -0.866492248964 1.51615884138 4.16 0.2 0.2 -0.871828556061 1.51601696014 4.06653553644 0.193                                0.373 0.193202756426 0.391580835179 0.00533630709635 0.00014188123512 0.0934644635571
* 210 21.0416018963 -0.876644111481 1.49892690337 4.18 0.2 0.2 -0.88028383255 1.4963850975 4.08573109308 0.19                                0.374 0.19164081469 0.376702614252 0.0036397210693 0.00254180586929 0.0942689069165
* 211 21.1421918869 -0.886449327908 1.48149538792 4.2 0.2 0.2 -0.891741752625 1.47848939896 4.11263281504 0.19                                0.378 0.18949381591 0.371693074144 0.00529242471695 0.00300598896838 0.0873671849621
* 212 21.2427299023 -0.895903976289 1.46387126741 4.22 0.2 0.2 -0.902225971222 1.45977163315 4.13325125376 0.19                                0.375 0.186970045166 0.372843053706 0.00632199493287 0.00409963425992 0.0867487462414
* 213 21.3432729244 -0.905004274892 1.44606159124 4.24 0.2 0.2 -0.910019874573 1.44302892685 4.15182167688 0.189                                0.374 0.189895569196 0.372919641018 0.00501559968084 0.00303266438711 0.0881783231152
* 214 21.4437260628 -0.913746583718 1.42807348304 4.26 0.2 0.2 -0.921859264374 1.424284935 4.16928869883 0.188                                0.373 0.185929121412 0.391543676383 0.00811268065572 0.00378854804521 0.0907113011731
* 215 21.5449688435 -0.922127405961 1.40991413783 4.28 0.2 0.2 -0.92750120163 1.40780544281 4.18297154108 0.188                                0.376 0.190981219047 0.394313161637 0.00537379566913 0.00210869502038 0.0970284589184
* 216 21.645419836 -0.930143389402 1.3915908191 4.3 0.2 0.2 -0.935678958893 1.39251089096 4.2042842547 0.187                                0.381 0.195718340166 0.402238586954 0.00553556949072 -0.000920071865244 0.0957157452954
* 217 21.7458069324 -0.937791327756 1.37311085592 4.32 0.2 0.2 -0.944108486176 1.37298727036 4.22988230387 0.189                                0.386 0.193770959144 0.393792993227 0.00631715841918 0.000123585565762 0.0901176961316
* 218 21.8469228745 -0.94506816195 1.35448164005 4.34 0.2 0.2 -0.953827381134 1.35674953461 4.25159985224 0.19                                0.387 0.195898927636 0.410625661325 0.00875921918414 -0.00226789456101 0.0884001477612
* 219 21.9480080605 -0.951970981346 1.33571062291 4.36 0.2 0.2 -0.957923412323 1.33418035507 4.26853090922 0.191                                0.39 0.192147433736 0.391280141864 0.00595243097694 0.0015302678362 0.0914690907849
* 220 22.0484280586 -0.958497024909 1.31680531266 4.38 0.2 0.2 -0.964690685272 1.31425380707 4.28479904333 0.192                                0.393 0.190381624445 0.397085933113 0.00619366036308 0.00255150559659 0.0952009566678
* 221 22.1488349438 -0.964643682309 1.29777327119 4.4 0.2 0.2 -0.974168777466 1.2986035347 4.30302280584 0.191                                0.392 0.193662500796 0.427193988657 0.00952509515712 -0.000830263511818 0.0969771941556
* 222 22.2492489815 -0.970408494964 1.27862211104 4.42 0.2 0.2 -0.978685855865 1.27978897095 4.32239479223 0.191                                0.397 0.195364142022 0.422498363536 0.00827736090172 -0.00116685990958 0.0976052077664
* 223 22.3496768475 -0.975789157026 1.25935949243 4.44 0.2 0.2 -0.984568119049 1.2582116127 4.34389490286 0.191                                0.404 0.19153503852 0.41788592444 0.00877896202296 0.0011478797248 0.0961050971402
* 224 22.4501228333 -0.980783516303 1.23999312014 4.46 0.2 0.2 -0.992003440857 1.24301052094 4.3687829415 0.191                                0.405 0.197495880706 0.432003570428 0.0112199245543 -0.00301740079218 0.0912170585049
* 225 22.5505340099 -0.985389575116 1.22053074048 4.48 0.2 0.2 -0.995234489441 1.21883058548 4.39216798941 0.191                                0.406 0.19083254903 0.409344669583 0.00984491432461 0.00170015499864 0.0878320105923
* 226 22.6511118412 -0.989605491105 1.20098013813 4.5 0.2 0.2 -1.0004734993 1.19587945938 4.40951961676 0.191                                0.405 0.18473240216 0.414319607366 0.0108680081932 0.00510067874397 0.0904803832425
* 227 22.751652956 -0.993429577958 1.18134913306 4.52 0.2 0.2 -1.00390338898 1.1810002327 4.42518037954 0.19                                0.406 0.19321920357 0.428614364501 0.0104738110187 0.000348900366713 0.0948196204556
* 228 22.8521149158 -0.996860306093 1.16164557743 4.54 0.2 0.2 -1.00749254227 1.1591758728 4.44650978247 0.189                                0.409 0.189903480545 0.424228312283 0.0106322361741 0.00246970463043 0.093490217532
* 229 22.9525499344 -0.999896303263 1.14187735239 4.56 0.2 0.2 -1.01177549362 1.14258956909 4.46855014959 0.189                                0.413 0.19528583135 0.433133194923 0.0118791903591 -0.00071221669741 0.0914498504055
* 230 23.0530478954 -1.00253635511 1.12205236497 4.58 0.2 0.2 -1.01431369781 1.12752819061 4.49339718023 0.189                                0.416 0.204215075034 0.430412889156 0.0117773427051 -0.00547582563945 0.0866028197659
* 231 23.1534450054 -1.00477940565 1.1021785449 4.6 0.2 0.2 -1.01708602905 1.10180950165 4.52089733282 0.191                                0.413 0.194555970797 0.413004633722 0.0123066234042 0.000369043252723 0.079102667178
* 232 23.2539720535 -1.00662455769 1.08226384144 4.62 0.2 0.2 -1.01983261108 1.08250808716 4.5397815148 0.192                                0.407 0.195743786478 0.421246449545 0.0132080533955 -0.000244245718776 0.0802184852017
* 233 23.3544180393 -1.00807107319 1.06231622021 4.64 0.2 0.2 -1.02085399628 1.06142187119 4.55758566061 0.192                                0.406 0.194235176647 0.421789363372 0.0127829230833 0.000894349020163 0.0824143393887
* 234 23.4553329945 -1.00911837358 1.04234365998 4.66 0.2 0.2 -1.02266359329 1.03847408295 4.57922310034 0.193                                0.408 0.189310293776 0.421388098009 0.0135452197154 0.00386957703454 0.0807768996609
* 235 23.5558128357 -1.00976603993 1.02235414952 4.68 0.2 0.2 -1.02576112747 1.02378749847 4.60314411322 0.191                                0.409 0.198841066576 0.433269015318 0.0159950875399 -0.00143334894935 0.0768558867825
* 236 23.6564309597 -1.0100138132 1.00235568437 4.7 0.2 0.2 -1.02683496475 1.00878143311 4.63627142111 0.191                                0.413 0.208730471717 0.417110739265 0.0168211515509 -0.00642574873198 0.0637285788907
* 237 23.757037878 -1.00986159428 0.982356263647 4.72 0.2 0.2 -1.02740097046 0.98478937149 4.66845363775 0.193                                0.405 0.202692681718 0.397615253723 0.0175393761804 -0.00243310784359 0.0515463622464
* 238 23.8577079773 -1.00930944405 0.962363886847 4.74 0.2 0.2 -1.02551221848 0.963419437408 4.68810171286 0.195                                0.393 0.200909759174 0.389808157584 0.0162027744258 -0.00105555056184 0.0518982871426
* 239 23.9582409859 -1.00835758337 0.942386550657 4.76 0.2 0.2 -1.02258872986 0.939856052399 4.71089929739 0.197                                0.391 0.195212644252 0.37284613187 0.0142311464916 0.00253049825811 0.0491007026089
* 240 24.0610339642 -1.00700639296 0.922432245746 4.78 0.2 0.2 -1.0227227211 0.916815757751 4.73330253759 0.197                                0.386 0.190362921591 0.378182210233 0.0157163281379 0.00561648799411 0.0466974624051
* 241 24.1614630222 -1.00525641329 0.902508953569 4.8 0.2 0.2 -1.02264308929 0.89998292923 4.75976699988 0.196                                0.381 0.196809731018 0.376603311657 0.0173866760013 0.00252602433912 0.0402330001248
* 242 24.2619149685 -1.00310834433 0.882624643178 4.82 0.2 0.2 -1.0198340416 0.87757396698 4.78938097159 0.193                                0.381 0.193226289712 0.356941208985 0.0167256972665 0.00505067619789 0.0306190284146
* 243 24.3624958992 -1.00056304527 0.862787268032 4.84 0.2 0.2 -1.01854324341 0.862498283386 4.81402773062 0.194                                0.375 0.202670724147 0.353774759785 0.0179801981399 0.000288984645426 0.0259722693814
* 244 24.4645268917 -0.997621534197 0.843004762816 4.86 0.2 0.2 -1.01156282425 0.841322898865 4.8370260636 0.195                                0.369 0.200061764825 0.325185662588 0.0139412900524 0.00168186395102 0.0229739364041
* 245 24.5649168491 -0.99428498768 0.823285040269 4.88 0.2 0.2 -1.00695562363 0.816603183746 4.85610241095 0.197                                0.359 0.191393846215 0.323559874007 0.0126706359469 0.0066818565222 0.023897589053
* 246 24.6653158665 -0.990554740291 0.803635988016 4.9 0.2 0.2 -1.0030503273 0.797930717468 4.87115091482 0.196                                0.344 0.193399341739 0.330842485694 0.0124955870097 0.00570527054779 0.0288490851773
* 247 24.7657330036 -0.986432284081 0.784065465417 4.92 0.2 0.2 -0.997090816498 0.781282901764 4.88651746908 0.194                                0.337 0.198295261602 0.325531900622 0.0106585324171 0.00278256365331 0.033482530917
* 248 24.8662099838 -0.981919267975 0.76458130042 4.94 0.2 0.2 -0.992958545685 0.760219573975 4.90360540548 0.194                                0.335 0.195976042386 0.334845891348 0.0110392777095 0.00436172644556 0.0363945945156
* 249 24.9666399956 -0.977017497121 0.745191286431 4.96 0.2 0.2 -0.988608837128 0.738822937012 4.92044777075 0.195                                0.331 0.193007811451 0.346410459902 0.0115913400062 0.00636834941937 0.0395522292508
* 250 25.0670838356 -0.971728932162 0.725903179197 4.98 0.2 0.2 -0.980177402496 0.720311164856 4.93391889731 0.195                                0.335 0.193375335097 0.338926197724 0.00844847033414 0.00559201434111 0.0460811026944
* 251 25.1675338745 -0.966055688453 0.706724693704 5.0 0.2 0.2 -0.970686912537 0.701929569244 4.94730562369 0.194                                0.337 0.193334257485 0.327605623078 0.00463122408369 0.00479512445942 0.052694376315
* 252 25.267936945 -0.960000035216 0.68766350109 5.02 0.2 0.2 -0.969633579254 0.680825710297 4.96368784109 0.193                                0.337 0.192150872376 0.366518049664 0.00963354403863 0.00683779079316 0.0563121589077
* 253 25.3683729172 -0.953564394631 0.668727225578 5.04 0.2 0.2 -0.962282180786 0.659758090973 4.9826301972 0.192                                0.334 0.188417343262 0.366989829788 0.0087177861556 0.00896913460504 0.0573698027981
* 254 25.4687800407 -0.946751340868 0.649923441426 5.06 0.2 0.2 -0.955926418304 0.64169216156 4.9990443627 0.192                                0.349 0.190183510431 0.375371998306 0.00917507743607 0.00823127986591 0.0609556373013
* 255 25.5691928864 -0.93956359906 0.631259669897 5.08 0.2 0.2 -0.948885440826 0.620896816254 5.01721805731 0.19                                0.356 0.186978563298 0.383871380433 0.00932184176669 0.0103628536432 0.0627819426907
* 256 25.6695950031 -0.932004044205 0.61274337625 5.1 0.2 0.2 -0.94033575058 0.605982303619 5.03453201452 0.189                                0.365 0.192844871739 0.376905334101 0.00833170637437 0.00676107263088 0.0654679854763
* 257 25.7700309753 -0.924075700027 0.594381966757 5.12 0.2 0.2 -0.932760715485 0.592631340027 5.05137437979 0.188                                0.369 0.201733232151 0.374906669625 0.00868501545787 0.00175062673003 0.0686256202114
* 258 25.8704738617 -0.915781737756 0.576182785736 5.14 0.2 0.2 -0.924106121063 0.580045223236 5.07260126272 0.191                                0.369 0.211213583815 0.358655711992 0.0083243833077 -0.00386243750044 0.0673987372769
* 259 25.970897913 -0.907125474866 0.558153112616 5.16 0.2 0.2 -0.900723934174 0.560415744781 5.10203737417 0.194                                0.364 0.19906070948 0.262583983459 -0.00640154069256 -0.00226263216517 0.0579626258267
* 260 26.0713009834 -0.898110373748 0.540300159028 5.18 0.2 0.2 -0.899895191193 0.542546749115 5.11988205114 0.198                                0.342 0.204573908741 0.311601191104 0.00178481744431 -0.00224659008724 0.0601179488552
* 261 26.1718318462 -0.888740040322 0.522631065913 5.2 0.2 0.2 -0.889266014099 0.526129722595 5.13189882437 0.198                                0.318 0.205611090536 0.315666724126 0.000525973776807 -0.00349865668186 0.0681011756314
* 262 26.2722949982 -0.879018222597 0.505152900675 5.22 0.2 0.2 -0.873920440674 0.505323886871 5.14528841177 0.201                                0.317 0.195908410121 0.304916940578 -0.00509778192273 -0.000170986196567 0.074711588229
* 263 26.3726990223 -0.868948809169 0.487872654345 5.24 0.2 0.2 -0.866671562195 0.488008975983 5.16096157232 0.202                                0.316 0.197834886413 0.328155116072 -0.00227724697369 -0.000136321637597 0.079038427676
* 264 26.4731199741 -0.858535827669 0.470797238792 5.26 0.2 0.2 -0.859761714935 0.475279808044 5.17725557486 0.199                                0.313 0.207433891905 0.341941944062 0.001225887266 -0.00448256925206 0.0827444251431
* 265 26.5735478401 -0.847783443153 0.453933483955 5.28 0.2 0.2 -0.845859050751 0.456758975983 5.20136541525 0.199                                0.319 0.202215665789 0.321945560392 -0.00192439240195 -0.00282549202742 0.07863458475
* 266 26.6739509106 -0.836695956429 0.437288135111 5.3 0.2 0.2 -0.838492393494 0.439328193665 5.21871561209 0.201                                0.322 0.204070574885 0.348313211347 0.00179643706455 -0.00204005855378 0.0812843879116
* 267 26.774520874 -0.825277802345 0.420867850177 5.32 0.2 0.2 -0.828334331512 0.424046516418 5.23282188574 0.2                                0.322 0.206861991609 0.361751383946 0.00305652916704 -0.00317866624191 0.0871781142605
* 268 26.8749058247 -0.813533548011 0.404679197048 5.34 0.2 0.2 -0.814406871796 0.406680107117 5.24835676352 0.202                                0.332 0.203020429877 0.361653644794 0.000873323784643 -0.00200091006909 0.0916432364834
* 269 26.9753239155 -0.801467890971 0.388728650969 5.36 0.2 0.2 -0.802698135376 0.390163421631 5.26213020483 0.202                                0.338 0.202367774715 0.376169267326 0.00123024440493 -0.00143477066148 0.0978697951687
* 270 27.0757288933 -0.789085657327 0.373022591948 5.38 0.2 0.2 -0.794816017151 0.377807617188 5.28178590933 0.201                                0.343 0.211720788234 0.388465751421 0.00573035982343 -0.0047850252399 0.0982140906704
* 271 27.1761510372 -0.776391799809 0.357567302196 5.4 0.2 0.2 -0.776516914368 0.354803562164 5.3025345842 0.2                                0.349 0.195083602151 0.383504175396 0.000125114559076 0.00276374003218 0.0974654158009
* 272 27.2766289711 -0.763391395788 0.342368963626 5.42 0.2 0.2 -0.76629447937 0.339967250824 5.31664085785 0.201                                0.349 0.198349924988 0.406674702633 0.00290308358187 0.00240171280188 0.10335914215
* 273 27.3770329952 -0.750089645255 0.327433655368 5.44 0.2 0.2 -0.755689144135 0.32684469223 5.33208132187 0.198                                0.36 0.203776480366 0.421679284819 0.00559949887986 0.00058896313827 0.10791867813
* 274 27.4774110317 -0.736491868731 0.312767351349 5.46 0.2 0.2 -0.740895271301 0.311176300049 5.34723091522 0.196                                0.371 0.20109997706 0.427853187118 0.00440340257057 0.00159105129975 0.112769084777
* 275 27.5778200626 -0.722603505146 0.298375917892 5.48 0.2 0.2 -0.728038311005 0.295421600342 5.36447096268 0.196                                0.377 0.200359235986 0.442511361738 0.00543480585896 0.00295431755037 0.115529037322
* 276 27.6782269478 -0.70843010966 0.284265111381 5.5 0.2 0.2 -0.719962596893 0.282356262207 5.38697863022 0.195                                0.388 0.208901286351 0.462560468736 0.0115324872335 0.00190884917373 0.11302136978
* 277 27.7786920071 -0.693977351442 0.270440575949 5.52 0.2 0.2 -0.700013160706 0.263836860657 5.41107893387 0.195                                0.395 0.196723014773 0.447277833571 0.00603580926312 0.00660371529208 0.10892106613
* 278 27.8791379929 -0.679251011404 0.256907841226 5.54 0.2 0.2 -0.68708896637 0.252033233643 5.42879820267 0.194                                0.396 0.201385118653 0.452799734603 0.00783795496559 0.00487460758361 0.111201797332
* 279 27.9795799255 -0.664256979884 0.243672320126 5.56 0.2 0.2 -0.673642158508 0.238904476166 5.44668674866 0.194                                0.406 0.203616147119 0.462856888546 0.00938517862401 0.00476784396056 0.113313251342
* 280 28.0800149441 -0.649001254296 0.230739306681 5.58 0.2 0.2 -0.658303260803 0.222817420959 5.4627203981 0.193                                0.411 0.199603019155 0.482190407746 0.00930200650732 0.00792188572173 0.117279601897
* 281 28.1804499626 -0.633489936726 0.218113973924 5.6 0.2 0.2 -0.64475107193 0.209586143494 5.48145485321 0.193                                0.413 0.201632259123 0.495345723262 0.0112611352042 0.0085278304301 0.118545146788
* 282 28.2809109688 -0.617729231494 0.205801371819 5.62 0.2 0.2 -0.630106925964 0.199028015137 5.50920153061 0.192                                0.426 0.206109133508 0.478382265867 0.0123776944705 0.00677335668204 0.11079846939
* 283 28.3813979626 -0.601725442672 0.193806425243 5.64 0.2 0.2 -0.614822387695 0.184030056 5.53540325562 0.192                                0.431 0.204171106512 0.482803202193 0.0130969450229 0.00977636924312 0.104596744384
* 284 28.4818279743 -0.585484971563 0.182133932015 5.66 0.2 0.2 -0.599356651306 0.168988227844 5.55919123093 0.193                                0.427 0.201986245316 0.493829447405 0.0138716797427 0.0131457041706 0.100808769072
* 285 28.5822238922 -0.569014314139 0.170788560976 5.68 0.2 0.2 -0.579498291016 0.158781528473 5.58356810013 0.193                                0.43 0.199586688581 0.467435262597 0.0104839768767 0.0120070325033 0.0964318998707
* 286 28.683891058 -0.552320058442 0.159774850124 5.7 0.2 0.2 -0.563450813293 0.148428916931 5.60035086075 0.192                                0.433 0.201637373993 0.472496192317 0.0111307548513 0.0113459331931 0.0996491392506
* 287 28.7844388485 -0.535408881953 0.149097204796 5.72 0.2 0.2 -0.54921245575 0.137345314026 5.62089157501 0.191                                0.428 0.205537235455 0.483113223805 0.0138035737967 0.0117518907706 0.0991084249867
* 288 28.8851759434 -0.518287548916 0.138759895908 5.74 0.2 0.2 -0.530539035797 0.124938011169 5.6389083902 0.192                                0.428 0.20164035782 0.490570750043 0.012251486881 0.0138218847391 0.101091609801
* 289 28.9859528542 -0.500962907637 0.128767058246 5.76 0.2 0.2 -0.515257835388 0.114346981049 5.66095447937 0.191                                0.426 0.204740866844 0.496763432315 0.0142949277513 0.0144200771976 0.0990455206288
* 290 29.0866620541 -0.483441887741 0.119122688811 5.78 0.2 0.2 -0.498245716095 0.107054710388 5.68706608215 0.191                                0.428 0.208891824098 0.475366287394 0.0148038283543 0.0120679784231 0.0929339178456
* 291 29.1872808933 -0.465731497402 0.109830645223 5.8 0.2 0.2 -0.478243350983 0.0943593978882 5.711543564 0.191                                0.425 0.203053112555 0.476285164792 0.0125118535809 0.0154712473348 0.0884564360035
* 292 29.2880890369 -0.44783882054 0.100894644175 5.82 0.2 0.2 -0.461136817932 0.0880303382874 5.73026466766 0.193                                0.421 0.20732068648 0.467467413537 0.0132979973918 0.0128643058875 0.0897353323353
* 293 29.3889009953 -0.429771013988 0.0923182599482 5.84 0.2 0.2 -0.443402290344 0.0761957168579 5.74918127457 0.192                                0.418 0.205460404049 0.486706320186 0.0136312763558 0.0161225430903 0.0908187254322
* 294 29.4895279408 -0.411535304628 0.0841049229823 5.86 0.2 0.2 -0.426828384399 0.0695161819458 5.76850128571 0.192                                0.415 0.210085793621 0.484383332789 0.0152930797716 0.0145887410365 0.0914987142933
* 295 29.5899748802 -0.393138986499 0.0762579185025 5.88 0.2 0.2 -0.411810398102 0.0614762306213 5.79237652222 0.192                                0.418 0.216158879167 0.487141256234 0.0186714116027 0.0147816878812 0.0876234777821
* 296 29.6903660297 -0.374589417884 0.0687803852059 5.9 0.2 0.2 -0.392813205719 0.0516710281372 5.81964350144 0.193                                0.413 0.214767620009 0.483882443967 0.0182237878348 0.0171093570687 0.0803564985645
* 297 29.7908689976 -0.355894018363 0.0616753140061 5.92 0.2 0.2 -0.372635364532 0.0466089248657 5.83857298294 0.195                                0.406 0.214719569922 0.469890356776 0.0167413461691 0.0150663891404 0.0814270170582
* 298 29.8914330006 -0.337060265847 0.054945546837 5.94 0.2 0.2 -0.354293823242 0.0386061668396 5.85786772171 0.196                                0.403 0.215283266021 0.478300259681 0.0172335573952 0.0163393799974 0.0821322782887
* 299 29.9922218323 -0.318095693585 0.0485937755155 5.96 0.2 0.2 -0.333006381989 0.032178401947 5.87712240616 0.196                                0.397 0.212166951036 0.4734828122 0.0149106884036 0.0164153735685 0.0828775938404
* 300 30.0926320553 -0.299007887153 0.0426225406656 5.98 0.2 0.2 -0.316412448883 0.0267081260681 5.8956160585 0.197                                0.397 0.217281580427 0.478217051671 0.0174045617296 0.0159144145975 0.0843839414967
* 301 30.193240881 -0.27980448142 0.0370342307017 6.0 0.2 0.2 -0.297722816467 0.0208878517151 5.92261553208 0.197                                0.397 0.219123912041 0.466453653563 0.0179183350469 0.0161463789866 0.0773844679249
* 302 30.2947599888 -0.260493157492 0.031831080873 6.02 0.2 0.2 -0.276928424835 0.013256072998 5.94993496338 0.198                                0.394 0.216354901949 0.462409779216 0.016435267343 0.018575007875 0.07006503662
* 303 30.395403862 -0.241081639641 0.0270151723704 6.04 0.2 0.2 -0.256964683533 0.00894451141357 5.97070455948 0.198                                0.387 0.216550422719 0.455932641955 0.0158830438919 0.0180706609568 0.0692954405201
* 304 30.4968039989 -0.221577692215 0.0225884314928 6.06 0.2 0.2 -0.233805656433 0.0029411315918 5.99084330002 0.199                                0.388 0.210295566065 0.457241875902 0.0122279642185 0.019647299901 0.0691566999806
* 305 30.5974049568 -0.201989116533 0.0185526288777 6.08 0.2 0.2 -0.211438179016 0.000565528869629 6.00726700226 0.2                                0.385 0.206939010767 0.448873019526 0.00944906248352 0.017987100008 0.0727329977406
* 306 30.6980140209 -0.182323747764 0.0149093787922 6.1 0.2 0.2 -0.192915916443 -0.00304746627808 6.03143024841 0.198                                0.388 0.209837307739 0.442345703105 0.0105921686791 0.0179568450703 0.0685697515858
* 307 30.7986810207 -0.162589451793 0.0116601384879 6.12 0.2 0.2 -0.1735496521 -0.00976085662842 6.06539631287 0.199                                0.397 0.210521785197 0.436985536682 0.0109602003062 0.0214209951163 0.0546036871327
* 308 30.8997328281 -0.142794122077 0.00880620761756 6.14 0.2 0.2 -0.15000629425 -0.0162401199341 6.09508848587 0.199                                0.397 0.204077151403 0.435737106939 0.00721217217364 0.0250463275516 0.0449115141285
* 309 31.0007920265 -0.122945676482 0.00634872771543 6.16 0.2 0.2 -0.128232002258 -0.0153160095215 6.12492180267 0.2                                0.398 0.203094362663 0.395861035925 0.00528632577628 0.0216647372369 0.0350781973255
* 310 31.1013958454 -0.103052054123 0.00428868174072 6.18 0.2 0.2 -0.103539943695 -0.022515296936 6.15156889359 0.199                                0.401 0.194513546736 0.410472353993 0.000487889572536 0.0268039786768 0.0284311064137
* 311 31.2029988766 -0.0831212121821 0.00262689368437 6.2 0.2 0.2 -0.0841455459595 -0.0211029052734 6.16996621737 0.199                                0.394 0.196946587206 0.395672309432 0.0010243337774 0.0237297989578 0.0300337826264
* 312 31.3036808968 -0.0631611227317 0.00136402823944 6.22 0.2 0.2 -0.0654315948486 -0.0216569900513 6.19651889453 0.197                                0.399 0.200424670803 0.380622785648 0.00227047211696 0.0230210182907 0.0234811054719
* 313 31.404271841 -0.043179769541 0.000500590535265 6.24 0.2 0.2 -0.0432629585266 -0.0265412330627 6.22771501565 0.197                                0.396 0.19746170834 0.383917026586 8.31889856312e-05 0.027041823598 0.0122849843455
* 314 31.5048618317 -0.0231851448849 3.69259354162e-05 6.26 0.2 0.2 -0.0268816947937 -0.0255274772644 6.25484180475 0.197                                0.387 0.205289971441 0.363143643403 0.00369654990883 0.0255644031998 0.00515819525248
* 315 31.6054449081 -0.0031852463466 -2.67801004475e-05 6.28 0.2 0.2 -0.000111103057861 -0.0246787071228 0.00516079552472 0.198                                0.386 0.194742624734 1.0 -0.00307414328874 0.0246519270224 6.27483920448
