### Ensaio do Controlador Klancar com Laser (Círculo) ###

# Parâmetros #

# Número do Ensaio: 5
# Frequência: 10.0 Hz
# Raio: 1.00 m
# Velocidade Linear da Base: 0.10 m/s
# Velocidade Angular da Base: 0.10 rad/s
# Parâmetro ksi: 0.80
# Parâmetro w_n: 0.33
# Parâmetro g: 10.00

* 1 0.0 0.0 0.0 0.0 0.1 0.1 0.0 0.0 0.0 0.0 0.0 0.1 0.1
* 2 0.100233793259 0.00999950000417 9.99983333417e-05 0.01 0.1 0.1 0.0 0.0 0.0 0.0 0.0 0.105301334378 0.105406597998
* 3 0.201950788498 0.0199975000708 0.000299985000275 0.02 0.1 0.1 0.0 0.0 0.0 0.0 0.0 0.110591873383 0.110913184329
* 4 0.302221775055 0.0299930004083 0.0005999400023 0.03 0.1 0.1 0.0244102478027 -0.00250339508057 0.00365655776113 0.0699994400007 0.068 0.102933848328 0.117062310899
* 5 0.402457952499 0.0399850014749 0.000999833344166 0.04 0.1 0.1 0.0393838882446 0.00105285644531 0.00683473981917 0.0839999039726 0.082 0.100263795284 0.117542345572
* 6 0.502710819244 0.0499725040789 0.00149962503687 0.05 0.1 0.1 0.0393838882446 0.00105285644531 0.00683473981917 0.0839999039726 0.082 0.105527296146 0.123280463805
* 7 0.602995872498 0.0599545094782 0.00209926510167 0.06 0.1 0.1 0.0509819984436 0.00102376937866 0.00911527127028 0.0899982939258 0.094 0.10463692197 0.127996153744
* 8 0.703206777573 0.0699300194808 0.00279869357504 0.07 0.1 0.1 0.0509819984436 0.00102376937866 0.00911527127028 0.0899982939258 0.094 0.10987783361 0.133911224605
* 9 0.803469896317 0.0798980365438 0.00359784051473 0.08 0.1 0.1 0.0509819984436 0.00102376937866 0.00911527127028 0.0909960909315 0.098 0.115105270168 0.139926078088
* 10 0.903678894043 0.0898575638739 0.00449662600671 0.09 0.1 0.1 0.0509819984436 0.00102376937866 0.00911527127028 0.0969883156872 0.108 0.120318708903 0.146040643369
* 11 1.00408482552 0.0998076055267 0.00549496017318 0.1 0.1 0.1 0.0719351768494 0.0019097328186 0.0230629052967 0.100000144906 0.113 0.11453490292 0.143768947806
* 12 1.10429000854 0.109747166506 0.00659274318155 0.11 0.1 0.1 0.0964226722717 0.00188302993774 0.0368924662471 0.101981224024 0.119 0.106891030598 0.143010287977
* 13 1.20463585854 0.119675252865 0.00778986525444 0.12 0.1 0.1 0.0964226722717 0.00188302993774 0.0368924662471 0.102991759155 0.124 0.112101287018 0.149147006623
* 14 1.30484890938 0.129590871802 0.00908620668064 0.13 0.1 0.1 0.0964226722717 0.00188302993774 0.0368924662471 0.1029748604 0.124 0.117296908589 0.155383336957
* 15 1.40516996384 0.139493031764 0.0104816378271 0.14 0.1 0.1 0.0964226722717 0.00188302993774 0.0368924662471 0.1029748604 0.124 0.122477375751 0.161719186008
* 16 1.50540590286 0.149380742543 0.0119760191518 0.15 0.1 0.1 0.0964226722717 0.00188302993774 0.0368924662471 0.102965793156 0.125 0.127642170463 0.168154450852
* 17 1.60564088821 0.159253015377 0.013569201218 0.16 0.1 0.1 0.0964226722717 0.00188302993774 0.0368924662471 0.102965793156 0.125 0.132790776249 0.174689018623
* 18 1.70586180687 0.169108863046 0.0152610247086 0.17 0.1 0.1 0.0964226722717 0.00188302993774 0.0368924662471 0.102965793156 0.125 0.137922678253 0.181322766526
* 19 1.80605578423 0.178947299974 0.0170513204429 0.18 0.1 0.1 0.0964226722717 0.00188302993774 0.0368924662471 0.102965793156 0.125 0.14303736329 0.188055561846
* 20 1.90645885468 0.188767342325 0.0189399093927 0.19 0.1 0.1 0.0964226722717 0.00188302993774 0.0368924662471 0.103930142931 0.126 0.148134319894 0.194887261965
* 21 2.00664877892 0.198568008104 0.0209266027006 0.2 0.1 0.1 0.0964226722717 0.00188302993774 0.0368924662471 0.103877251251 0.127 0.153213038375 0.201817714375
* 22 2.10701179504 0.208348317251 0.0230112016991 0.21 0.1 0.1 0.0964226722717 0.00188302993774 0.0368924662471 0.103877251251 0.127 0.158273010865 0.208846756692
* 23 2.20724081993 0.218107291744 0.0251934979299 0.22 0.1 0.1 0.0964226722717 0.00188302993774 0.0368924662471 0.103877251251 0.127 0.163313731371 0.215974216672
* 24 2.30745100975 0.227843955694 0.0274732731652 0.23 0.1 0.1 0.0964226722717 0.00188302993774 0.0368924662471 0.103851042768 0.127 0.168334695825 0.223199912231
* 25 2.40768694878 0.237557335443 0.0298502994295 0.24 0.1 0.1 0.0964226722717 0.00188302993774 0.0368924662471 0.105819772145 0.129 0.173335402134 0.230523651462
* 26 2.50802087784 0.24724645966 0.032324339022 0.25 0.1 0.1 0.0964226722717 0.00188302993774 0.0368924662471 0.107793533005 0.131 0.178315350233 0.237945232652
* 27 2.60828185081 0.256910359441 0.034895144541 0.26 0.1 0.1 0.0964226722717 0.00188302993774 0.0368924662471 0.11072915024 0.135 0.183274042131 0.245464444304
* 28 2.70874595642 0.266548068405 0.0375624589079 0.27 0.1 0.1 0.0964226722717 0.00188302993774 0.0368924662471 0.11072915024 0.135 0.188210981962 0.25308106516
* 29 2.80901193619 0.276158622788 0.0403260153935 0.28 0.1 0.1 0.0964226722717 0.00188302993774 0.0368924662471 0.11072915024 0.135 0.193125676037 0.260794864218
* 30 2.90933394432 0.285741061543 0.0431855376445 0.29 0.1 0.1 0.0964226722717 0.00188302993774 0.0368924662471 0.11072915024 0.135 0.19801763289 0.268605600762
* 31 3.00966286659 0.295294426434 0.0461407397112 0.3 0.1 0.1 0.0964226722717 0.00188302993774 0.0368924662471 0.11072915024 0.135 0.20288636333 0.276513024379
* 32 3.11003279686 0.304817762133 0.0491913260756 0.31 0.1 0.1 0.0964226722717 0.00188302993774 0.0368924662471 0.11072915024 0.135 0.207731380488 0.284516874989
* 33 3.21044397354 0.314310116314 0.0523369916818 0.32 0.1 0.1 0.343839168549 0.0415802001953 0.171359792352 0.11070235446 0.135 0.0844303308538 0.194512017354
* 34 3.31072998047 0.323770539749 0.0555774219657 0.33 0.1 0.1 0.343839168549 0.0415802001953 0.171359792352 0.11070235446 0.135 0.0895172597721 0.201398373375
* 35 3.41116881371 0.333198086405 0.0589122928871 0.34 0.1 0.1 0.343839168549 0.0415802001953 0.171359792352 0.11070235446 0.135 0.0945856693517 0.208383393064
* 36 3.51150584221 0.342591813533 0.0623412709617 0.35 0.1 0.1 0.343839168549 0.0415802001953 0.171359792352 0.11070235446 0.135 0.0996350527559 0.21546690858
* 37 3.61175894737 0.35195078177 0.0658640132944 0.36 0.1 0.1 0.343839168549 0.0415802001953 0.171359792352 0.11070235446 0.135 0.104664905051 0.222648742234
* 38 3.7120578289 0.361274055226 0.0694801676141 0.37 0.1 0.1 0.343839168549 0.0415802001953 0.171359792352 0.11070235446 0.135 0.109674723255 0.229928706504
* 39 3.81228494644 0.370560701582 0.0731893723082 0.38 0.1 0.1 0.343839168549 0.0415802001953 0.171359792352 0.114205116934 0.137 0.11466400639 0.237306604054
* 40 3.91265177727 0.37980979218 0.0769912564594 0.39 0.1 0.1 0.343839168549 0.0415802001953 0.171359792352 0.114118091694 0.138 0.119632255534 0.244782227757
* 41 4.01285195351 0.38902040212 0.0808854398825 0.4 0.1 0.1 0.343839168549 0.0415802001953 0.171359792352 0.114007090784 0.139 0.124578973864 0.252355360712
* 42 4.11322784424 0.398191610349 0.0848715331624 0.41 0.1 0.1 0.343839168549 0.0415802001953 0.171359792352 0.114007090784 0.139 0.129503666713 0.260025776268
* 43 4.21357297897 0.407322499752 0.088949137693 0.42 0.1 0.1 0.343839168549 0.0415802001953 0.171359792352 0.114007090784 0.139 0.134405841616 0.267793238045
* 44 4.31396985054 0.416412157248 0.0931178457172 0.43 0.1 0.1 0.343839168549 0.0415802001953 0.171359792352 0.114007090784 0.139 0.13928500836 0.275657499959
* 45 4.4141869545 0.425459673881 0.0973772403679 0.44 0.1 0.1 0.343839168549 0.0415802001953 0.171359792352 0.114007090784 0.139 0.144140679032 0.283618306245
* 46 4.51448082924 0.434464144904 0.101726895709 0.45 0.1 0.1 0.343839168549 0.0415802001953 0.171359792352 0.114007090784 0.139 0.148972368068 0.291675391486
* 47 4.61482596397 0.443424669879 0.106166376779 0.46 0.1 0.1 0.343839168549 0.0415802001953 0.171359792352 0.114007090784 0.139 0.153779592305 0.299828480635
* 48 4.71512794495 0.452340352761 0.110695239632 0.47 0.1 0.1 0.343839168549 0.0415802001953 0.171359792352 0.114007090784 0.139 0.158561871023 0.308077289046
* 49 4.81549978256 0.461210301989 0.115313031388 0.48 0.1 0.1 0.343839168549 0.0415802001953 0.171359792352 0.114007090784 0.139 0.163318725999 0.3164215225
* 50 4.91577386856 0.470033630575 0.12001929027 0.49 0.1 0.1 0.343839168549 0.0415802001953 0.171359792352 0.113947515397 0.139 0.168049681551 0.324860877235
* 51 5.01601481438 0.478809456194 0.124813545656 0.5 0.1 0.1 0.343839168549 0.0415802001953 0.171359792352 0.113907228701 0.14 0.172754264587 0.333395039981
* 52 5.11624884605 0.487536901271 0.129695318124 0.51 0.1 0.1 0.343839168549 0.0415802001953 0.171359792352 0.113845944405 0.139 0.177432004654 0.342023687982
* 53 5.21644592285 0.496215093067 0.134664119503 0.52 0.1 0.1 0.554724216461 0.110150337219 0.299665719271 0.117303239206 0.139 0.0717577773396 0.257615855399
* 54 5.31680297852 0.504843163773 0.139719452915 0.53 0.1 0.1 0.554724216461 0.110150337219 0.299665719271 0.117192619769 0.138 0.0767007991345 0.265205484951
* 55 5.41700291634 0.513420250586 0.144860812831 0.54 0.1 0.1 0.554724216461 0.110150337219 0.299665719271 0.118106079914 0.142 0.081621711865 0.272892357743
* 56 5.51739287376 0.521945495807 0.150087685121 0.55 0.1 0.1 0.554724216461 0.110150337219 0.299665719271 0.118106079914 0.142 0.086520023444 0.280676235749
* 57 5.61764097214 0.530418046917 0.1553995471 0.56 0.1 0.1 0.554724216461 0.110150337219 0.299665719271 0.118106079914 0.142 0.0913952440442 0.288556871244
* 58 5.71794486046 0.538837056669 0.160795867587 0.57 0.1 0.1 0.554724216461 0.110150337219 0.299665719271 0.119062334719 0.146 0.0962468861479 0.296534006827
* 59 5.81905388832 0.547201683168 0.166276106955 0.58 0.1 0.1 0.640079498291 0.144747257233 0.345627367496 0.119062334719 0.146 0.0547646096917 0.276093670815
* 60 5.91927099228 0.555511089959 0.171839717184 0.59 0.1 0.1 0.640079498291 0.144747257233 0.345627367496 0.119062334719 0.146 0.0596764543916 0.283819746924
* 61 6.01967692375 0.563764446108 0.177486141918 0.6 0.1 0.1 0.672500610352 0.156116485596 0.368533700705 0.110564813526 0.223 0.0475907017533 0.281936705861
* 62 6.11992692947 0.571960926286 0.183214816519 0.61 0.1 0.1 0.693892478943 0.166174888611 0.397914528847 0.088928915392 0.253 0.0416143808673 0.275501954558
* 63 6.22028779984 0.580099710853 0.189025168125 0.62 0.1 0.1 0.693892478943 0.166174888611 0.397914528847 0.0775053164622 0.258 0.0465752680682 0.283011197753
* 64 6.32070589066 0.588179985936 0.194916615704 0.63 0.1 0.1 0.693892478943 0.166174888611 0.397914528847 0.0775053164622 0.258 0.0515144537843 0.290617873212
* 65 6.42092680931 0.596200943515 0.200888570118 0.64 0.1 0.1 0.693892478943 0.166174888611 0.397914528847 0.0775053164622 0.258 0.0564314441011 0.298321750931
* 66 6.52114796638 0.6041617815 0.206940434175 0.65 0.1 0.1 0.693892478943 0.166174888611 0.397914528847 0.0657452280622 0.275 0.0613257473236 0.306122591182
* 67 6.62146186829 0.612061703815 0.213071602695 0.66 0.1 0.1 0.706223964691 0.173097133636 0.434399008751 0.0581975138549 0.278 0.0610664791757 0.29560880902
* 68 6.72168397903 0.619899920474 0.219281462565 0.67 0.1 0.1 0.721465110779 0.184794425964 0.472886949778 0.048709648377 0.277 0.0584170821364 0.281561043983
* 69 6.8220539093 0.627675647662 0.225569392805 0.68 0.1 0.1 0.724528312683 0.188818454742 0.486009627581 0.0486432198205 0.279 0.0617894174726 0.280678250751
* 70 6.92231798172 0.635388107812 0.231934764628 0.69 0.1 0.1 0.733639717102 0.193739414215 0.513319432735 0.0517231695934 0.279 0.0629780734759 0.275278580077
* 71 7.02253079414 0.643036529684 0.2383769415 0.7 0.1 0.1 0.733639717102 0.193739414215 0.513319432735 0.0549554689113 0.28 0.068011792853 0.282441161376
* 72 7.12300300598 0.650620148444 0.24489527921 0.71 0.1 0.1 0.737906455994 0.196522712708 0.52505427599 0.0571633397398 0.279 0.0710816766673 0.283753047557
* 73 7.22327494621 0.658138205736 0.25148912593 0.72 0.1 0.1 0.737906455994 0.196522712708 0.52505427599 0.0616280051108 0.279 0.0760989548938 0.290996780095
* 74 7.3235309124 0.665589949759 0.25815782228 0.73 0.1 0.1 0.737906455994 0.196522712708 0.52505427599 0.0631111730974 0.282 0.081095882901 0.29833851996
* 75 7.42375183105 0.672974635346 0.264900701396 0.74 0.1 0.1 0.755653381348 0.211160182953 0.562999725342 0.0661230287641 0.28 0.0765557301535 0.283500794739
* 76 7.52409696579 0.680291524035 0.271717088996 0.75 0.1 0.1 0.762941837311 0.216428279877 0.57647061348 0.0712671400929 0.284 0.0777190192344 0.283488841127
* 77 7.62433695793 0.687539884143 0.278606303448 0.76 0.1 0.1 0.777101993561 0.228089809418 0.600627362728 0.0742466449161 0.284 0.0746740940679 0.276864771994
* 78 7.72464990616 0.694718990839 0.285567655834 0.77 0.1 0.1 0.784302711487 0.234342098236 0.611196517944 0.0753721326043 0.283 0.0754086072063 0.277629853421
* 79 7.82494878769 0.701828126219 0.292600450026 0.78 0.1 0.1 0.789371490479 0.239059448242 0.623570978642 0.0754324346494 0.28 0.0776571592015 0.277594998077
* 80 7.9250998497 0.708866579375 0.29970398275 0.79 0.1 0.1 0.789371490479 0.239059448242 0.623570978642 0.0756941726148 0.28 0.0827297074627 0.284558215499
* 81 8.02528977394 0.715833646469 0.306877543659 0.8 0.1 0.1 0.796187400818 0.244544029236 0.63584458828 0.0764588583306 0.279 0.0839919227665 0.284981067204
* 82 8.12551593781 0.722728630798 0.314120415403 0.81 0.1 0.1 0.808960437775 0.257893562317 0.659619987011 0.0793030351622 0.28 0.0809957189168 0.277076809806
* 83 8.22603297234 0.729550842871 0.3214318737 0.82 0.1 0.1 0.815535545349 0.26330280304 0.67310333252 0.0832167032261 0.283 0.0824767488313 0.277006956547
* 84 8.32633399963 0.736299600472 0.328811187411 0.83 0.1 0.1 0.820850372314 0.269149780273 0.689362823963 0.0825955509931 0.281 0.0845276091938 0.27444647937
* 85 8.42662286758 0.74297422873 0.336257618611 0.84 0.1 0.1 0.825738430023 0.274092197418 0.710520863533 0.0841534782698 0.278 0.0873870338401 0.269813353301
* 86 8.52692890167 0.749574060189 0.343770422662 0.85 0.1 0.1 0.833494663239 0.283026695251 0.732289016247 0.0847236648476 0.277 0.0877419714173 0.263743435076
* 87 8.62723684311 0.756098434871 0.351348848291 0.86 0.1 0.1 0.841513633728 0.288620948792 0.749434173107 0.088786084095 0.272 0.0888831146392 0.262781288205
* 88 8.72753977776 0.762546700343 0.358992137661 0.87 0.1 0.1 0.848142147064 0.292787075043 0.76584649086 0.0891030960512 0.269 0.0910699620022 0.26232069439
* 89 8.82789182663 0.768918211785 0.36669952645 0.88 0.1 0.1 0.848142147064 0.292787075043 0.76584649086 0.0910242784029 0.268 0.0962330875505 0.268766351532
* 90 8.92817783356 0.775212332051 0.374470243926 0.89 0.1 0.1 0.85333108902 0.300122737885 0.783007144928 0.0925216181588 0.264 0.0978762864974 0.264580069119
* 91 9.02841186523 0.781428431734 0.382303513022 0.9 0.1 0.1 0.865583896637 0.31631565094 0.825138986111 0.0934857166946 0.264 0.0951465757206 0.246319675533
* 92 9.12866187096 0.787565889229 0.390198550419 0.91 0.1 0.1 0.865583896637 0.31631565094 0.825138986111 0.0965180342187 0.262 0.100354303579 0.252473867175
* 93 9.22888898849 0.793624090795 0.398154566619 0.92 0.1 0.1 0.880852222443 0.333785057068 0.854621291161 0.0993156940682 0.256 0.095164161759 0.24275084737
* 94 9.32916998863 0.799602430618 0.406170766028 0.93 0.1 0.1 0.880852222443 0.333785057068 0.854621291161 0.103289421424 0.254 0.100385372314 0.248810520496
* 95 9.42946887016 0.805500310868 0.414246347032 0.94 0.1 0.1 0.886079311371 0.341866493225 0.865984141827 0.103754088517 0.251 0.101279847395 0.247551196306
* 96 9.52987098694 0.811317141763 0.42238050208 0.95 0.1 0.1 0.899658679962 0.357501983643 0.893888652325 0.107081336141 0.25 0.0973155171101 0.239278425468
* 97 9.63011789322 0.817052341624 0.430572417763 0.96 0.1 0.1 0.907207489014 0.368854522705 0.906996667385 0.108222485268 0.248 0.0961803227087 0.237163337163
* 98 9.73054289818 0.822705336935 0.438821274896 0.97 0.1 0.1 0.913188934326 0.376554012299 0.917324721813 0.10843942139 0.243 0.0969053402651 0.237649811168
* 99 9.83074784279 0.828275562403 0.447126248601 0.98 0.1 0.1 0.917881011963 0.384921073914 0.928908765316 0.108921061912 0.241 0.0978406743054 0.236125848225
* 100 9.93099784851 0.833762461009 0.455486508387 0.99 0.1 0.1 0.921743869781 0.393227577209 0.943520486355 0.108213071593 0.239 0.0992375571549 0.232439498109
* 101 10.0312488079 0.839165484067 0.463901218235 1.0 0.1 0.1 0.926652431488 0.402085781097 0.960329413414 0.109937575149 0.237 0.100185834827 0.22817239207
* 102 10.1315908432 0.844484091281 0.472369536682 1.01 0.1 0.1 0.926652431488 0.402085781097 0.960329413414 0.111676151295 0.236 0.105441234158 0.233975493383
* 103 10.2318577766 0.849717750794 0.480890616901 1.02 0.1 0.1 0.9393491745 0.421656608582 0.990382552147 0.114173513243 0.233 0.100159076393 0.223151953935
* 104 10.3326218128 0.854865939243 0.489463606793 1.03 0.1 0.1 0.944181919098 0.428755283356 1.00326907635 0.116891307289 0.231 0.101651544949 0.222132866291
* 105 10.4328258038 0.859928141816 0.498087649065 1.04 0.1 0.1 0.950481414795 0.438524723053 1.01458752155 0.118098358866 0.227 0.101440369514 0.221836370105
* 106 10.5331048965 0.864903852295 0.506761881321 1.05 0.1 0.1 0.950481414795 0.438524723053 1.01458752155 0.119066293155 0.226 0.106713234509 0.227497020544
* 107 10.6333358288 0.869792573113 0.515485436145 1.06 0.1 0.1 0.960427761078 0.459467887878 1.03813540936 0.120178579313 0.224 0.101159352582 0.218128392671
* 108 10.7335669994 0.874593815403 0.524257441188 1.07 0.1 0.1 0.960427761078 0.459467887878 1.03813540936 0.123841350251 0.224 0.106436397194 0.223753584322
* 109 10.8338098526 0.879307099045 0.533077019256 1.08 0.1 0.1 0.969201564789 0.479521274567 1.05769836903 0.123481464808 0.222 0.101318759106 0.216442525954
* 110 10.934073925 0.883931952714 0.541943288401 1.09 0.1 0.1 0.97244644165 0.488354682922 1.06835114956 0.125945396988 0.221 0.102279390846 0.214869616261
* 111 11.0343208313 0.888467913928 0.550855362001 1.1 0.1 0.1 0.975960254669 0.498075962067 1.08105409145 0.124236187681 0.219 0.102857773566 0.212089160805
* 112 11.1346468925 0.892914529096 0.559812348858 1.11 0.1 0.1 0.975960254669 0.498075962067 1.08105409145 0.125777670568 0.217 0.108138206757 0.217685179135
* 113 11.2349388599 0.897271353558 0.56881335328 1.12 0.1 0.1 0.985164642334 0.520140171051 1.108258605 0.128167300512 0.215 0.102295615944 0.206607390568
* 114 11.3351988792 0.901537951638 0.577857475174 1.13 0.1 0.1 0.985164642334 0.520140171051 1.108258605 0.131753554911 0.215 0.107584220931 0.212131387055
* 115 11.4356148243 0.905713896677 0.586943810135 1.14 0.1 0.1 0.992454528809 0.538103580475 1.13288521767 0.131482204598 0.212 0.103950563792 0.203041898253
* 116 11.5358929634 0.909798771086 0.596071449538 1.15 0.1 0.1 0.996069431305 0.550016880035 1.14768540859 0.134158529916 0.211 0.103486510625 0.198801191697
* 117 11.6361179352 0.91379216638 0.605239480625 1.16 0.1 0.1 0.996069431305 0.550016880035 1.14768540859 0.137065413921 0.208 0.108785393428 0.204230934163
* 118 11.7363348007 0.917693683223 0.614446986603 1.17 0.1 0.1 0.999802112579 0.562624454498 1.15928125381 0.136954692154 0.203 0.107769980762 0.201670614896
* 119 11.8366529942 0.921502931467 0.623693046727 1.18 0.1 0.1 1.00553131104 0.581813812256 1.17804849148 0.141149353969 0.204 0.103465301819 0.194694495171
* 120 11.9373660088 0.92521953019 0.632976736399 1.19 0.1 0.1 1.00920534134 0.592651367188 1.1866825819 0.143295250652 0.202 0.103137907643 0.194737694944
* 121 12.0376729965 0.928843107734 0.642297127259 1.2 0.1 0.1 1.00920534134 0.592651367188 1.1866825819 0.141684996776 0.199 0.108435719455 0.200177464854
* 122 12.1379189491 0.932373301746 0.651653287274 1.21 0.1 0.1 1.01120519638 0.601066589355 1.19696211815 0.143672554815 0.198 0.109704941557 0.198779601791
* 123 12.2381138802 0.93580975921 0.661044280838 1.22 0.1 0.1 1.0170211792 0.626982688904 1.22262477875 0.147424733645 0.199 0.102286879247 0.186566838239
* 124 12.3383998871 0.939152136481 0.670469168857 1.23 0.1 0.1 1.0170211792 0.626982688904 1.22262477875 0.151886088748 0.197 0.10759095938 0.191947189447
* 125 12.4387018681 0.942400099325 0.679927008851 1.24 0.1 0.1 1.02265405655 0.645754814148 1.24504828453 0.151936414347 0.193 0.103550144596 0.184290310935
* 126 12.5389928818 0.945553322949 0.689416855045 1.25 0.1 0.1 1.02513551712 0.656940460205 1.25865399837 0.156702896538 0.193 0.103428310074 0.181117721544
* 127 12.6393399239 0.948611492033 0.698937758461 1.26 0.1 0.1 1.02736711502 0.669538021088 1.26790952682 0.159642232695 0.19 0.102422235128 0.179742611352
* 128 12.7396028042 0.951574300762 0.708488767017 1.27 0.1 0.1 1.03003740311 0.680031776428 1.27510249615 0.159086575857 0.185 0.102311064429 0.18064259861
* 129 12.8399238586 0.954441452859 0.71806892562 1.28 0.1 0.1 1.03109359741 0.688912391663 1.28155636787 0.162191375622 0.183 0.103227554412 0.180958322464
* 130 12.9401988983 0.957212661609 0.727677276262 1.29 0.1 0.1 1.03260040283 0.699055671692 1.28878986835 0.159928886582 0.182 0.103455512942 0.181016936764
* 131 13.040517807 0.959887649895 0.737312858116 1.3 0.1 0.1 1.03260040283 0.699055671692 1.28878986835 0.161923497276 0.182 0.108755569112 0.186435635397
* 132 13.140889883 0.962466150221 0.746974707632 1.31 0.1 0.1 1.03434038162 0.71031332016 1.29620397091 0.162873804339 0.181 0.10837431188 0.186443425426
* 133 13.2411148548 0.964947904737 0.756661858633 1.32 0.1 0.1 1.0351600647 0.716348171234 1.30552089214 0.167265264559 0.182 0.110865738476 0.186008888484
* 134 13.3413248062 0.967332665272 0.766373342412 1.33 0.1 0.1 1.0351600647 0.716348171234 1.30552089214 0.167366799462 0.184 0.116151270497 0.19156025478
* 135 13.4416029453 0.96962019335 0.776108187829 1.34 0.1 0.1 1.04055929184 0.741579532623 1.33108592033 0.183683874709 0.184 0.108857472572 0.181838904847
* 136 13.541836977 0.971810260221 0.785865421408 1.35 0.1 0.1 1.04306268692 0.762508392334 1.35117411613 0.193415103621 0.186 0.103859351825 0.17400645841
* 137 13.6420679092 0.97390264688 0.795644067432 1.36 0.1 0.1 1.04306268692 0.762508392334 1.35117411613 0.198849203223 0.185 0.109161918951 0.179401315768
* 138 13.742866993 0.975897144089 0.805443148046 1.37 0.1 0.1 1.04329204559 0.77676486969 1.36057877541 0.196272664041 0.181 0.107416028579 0.176895078751
* 139 13.8432188034 0.977793552402 0.81526168335 1.38 0.1 0.1 1.04472732544 0.799068450928 1.37459266186 0.201600092168 0.18 0.101502423019 0.171675847483
* 140 13.943420887 0.979591682179 0.825098691498 1.39 0.1 0.1 1.04472732544 0.799068450928 1.37459266186 0.203481975749 0.179 0.106797985732 0.177136514433
* 141 14.043640852 0.981291353608 0.834953188798 1.4 0.1 0.1 1.04679250717 0.810397148132 1.38175296783 0.202988157181 0.175 0.106250247995 0.178631740366
* 142 14.1438817978 0.982892396724 0.844824189808 1.41 0.1 0.1 1.04770326614 0.819585323334 1.38889169693 0.201946603233 0.175 0.10692828631 0.17950867065
* 143 14.2441468239 0.984394651423 0.854710707436 1.42 0.1 0.1 1.04770326614 0.819585323334 1.38889169693 0.208154549547 0.176 0.112206213284 0.185126303173
* 144 14.3444199562 0.985797967481 0.86461175304 1.43 0.1 0.1 1.04770326614 0.819585323334 1.38889169693 0.208154549547 0.176 0.117472229482 0.190843870097
* 145 14.444742918 0.987102204569 0.874526336522 1.44 0.1 0.1 1.04770326614 0.819585323334 1.38889169693 0.208154549547 0.176 0.122725808305 0.196661330325
* 146 14.5451369286 0.988307232262 0.884453466432 1.45 0.1 0.1 1.04770326614 0.819585323334 1.38889169693 0.208154549547 0.176 0.1279664244 0.202578632771
* 147 14.6454718113 0.989412930061 0.894392150066 1.46 0.1 0.1 1.04770326614 0.819585323334 1.38889169693 0.208495113704 0.176 0.13319355371 0.208595716366
* 148 14.7457678318 0.990419187394 0.904341393564 1.47 0.1 0.1 1.04770326614 0.819585323334 1.38889169693 0.208495113704 0.176 0.138406673526 0.214712510061
* 149 14.8460128307 0.991325903639 0.914300202009 1.48 0.1 0.1 1.04770326614 0.819585323334 1.38889169693 0.208495113704 0.176 0.143605262541 0.220928932838
* 150 14.9463288784 0.992132988124 0.92426757953 1.49 0.1 0.1 1.04770326614 0.819585323334 1.38889169693 0.204656834994 0.177 0.148788800899 0.227244893715
* 151 15.0465888977 0.99284036014 0.934242529396 1.5 0.1 0.1 1.04770326614 0.819585323334 1.38889169693 0.201093600433 0.177 0.153956770252 0.233660291758
* 152 15.1468889713 0.993447948953 0.944224054121 1.51 0.1 0.1 1.04770326614 0.819585323334 1.38889169693 0.19945928089 0.177 0.159108653808 0.240175016086
* 153 15.2472438812 0.993955693802 0.95421115556 1.52 0.1 0.1 1.04770326614 0.819585323334 1.38889169693 0.19945928089 0.177 0.16424393638 0.246788945889
* 154 15.3475599289 0.994363543914 0.964202835013 1.53 0.1 0.1 1.0482583046 0.837617397308 1.40602517128 0.218176974073 0.178 0.160805385858 0.239716661788
* 155 15.4478449821 0.994671458505 0.974198093319 1.54 0.1 0.1 1.0482583046 0.837617397308 1.40602517128 0.210335197463 0.178 0.165935814943 0.246359005421
* 156 15.5481338501 0.994879406783 0.984195930961 1.55 0.1 0.1 1.0482583046 0.837617397308 1.40602517128 0.207915130136 0.177 0.171048982632 0.253100384495
* 157 15.6484718323 0.994987367954 0.994195348163 1.56 0.1 0.1 1.0482583046 0.837617397308 1.40602517128 0.198201982455 0.178 0.176144377613 0.259940655533
* 158 15.7488498688 0.994995331221 1.00419534499 1.57 0.1 0.1 1.0482583046 0.837617397308 1.40602517128 0.192235568489 0.186 0.181221490351 0.266879665168
* 159 15.8491899967 0.994903295788 1.01419492146 1.58 0.1 0.1 1.04575252533 1.01458501816 1.56621575356 0.189587844368 0.186 0.0996598931929 0.158161656988
* 160 15.9495649338 0.994711270859 1.02419307761 1.59 0.1 0.1 1.04575252533 1.01458501816 1.56621575356 6.59481710487 0.189 0.104946208918 0.163706076693
* 161 16.0498428345 0.994419275636 1.03418881364 1.6 0.1 0.1 1.04575252533 1.01458501816 1.56621575356 5.47206572246 0.19 0.110221000308 0.169350454558
* 162 16.1501569748 0.994027339318 1.04418112998 1.61 0.1 0.1 1.04147481918 1.06396484375 1.61049079895 -0.889825033945 0.2 0.0905090168681 0.147934754945
* 163 16.2504398823 0.993535501099 1.05416902742 1.62 0.1 0.1 1.03845977783 1.07784509659 1.6244122982 -0.548595800748 0.185 0.0887307052561 0.143787098237
* 164 16.3506848812 0.992943810162 1.06415150716 1.63 0.1 0.1 1.03977251053 1.08811092377 1.62929558754 -0.548595800748 0.185 0.0887603054366 0.148523207847
* 165 16.4508998394 0.992252325676 1.07412757098 1.64 0.1 0.1 1.03977251053 1.08811092377 1.62929558754 -0.251273793858 0.131 0.0940608967194 0.153936849591
* 166 16.5511219501 0.991461116787 1.08409622126 1.65 0.1 0.1 1.03652620316 1.09342861176 1.63460278511 -0.162601631172 0.096 0.0965707458019 0.153739129906
* 167 16.6513588428 0.990570262618 1.09405646116 1.66 0.1 0.1 1.03635549545 1.09336519241 1.63412892818 -0.115421462995 0.064 0.101870354601 0.159378432332
* 168 16.7517068386 0.989579852252 1.10400729466 1.67 0.1 0.1 1.03564977646 1.09122753143 1.6346077919 -0.0931712578735 0.051 0.108264252321 0.163942445768
* 169 16.8519289494 0.98848998473 1.11394772668 1.68 0.1 0.1 1.03603982925 1.09195232391 1.6342073679 -0.0665003802891 0.035 0.113142757117 0.170360778284
* 170 16.9521379471 0.987300769037 1.12387676319 1.69 0.1 0.1 1.03578710556 1.0921049118 1.63443696499 -0.0810551886738 0.02 0.118307948681 0.175852643657
* 171 17.0523560047 0.986012324094 1.13379341129 1.7 0.1 0.1 1.03558111191 1.09064149857 1.63478219509 -0.115178967036 0.014 0.124321486378 0.181316599641
* 172 17.1526269913 0.984624778744 1.14369667934 1.71 0.1 0.1 1.03697061539 1.09817123413 1.64437019825 -0.171006377871 0.056 0.125919767919 0.183684869716
* 173 17.2528679371 0.983138271742 1.153585577 1.72 0.1 0.1 1.03390407562 1.1108007431 1.64979565144 -0.190721243327 0.113 0.12451303665 0.184485653117
* 174 17.3531517982 0.981552951735 1.16345911539 1.73 0.1 0.1 1.03039455414 1.1317448616 1.6547524929 -0.192695987437 0.142 0.118660675681 0.185940929394
* 175 17.4533629417 0.979868977256 1.17331630718 1.74 0.1 0.1 1.02708959579 1.14960002899 1.65799021721 -0.185002633885 0.157 0.11438352138 0.188495241722
* 176 17.5536899567 0.978086516699 1.18315616665 1.75 0.1 0.1 1.02585077286 1.16208553314 1.66977953911 -0.156389566541 0.167 0.113309808097 0.188018009945
* 177 17.6543519497 0.97620574831 1.19297770982 1.76 0.1 0.1 1.02142620087 1.18503713608 1.69067430496 -0.132136851975 0.174 0.106813086079 0.180734665395
* 178 17.754573822 0.974226860164 1.20277995455 1.77 0.1 0.1 1.02142620087 1.18503713608 1.69067430496 -0.118653363226 0.176 0.112028741462 0.186833690335
* 179 17.8549308777 0.972150050148 1.21256192062 1.78 0.1 0.1 1.01857805252 1.19740962982 1.70028221607 -0.09590413051 0.18 0.110837121481 0.186385832926
* 180 17.9555227757 0.969975525941 1.22232262984 1.79 0.1 0.1 1.01336574554 1.21062135696 1.70840537548 -0.0838396359184 0.182 0.108976519069 0.184673920188
* 181 18.0557539463 0.967703504994 1.23206110615 1.8 0.1 0.1 1.01249456406 1.22133874893 1.71580052376 -0.0742413531305 0.183 0.108710456975 0.187452937572
* 182 18.155987978 0.965334214507 1.2417763757 1.81 0.1 0.1 1.00878143311 1.23581838608 1.72339892387 -0.0663334944993 0.184 0.106254891063 0.1879923541
* 183 18.2564218044 0.962867891408 1.25146746699 1.82 0.1 0.1 1.00796365738 1.24441576004 1.73136150837 -0.0570636358418 0.184 0.107127261692 0.190425202112
* 184 18.3566398621 0.960304782325 1.26113341091 1.83 0.1 0.1 1.00409078598 1.25296926498 1.73897910118 -0.0486597126904 0.184 0.107746714731 0.190102750852
* 185 18.4569540024 0.957645143569 1.27077324087 1.84 0.1 0.1 1.00409078598 1.25296926498 1.73897910118 -0.0447627648535 0.185 0.112930386887 0.196417842146
* 186 18.557199955 0.954889241101 1.2803859929 1.85 0.1 0.1 0.997664451599 1.27645540237 1.76071679592 -0.0447627648535 0.185 0.105935145424 0.188643082301
* 187 18.6574277878 0.952037350509 1.28997070573 1.86 0.1 0.1 0.997664451599 1.27645540237 1.76071679592 -0.0447627648535 0.185 0.11112146939 0.194940883726
* 188 18.7578427792 0.949089756979 1.2995264209 1.87 0.1 0.1 0.994167804718 1.29069280624 1.76991689205 -0.0298932711155 0.184 0.108826380975 0.195550091591
* 189 18.8580758572 0.946046755268 1.30905218284 1.88 0.1 0.1 0.987041473389 1.31099319458 1.78696978092 -0.0153602919029 0.186 0.103227688169 0.18982432891
* 190 18.958313942 0.942908649675 1.31854703899 1.89 0.1 0.1 0.984699249268 1.32171869278 1.79484403133 -0.0110802617832 0.189 0.102833756871 0.191946225442
* 191 19.0586969852 0.939675754006 1.32801003987 1.9 0.1 0.1 0.98083114624 1.3324842453 1.80462419987 -0.00534557618475 0.19 0.102296128341 0.191684219209
* 192 19.1590938568 0.936348391549 1.33744023918 1.91 0.1 0.1 0.977882385254 1.34346818924 1.81278002262 -0.00208161817348 0.19 0.101703718001 0.193359103015
* 193 19.2595098019 0.932926895038 1.34683669392 1.92 0.1 0.1 0.973533630371 1.35173797607 1.82209300995 0.0013270232929 0.19 0.102360092256 0.192505383853
* 194 19.3597319126 0.929411606618 1.35619846444 1.93 0.1 0.1 0.970450401306 1.36196374893 1.83139693737 0.00483093720153 0.191 0.102169407842 0.193463322609
* 195 19.4599318504 0.925802877817 1.36552461458 1.94 0.1 0.1 0.970450401306 1.36196374893 1.83139693737 0.00760167356203 0.192 0.107341326184 0.199853819271
* 196 19.5601518154 0.922101069503 1.37481421173 1.95 0.1 0.1 0.965790271759 1.38238191605 1.86033093929 0.0103720374421 0.193 0.102368726277 0.191615127598
* 197 19.6604189873 0.918306551855 1.38406632694 1.96 0.1 0.1 0.9606590271 1.39415216446 1.87302482128 0.0125253936481 0.194 0.101202015363 0.189589151852
* 198 19.7606599331 0.914419704322 1.393280035 1.97 0.1 0.1 0.95610332489 1.40552902222 1.88325977325 0.0144715033072 0.194 0.100238450771 0.189460215892
* 199 19.8609638214 0.910440915584 1.40245441456 1.98 0.1 0.1 0.951590538025 1.41427612305 1.89203381538 0.0162114646723 0.192 0.100555612505 0.18945736123
* 200 19.9612658024 0.906370583517 1.41158854817 1.99 0.1 0.1 0.947390079498 1.4217877388 1.900426507 0.0200193209834 0.19 0.101524141852 0.189645567974
* 201 20.0615479946 0.902209115152 1.42068152244 2.0 0.1 0.1 0.943161010742 1.43437242508 1.90896177292 0.0216589122481 0.19 0.0999417281857 0.191484975304
* 202 20.1618058681 0.897956926631 1.42973242807 2.01 0.1 0.1 0.937931537628 1.44459199905 1.91838884354 0.0237552870141 0.19 0.099392736001 0.191260017308
* 203 20.2621278763 0.89361444317 1.43874035999 2.02 0.1 0.1 0.933917999268 1.45338964462 1.92596793175 0.0247164090497 0.19 0.0997071466253 0.192781444717
* 204 20.3624339104 0.889182099013 1.4477044174 2.03 0.1 0.1 0.929354667664 1.46293258667 1.93591344357 0.0271805938035 0.19 0.0996211829679 0.19288979037
* 205 20.4627628326 0.884660337392 1.45662370391 2.04 0.1 0.1 0.92459154129 1.47134780884 1.94499695301 0.0287102291125 0.191 0.100021771247 0.192964364135
* 206 20.5630748272 0.880049610478 1.46549732759 2.05 0.1 0.1 0.92459154129 1.47134780884 1.94499695301 0.0309037503582 0.192 0.10519930742 0.19931906579
* 207 20.663394928 0.87535037934 1.4743244011 2.06 0.1 0.1 0.92459154129 1.47134780884 1.94499695301 0.0328057550119 0.192 0.110361073121 0.205773162607
* 208 20.7637188435 0.870563113899 1.48310404173 2.07 0.1 0.1 0.910923480988 1.50009012222 1.98784565926 0.0326942572073 0.194 0.10009700371 0.187377481745
* 209 20.8639018536 0.865688292876 1.49183537153 2.08 0.1 0.1 0.905844211578 1.51086091995 1.99878633022 0.033205051405 0.196 0.0993291584256 0.187527190894
* 210 20.9641008377 0.860726403748 1.50051751736 2.09 0.1 0.1 0.905844211578 1.51086091995 1.99878633022 0.0362890089863 0.192 0.104527591564 0.193744662963
* 211 21.0643467903 0.855677942702 1.50914961103 2.1 0.1 0.1 0.905844211578 1.51086091995 1.99878633022 0.036775063458 0.193 0.109710968576 0.20006167212
* 212 21.1648688316 0.850543414579 1.51773078932 2.11 0.1 0.1 0.905844211578 1.51086091995 1.99878633022 0.041056648675 0.192 0.11487877113 0.206478117327
* 213 21.2651498318 0.845323332828 1.52626019414 2.12 0.1 0.1 0.905844211578 1.51086091995 1.99878633022 0.0442661069925 0.195 0.120030482449 0.212993887598
* 214 21.3655059338 0.840018219452 1.53473697254 2.13 0.1 0.1 0.889597415924 1.53832674026 2.02344322205 0.0473283314611 0.199 0.109226192188 0.202701598328
* 215 21.4657828808 0.834628604958 1.54316027686 2.14 0.1 0.1 0.872282505035 1.56926393509 2.05084300041 0.0460883889364 0.202 0.0965441416141 0.192765263451
* 216 21.5660729408 0.829155028303 1.55152926477 2.15 0.1 0.1 0.869338035583 1.57984447479 2.06215262413 0.0463640439598 0.201 0.0964271878384 0.195405935025
* 217 21.6663708687 0.82359803684 1.55984309937 2.16 0.1 0.1 0.85898733139 1.58946657181 2.07456994057 0.0451729427386 0.199 0.0949338422125 0.190627344806
* 218 21.7666919231 0.817958186265 1.5681009493 2.17 0.1 0.1 0.853991031647 1.59989976883 2.08844017982 0.0442196122119 0.197 0.0944657910746 0.190327762074
* 219 21.8669958115 0.812236040556 1.57630198878 2.18 0.1 0.1 0.847511291504 1.60846805573 2.09903264046 0.0434795027628 0.194 0.094364394101 0.189645322621
* 220 21.9671978951 0.806432171925 1.5844453977 2.19 0.1 0.1 0.842689990997 1.6147403717 2.10753631592 0.044207590862 0.193 0.095682919238 0.190410372888
* 221 22.0675268173 0.800547160752 1.59253036174 2.2 0.1 0.1 0.835326194763 1.62144756317 2.11416077614 0.044894374511 0.191 0.0960387303077 0.190272126704
* 222 22.1677458286 0.794581595535 1.60055607241 2.21 0.1 0.1 0.832527637482 1.63009643555 2.12401294708 0.0452929769664 0.19 0.0968731121835 0.19343715001
* 223 22.2679479122 0.788536072824 1.60852172713 2.22 0.1 0.1 0.827097892761 1.63758087158 2.13267564774 0.0458753410072 0.19 0.0974716042123 0.194454743129
* 224 22.3682119846 0.782411197168 1.61642652935 2.23 0.1 0.1 0.82007598877 1.64626026154 2.14062833786 0.0469839434854 0.19 0.0970537592552 0.195234420368
* 225 22.46865201 0.776207581047 1.6242696886 2.24 0.1 0.1 0.810754299164 1.65500640869 2.14838647842 0.0472705712379 0.19 0.0959255086977 0.194340660007
* 226 22.5690238476 0.76992584482 1.63205042057 2.25 0.1 0.1 0.808420658112 1.66414928436 2.16028666496 0.048116718918 0.192 0.0967956206049 0.197450053485
* 227 22.669331789 0.763566616654 1.63976794719 2.26 0.1 0.1 0.808420658112 1.66414928436 2.16028666496 0.0489156981122 0.193 0.101981289628 0.203752134947
* 228 22.7695739269 0.757130532467 1.64742149672 2.27 0.1 0.1 0.802064418793 1.66899967194 2.17132735252 0.0489156981122 0.193 0.10354049689 0.201627091982
* 229 22.86992383 0.750618235862 1.6550103038 2.28 0.1 0.1 0.802064418793 1.66899967194 2.17132735252 0.0487755516079 0.193 0.108712305984 0.208018280391
* 230 22.9701528549 0.744030378063 1.66253360956 2.29 0.1 0.1 0.802064418793 1.66899967194 2.17132735252 0.0492635358567 0.192 0.113868155007 0.214508823007
* 231 23.0705459118 0.73736761785 1.66999066168 2.3 0.1 0.1 0.798200130463 1.67604541779 2.18418645859 0.0492635358567 0.192 0.115285368764 0.214685806718
* 232 23.170758009 0.730630621494 1.67738071446 2.31 0.1 0.1 0.773980617523 1.70160770416 2.22225761414 0.0489602878697 0.193 0.103340523056 0.195723240175
* 233 23.2710158825 0.723820062689 1.6847030289 2.32 0.1 0.1 0.773980617523 1.70160770416 2.22225761414 0.0489602878697 0.193 0.10852918529 0.202005708126
* 234 23.3713858128 0.716936622485 1.69195687278 2.33 0.1 0.1 0.773980617523 1.70160770416 2.22225761414 0.0489602878697 0.193 0.113702452819 0.208387648327
* 235 23.4717228413 0.70998098922 1.69914152071 2.34 0.1 0.1 0.77126789093 1.70888328552 2.23179936409 0.0489602878697 0.193 0.115300323891 0.211776764017
* 236 23.5728650093 0.702953858452 1.70625625424 2.35 0.1 0.1 0.77126789093 1.70888328552 2.23179936409 0.0489602878697 0.193 0.120456937854 0.218262619584
* 237 23.6731579304 0.695855932889 1.7133003619 2.36 0.1 0.1 0.77126789093 1.70888328552 2.23179936409 0.0489602878697 0.193 0.125597100465 0.224847716777
* 238 23.7735238075 0.688687922316 1.72027313928 2.37 0.1 0.1 0.77126789093 1.70888328552 2.23179936409 0.0489602878697 0.193 0.13072029771 0.231531927748
* 239 23.8737478256 0.681450543529 1.72717388911 2.38 0.1 0.1 0.77126789093 1.70888328552 2.23179936409 0.0489602878697 0.193 0.135826017276 0.238315114736
* 240 23.9739789963 0.67414452026 1.73400192133 2.39 0.1 0.1 0.77126789093 1.70888328552 2.23179936409 0.0489602878697 0.193 0.140913748594 0.245197130084
* 241 24.0742199421 0.666770583104 1.74075655314 2.4 0.1 0.1 0.77126789093 1.70888328552 2.23179936409 0.0469887189901 0.194 0.145982982895 0.252177816251
* 242 24.1744508743 0.65932946945 1.74743710907 2.41 0.1 0.1 0.77126789093 1.70888328552 2.23179936409 0.0496656302807 0.195 0.15103321326 0.259257005831
* 243 24.2748157978 0.651821923403 1.75404292109 2.42 0.1 0.1 0.77126789093 1.70888328552 2.23179936409 0.0528715175326 0.196 0.15606393467 0.266434521566
* 244 24.3750958443 0.644248695711 1.7605733286 2.43 0.1 0.1 0.77126789093 1.70888328552 2.23179936409 0.0544173045443 0.198 0.161074644058 0.273710176366
* 245 24.4753608704 0.63661054369 1.76702767858 2.44 0.1 0.1 0.77126789093 1.70888328552 2.23179936409 0.0578776484057 0.202 0.166064840356 0.281083773327
* 246 24.5762529373 0.62890823115 1.77340532561 2.45 0.1 0.1 0.77126789093 1.70888328552 2.23179936409 0.0578776484057 0.202 0.171034024549 0.288555105751
* 247 24.6765949726 0.621142528314 1.77970563191 2.46 0.1 0.1 0.77126789093 1.70888328552 2.23179936409 0.0578776484057 0.202 0.175981699723 0.296123957166
* 248 24.7768368721 0.613314211748 1.78592796746 2.47 0.1 0.1 0.607003211975 1.84547901154 2.42913770676 0.0599050181532 0.214 0.0767245402088 0.162624334263
* 249 24.8775029182 0.605424064276 1.79207171004 2.48 0.1 0.1 0.589750766754 1.85562324524 2.44123077393 0.0626121890636 0.216 0.0718303624868 0.159063999603
* 250 24.9777398109 0.597472874906 1.79813624527 2.49 0.1 0.1 0.576131343842 1.86424350739 2.45382452011 0.0626121890636 0.216 0.0689144831067 0.156727722013
* 251 25.0780189037 0.58946143875 1.80412096671 2.5 0.1 0.1 0.560939788818 1.87726306915 2.4672498703 0.0749788274638 0.238 0.0638893453686 0.15670329275
* 252 25.1782479286 0.581390556946 1.81002527589 2.51 0.1 0.1 0.560939788818 1.87726306915 2.4672498703 0.0774348315888 0.242 0.069153355664 0.162437263509
* 253 25.2784729004 0.573261036575 1.81584858239 2.52 0.1 0.1 0.560939788818 1.87726306915 2.4672498703 0.0791984687828 0.245 0.0744048422442 0.168271119869
* 254 25.378718853 0.565073690582 1.82159030387 2.53 0.1 0.1 0.550765991211 1.88099384308 2.47182369232 0.0811433919121 0.248 0.0743088683054 0.168559850479
* 255 25.478954792 0.556829337696 1.82724986618 2.54 0.1 0.1 0.550765991211 1.88099384308 2.47182369232 0.085288152795 0.253 0.0795400061571 0.174547685203
* 256 25.5791778564 0.548528802343 1.83282670335 2.55 0.1 0.1 0.55048084259 1.88175201416 2.4737405777 0.0891491456892 0.259 0.0844439552114 0.180090611087
* 257 25.6795659065 0.540172914572 1.83832025771 2.56 0.1 0.1 0.55048084259 1.88175201416 2.4737405777 0.092594899251 0.265 0.089649655052 0.186258735657
* 258 25.7797839642 0.531762509963 1.84372997992 2.57 0.1 0.1 0.55048084259 1.88175201416 2.4737405777 0.0948475823272 0.267 0.094840556123 0.192526443687
* 259 25.8800168037 0.523298429551 1.84905532899 2.58 0.1 0.1 0.55048084259 1.88175201416 2.4737405777 0.0948475823272 0.267 0.100016139339 0.198893639066
* 260 25.9802567959 0.514781519736 1.85429577241 2.59 0.1 0.1 0.55048084259 1.88175201416 2.4737405777 0.0948475823272 0.267 0.105175887146 0.205360215737
* 261 26.0804948807 0.506212632203 1.85945078613 2.6 0.1 0.1 0.55048084259 1.88175201416 2.4737405777 0.0948475823272 0.267 0.110319283572 0.211926057702
* 262 26.1808509827 0.497592623832 1.86451985465 2.61 0.1 0.1 0.55048084259 1.88175201416 2.4737405777 0.0961595660305 0.269 0.115445814284 0.218591039038
* 263 26.2811617851 0.488922356617 1.86950247108 2.62 0.1 0.1 0.55048084259 1.88175201416 2.4737405777 0.0961595660305 0.269 0.120554966632 0.225355023909
* 264 26.3814439774 0.480202697579 1.87439813714 2.63 0.1 0.1 0.55048084259 1.88175201416 2.4737405777 0.0961595660305 0.269 0.125646229705 0.232217866576
* 265 26.4817178249 0.471434518675 1.87920636329 2.64 0.1 0.1 0.55048084259 1.88175201416 2.4737405777 0.0961595660305 0.269 0.130719094381 0.239179411418
* 266 26.5820519924 0.462618696716 1.88392666871 2.65 0.1 0.1 0.55048084259 1.88175201416 2.4737405777 0.0961595660305 0.269 0.135773053378 0.24623949294
* 267 26.6822638512 0.453756113277 1.88855858136 2.66 0.1 0.1 0.55048084259 1.88175201416 2.4737405777 0.0961595660305 0.269 0.140807601305 0.253397935796
* 268 26.7825758457 0.44484765461 1.89310163805 2.67 0.1 0.1 0.55048084259 1.88175201416 2.4737405777 0.0961595660305 0.269 0.145822234709 0.260654554803
* 269 26.882848978 0.435894211551 1.8975553845 2.68 0.1 0.1 0.55048084259 1.88175201416 2.4737405777 0.0961595660305 0.269 0.150816452133 0.268009154961
* 270 26.9831769466 0.426896679439 1.90191937532 2.69 0.1 0.1 0.55048084259 1.88175201416 2.4737405777 0.0961595660305 0.269 0.155789754159 0.275461531472
* 271 27.0835127831 0.417855958019 1.90619317412 2.7 0.1 0.1 0.55048084259 1.88175201416 2.4737405777 0.0961595660305 0.269 0.160741643461 0.28301146976
* 272 27.1838128567 0.408772951355 1.91037635353 2.71 0.1 0.1 0.55048084259 1.88175201416 2.4737405777 0.0961595660305 0.269 0.165671624854 0.290658745492
* 273 27.2841129303 0.399648567741 1.91446849523 2.72 0.1 0.1 0.55048084259 1.88175201416 2.4737405777 0.0961595660305 0.269 0.170579205343 0.298403124604
* 274 27.3843460083 0.390483719608 1.91846919 2.73 0.1 0.1 0.55048084259 1.88175201416 2.4737405777 0.0961595660305 0.269 0.175463894176 0.306244363318
* 275 27.4846878052 0.381279323432 1.92237803779 2.74 0.1 0.1 0.55048084259 1.88175201416 2.4737405777 0.0961595660305 0.269 0.180325202886 0.314182208174
* 276 27.5849018097 0.372036299646 1.92619464771 2.75 0.1 0.1 0.55048084259 1.88175201416 2.4737405777 0.0961595660305 0.269 0.185162645348 0.322216396049
* 277 27.6851639748 0.362755572544 1.92991863811 2.76 0.1 0.1 0.55048084259 1.88175201416 2.4737405777 0.0961595660305 0.269 0.189975737821 0.330346654187
* 278 27.7854487896 0.353438070191 1.93354963658 2.77 0.1 0.1 0.55048084259 1.88175201416 2.4737405777 0.0961595660305 0.269 0.194763999 0.338572700223
* 279 27.8856608868 0.344084724329 1.93708728003 2.78 0.1 0.1 0.55048084259 1.88175201416 2.4737405777 0.0961595660305 0.269 0.199526950063 0.346894242216
* 280 27.986096859 0.334696470287 1.9405312147 2.79 0.1 0.1 0.55048084259 1.88175201416 2.4737405777 0.0961595660305 0.269 0.204264114718 0.355310978674
* 281 28.0863058567 0.32527424688 1.94388109621 2.8 0.1 0.1 0.55048084259 1.88175201416 2.4737405777 0.0988847987264 0.273 0.208975019254 0.363822598587
* 282 28.1865329742 0.315818996324 1.94713658955 2.81 0.1 0.1 0.549925327301 1.88035392761 2.47346329689 0.101021269542 0.276 0.213864427073 0.371196610524
* 283 28.2878909111 0.306331664135 1.95029736919 2.82 0.1 0.1 0.524807929993 1.90204143524 2.49695539474 0.073005815722 0.217 0.202885283175 0.364139265049
* 284 28.3881969452 0.29681319904 1.95336311906 2.83 0.1 0.1 0.373417854309 1.97344207764 2.66231369972 0.073005815722 0.217 0.129754647082 0.242126453499
* 285 28.4883868694 0.287264552876 1.95633353257 2.84 0.1 0.1 0.373417854309 1.97344207764 2.66231369972 0.073005815722 0.217 0.134805867223 0.249200580937
* 286 28.5886559486 0.277686680501 1.95920831269 2.85 0.1 0.1 0.373417854309 1.97344207764 2.66231369972 0.073005815722 0.217 0.139837604337 0.256373043887
* 287 28.6888759136 0.268080539693 1.96198717195 2.86 0.1 0.1 0.353728294373 1.97943973541 2.67795753479 0.055683248747 0.187 0.134857709582 0.250514676772
* 288 28.789192915 0.258447091058 1.96466983246 2.87 0.1 0.1 0.353728294373 1.97943973541 2.67795753479 0.0396212428051 0.13 0.139880802116 0.257729918528
* 289 28.8895328045 0.248787297934 1.96725602596 2.88 0.1 0.1 0.300251960754 2.00158023834 2.73398661613 0.0302829326023 0.101 0.116788220494 0.229396813727
* 290 28.9898200035 0.239102126292 1.96974549382 2.89 0.1 0.1 0.300251960754 2.00158023834 2.73398661613 0.0302829326023 0.101 0.121879929829 0.236257225939
* 291 29.0901508331 0.229392544641 1.97213798712 2.9 0.1 0.1 0.300251960754 2.00158023834 2.73398661613 0.0263685631837 0.086 0.126953253271 0.243216344273
* 292 29.190404892 0.21965952393 1.97443326659 2.91 0.1 0.1 0.300251960754 2.00158023834 2.73398661613 0.0229662219537 0.073 0.132007683492 0.250274003478
* 293 29.2906877995 0.209904037454 1.97663110271 2.92 0.1 0.1 0.300251960754 2.00158023834 2.73398661613 0.0178561752827 0.053 0.137042715054 0.257430028449
* 294 29.3910169601 0.200127060754 1.9787312757 2.93 0.1 0.1 0.250276088715 2.01600456238 2.75048923492 0.0154689907747 0.047 0.115455596687 0.248835167754
* 295 29.491298914 0.190329571518 1.98073357555 2.94 0.1 0.1 0.250276088715 2.01600456238 2.75048923492 0.0154689907747 0.047 0.120483724858 0.256025551835
* 296 29.5915238857 0.180512549488 1.98263780202 2.95 0.1 0.1 0.250276088715 2.01600456238 2.75048923492 0.0154689907747 0.047 0.125491775246 0.263314049742
* 297 29.6917738914 0.170676976358 1.9844437647 2.96 0.1 0.1 0.250276088715 2.01600456238 2.75048923492 0.0154689907747 0.047 0.130479247048 0.270700463287
* 298 29.7921128273 0.160823835676 1.98615128299 2.97 0.1 0.1 0.250276088715 2.01600456238 2.75048923492 0.0154689907747 0.047 0.135445641523 0.27818458449
* 299 29.8924059868 0.150954112749 1.98776018614 2.98 0.1 0.1 0.250276088715 2.01600456238 2.75048923492 0.0154689907747 0.047 0.140390462034 0.285766195602
* 300 29.9927117825 0.141068794541 1.98927031326 2.99 0.1 0.1 0.250276088715 2.01600456238 2.75048923492 0.0154689907747 0.047 0.145313214105 0.293445069122
* 301 30.0931088924 0.131168869575 1.99068151334 3.0 0.1 0.1 0.250276088715 2.01600456238 2.75048923492 0.0120699476936 0.037 0.150213405463 0.301220967825
* 302 30.1934688091 0.121255327835 1.99199364526 3.01 0.1 0.1 0.250276088715 2.01600456238 2.75048923492 0.0109204288657 0.032 0.155090546094 0.309093644784
* 303 30.29377985 0.111329160668 1.99320657781 3.02 0.1 0.1 0.250276088715 2.01600456238 2.75048923492 0.0109378338762 0.024 0.159944148288 0.317062843392
* 304 30.3940918446 0.101391360682 1.9943201897 3.03 0.1 0.1 0.222197055817 2.0287065506 2.7734348774 0.0178743192851 0.013 0.14997059622 0.311708676025
* 305 30.4944357872 0.0914429216485 1.99533436956 3.04 0.1 0.1 0.177155971527 2.04008865356 2.79609513283 0.0379235877379 0.127 0.131793855274 0.30056816746
* 306 30.5947380066 0.0814848384031 1.99624901599 3.05 0.1 0.1 0.177155971527 2.04008865356 2.79609513283 0.0399553496002 0.14 0.136683978125 0.308386622502
* 307 30.6950860023 0.071518106746 1.9970640375 3.06 0.1 0.1 0.177155971527 2.04008865356 2.79609513283 0.0416183566799 0.152 0.141550835657 0.316301744235
* 308 30.7953948975 0.0615437233419 1.99777935262 3.07 0.1 0.1 0.113140106201 2.05431365967 2.86284351349 0.0443314502144 0.165 0.115930509142 0.278478672159
* 309 30.8956999779 0.0515626856209 1.99839488979 3.08 0.1 0.1 0.113140106201 2.05431365967 2.86284351349 0.0989760815326 0.213 0.120901910584 0.285939809494
* 310 30.9959177971 0.0415759916786 1.99891058747 3.09 0.1 0.1 0.113140106201 2.05431365967 2.86284351349 0.0264098498128 0.048 0.125851854791 0.293498488879
* 311 31.0963850021 0.0315846401758 1.9993263941 3.1 0.1 0.1 0.0708436965942 2.05836391449 2.89051556587 0.115756788885 0.278 0.110210246651 0.278105235644
* 312 31.1967539787 0.0215896302396 1.99964226808 3.11 0.1 0.1 0.0708436965942 2.05836391449 2.89051556587 0.119566751597 0.289 0.115176697277 0.285589099855
* 313 31.29697299 0.0115919613624 1.99985817784 3.12 0.1 0.1 0.0400590896606 2.06471157074 2.92876172066 0.119566751597 0.289 0.105673054804 0.270885644552
* 314 31.397302866 0.001592633303 1.99997410178 3.13 0.1 0.1 0.0400590896606 2.06471157074 2.92876172066 0.105865212646 0.287 0.110677585939 0.27819107196
* 315 31.4975178242 -0.00840735401428 1.99999002831 3.14 0.1 0.1 0.0400590896606 2.06471157074 2.92876172066 0.104500290497 0.285 0.115661452182 0.285594379777
* 316 31.5977327824 -0.018407000599 1.99990595583 3.15 0.1 0.1 0.012149810791 2.0687379837 2.95850634575 0.0997893420528 0.282 0.10746618178 0.274862948451
* 317 31.6979768276 -0.0284053064948 1.99972189277 3.16 0.1 0.1 0.012149810791 2.0687379837 2.95850634575 0.0992397583674 0.281 0.112470191404 0.282170878008
* 318 31.7982008457 -0.0384012718795 1.99943785751 3.17 0.1 0.1 -0.0098705291748 2.07026386261 3.01945519447 0.0992397583674 0.281 0.109317214256 0.253662502471
* 319 31.898403883 -0.0483938971648 1.99905387846 3.18 0.1 0.1 -0.0471963882446 2.07774066925 3.07085895538 0.100545314955 0.283 0.0970877945355 0.236491444461
* 320 31.9986469746 -0.0583821830966 1.99856999403 3.19 0.1 0.1 -0.0634598731995 2.07186603546 3.08291459084 0.100003460739 0.28 0.0944563041482 0.229698055849
* 321 32.0988798141 -0.0683651308545 1.99798625259 3.2 0.1 0.1 -0.0795679092407 2.07008171082 3.09628033638 0.0938251803113 0.258 0.0917908562499 0.226553880529
* 322 32.1991739273 -0.0783417421522 1.99730271253 3.21 0.1 0.1 -0.09299659729 2.07151985168 3.10669660568 0.0906194858939 0.248 0.0903208150776 0.228479638386
* 323 32.2993807793 -0.0883110193368 1.9965194422 3.22 0.1 0.1 -0.0966176986694 2.07014751434 3.11802339554 0.0867327845157 0.239 0.09415289086 0.22752675989
* 324 32.3996009827 -0.0982719654888 1.99563651992 3.23 0.1 0.1 -0.102369308472 2.06914901733 3.12960386276 0.0853470315059 0.235 0.0968546411146 0.226734304273
* 325 32.499974966 -0.108223584522 1.99465403398 3.24 0.1 0.1 -0.110407829285 2.06872940063 3.14001822472 0.0856922084279 0.232 0.0982796197051 0.227128161428
* 326 32.6002907753 -0.118164881283 1.99357208263 3.25 0.1 0.1 -0.120755195618 2.06643009186 3.15761810938 0.0856922084279 0.232 0.0988187460293 0.221913534071
* 327 32.7005698681 -0.12809486165 1.99239077407 3.26 0.1 0.1 -0.131773948669 2.06472396851 3.17599827448 0.088376936971 0.229 0.0990165803422 0.216993295711
* 328 32.8008527756 -0.138012532633 1.99111022643 3.27 0.1 0.1 -0.145224571228 2.06500053406 3.19194847742 0.0897340104187 0.225 0.0978469128074 0.215578478298
* 329 32.9011559486 -0.147916902474 1.98973056776 3.28 0.1 0.1 -0.149305820465 2.0679807663 3.20645529429 0.0901765122863 0.221 0.101685671583 0.217202907402
* 330 33.0014779568 -0.157806980744 1.98825193602 3.29 0.1 0.1 -0.160690307617 2.06680202484 3.22023111979 0.0904821674805 0.22 0.101505916528 0.215557395169
* 331 33.1017878056 -0.167681778443 1.98667447908 3.3 0.1 0.1 -0.175520420074 2.05915927887 3.23319417635 0.0927395078467 0.219 0.0991532252562 0.20834911215
* 332 33.2021038532 -0.1775403081 1.98499835468 3.31 0.1 0.1 -0.18416595459 2.05949115753 3.24944311777 0.0941864112031 0.219 0.100576268602 0.206908290473
* 333 33.3024199009 -0.18738158387 1.98322373043 3.32 0.1 0.1 -0.199286460876 2.05951499939 3.25990897814 0.0937685836063 0.212 0.0983250684105 0.209051057234
* 334 33.4027318954 -0.197204621633 1.98135078379 3.33 0.1 0.1 -0.211634635925 2.05439186096 3.26973468462 0.0950348730465 0.212 0.0971770120302 0.206266641441
* 335 33.5030698776 -0.207008439095 1.97937970207 3.34 0.1 0.1 -0.218886375427 2.04890537262 3.28013617197 0.0947380532218 0.209 0.0986732760828 0.202267177358
* 336 33.6034269333 -0.21679205588 1.97731068235 3.35 0.1 0.1 -0.226979255676 2.04930973053 3.29095942179 0.0940852117089 0.208 0.100165675636 0.204043824042
* 337 33.703742981 -0.226554493637 1.97514393154 3.36 0.1 0.1 -0.237599849701 2.04699802399 3.30221182505 0.094436223395 0.208 0.10014531286 0.203361567397
* 338 33.8039669991 -0.236294776129 1.97287966633 3.37 0.1 0.1 -0.251135826111 2.04388523102 3.31321412722 0.0940901545542 0.206 0.098513925588 0.202630979566
* 339 33.904186964 -0.246011929336 1.97051811312 3.38 0.1 0.1 -0.261518955231 2.04039096832 3.32425862948 0.0954511792807 0.205 0.0984880521823 0.201106967682
* 340 34.0044879913 -0.255704981551 1.96805950808 3.39 0.1 0.1 -0.265338897705 2.04366016388 3.3372648398 0.0958032843 0.204 0.102646233102 0.204015505187
* 341 34.1048469543 -0.265372963477 1.96550409706 3.4 0.1 0.1 -0.265338897705 2.04366016388 3.3372648398 0.0959158693139 0.203 0.107884690748 0.209949045024
* 342 34.2051727772 -0.275014908323 1.9628521356 3.41 0.1 0.1 -0.275068759918 2.03963088989 3.34984404245 0.0962745719404 0.203 0.1082148334 0.207053359705
* 343 34.3055698872 -0.284629851904 1.9601038889 3.42 0.1 0.1 -0.275068759918 2.03963088989 3.34984404245 0.0962745719404 0.203 0.113443269659 0.213060943591
* 344 34.406291008 -0.294216832732 1.95725963177 3.43 0.1 0.1 -0.301674365997 2.0302734375 3.3825061957 0.0990788893162 0.203 0.105288397527 0.197887550159
* 345 34.5065288544 -0.303774892119 1.95431964865 3.44 0.1 0.1 -0.320201396942 2.02550601959 3.39138752619 0.101856038008 0.203 0.100773884646 0.198834381467
* 346 34.6069579124 -0.313303074265 1.95128423352 3.45 0.1 0.1 -0.335429668427 2.02226352692 3.40006524721 0.10666438225 0.205 0.0981512493601 0.200775493208
* 347 34.7071788311 -0.32280042636 1.94815368993 3.46 0.1 0.1 -0.345377922058 2.01842784882 3.41002852121 0.105342725541 0.202 0.0982139070462 0.200263373829
* 348 34.8075888157 -0.332265998678 1.94492833092 3.47 0.1 0.1 -0.359155654907 2.01324558258 3.41811758677 0.10375157497 0.2 0.0960359150909 0.200595057557
* 349 34.9079349041 -0.341698844668 1.94160847904 3.48 0.1 0.1 -0.367047786713 2.01029491425 3.42781097094 0.103213766587 0.199 0.0972499682349 0.200743465564
* 350 35.0081858635 -0.351098021055 1.93819446626 3.49 0.1 0.1 -0.377375602722 2.00639533997 3.43942648569 0.102651221734 0.2 0.0971619872835 0.199746787146
* 351 35.108383894 -0.360462587928 1.93468663399 3.5 0.1 0.1 -0.383099555969 2.00461673737 3.45037848154 0.101192334288 0.199 0.0997100673186 0.199834213353
* 352 35.208881855 -0.369791608838 1.93108533299 3.51 0.1 0.1 -0.391882896423 1.99879550934 3.46403223673 0.101771915266 0.199 0.100161435112 0.19561431378
* 353 35.3091118336 -0.379084150891 1.92739092341 3.52 0.1 0.1 -0.399722576141 1.99866867065 3.4808169047 0.102466171853 0.2 0.102181609852 0.194876300926
* 354 35.4093658924 -0.388339284841 1.92360377467 3.53 0.1 0.1 -0.407197475433 1.99175357819 3.49391681353 0.104155540356 0.199 0.103021942203 0.189619070433
* 355 35.5096678734 -0.397556085183 1.91972426549 3.54 0.1 0.1 -0.414321899414 1.98683261871 3.50306660334 0.104155540356 0.199 0.104204010298 0.188299942256
* 356 35.6099438667 -0.406733630242 1.91575278382 3.55 0.1 0.1 -0.411536693573 1.9871263504 3.52284342447 0.107784375685 0.192 0.111689968801 0.182446982112
* 357 35.7102029324 -0.415871002274 1.91168972679 3.56 0.1 0.1 -0.440099239349 1.9740190506 3.52019173304 0.10878102699 0.192 0.100199709142 0.187995243449
* 358 35.8104388714 -0.424967287547 1.90753550073 3.57 0.1 0.1 -0.442430496216 1.9715461731 3.53602654139 0.11290709354 0.187 0.104440221018 0.183834779753
* 359 35.9106779099 -0.434021576442 1.90329052103 3.58 0.1 0.1 -0.462028503418 1.96710014343 3.54120165506 0.112101649268 0.188 0.0994075122888 0.190267317956
* 360 36.0109148026 -0.443032963537 1.8989552122 3.59 0.1 0.1 -0.462028503418 1.96710014343 3.54120165506 0.112101649268 0.188 0.104664010801 0.196061707422
* 361 36.111112833 -0.4520005477 1.89453000777 3.6 0.1 0.1 -0.475176811218 1.95634746552 3.55986506144 0.111102450371 0.187 0.102005430089 0.187200095145
* 362 36.2113509178 -0.460923432181 1.89001535025 3.61 0.1 0.1 -0.481238365173 1.95370960236 3.57037932078 0.111723152267 0.189 0.104170072887 0.187399467343
* 363 36.3117749691 -0.469800724699 1.8854116911 3.62 0.1 0.1 -0.494191169739 1.94791889191 3.58524901072 0.112510130901 0.189 0.102487706191 0.1853661964
* 364 36.4121069908 -0.478631537532 1.88071949069 3.63 0.1 0.1 -0.494191169739 1.94791889191 3.58524901072 0.112548298617 0.19 0.107749252752 0.191120156605
* 365 36.5123589039 -0.487414987605 1.87593921823 3.64 0.1 0.1 -0.50529384613 1.94036579132 3.61479622522 0.115489059287 0.191 0.10710432974 0.178869669477
* 366 36.6127839088 -0.496150196582 1.87107135174 3.65 0.1 0.1 -0.51575422287 1.92965984344 3.62081844011 0.118153280414 0.189 0.105061857864 0.176513376832
* 367 36.7131278515 -0.504836290948 1.86611637801 3.66 0.1 0.1 -0.525223731995 1.92457771301 3.63182789484 0.118865358267 0.187 0.105022443714 0.176124780414
* 368 36.8133399487 -0.513472402102 1.86107479253 3.67 0.1 0.1 -0.5314245224 1.91637516022 3.6378124396 0.119307562892 0.182 0.105542352548 0.174258251989
* 369 36.9135518074 -0.52205766644 1.85594709946 3.68 0.1 0.1 -0.541837692261 1.91054344177 3.64792520205 0.120008448484 0.18 0.104819788648 0.174359678763
* 370 37.0137689114 -0.530591225441 1.85073381156 3.69 0.1 0.1 -0.556879997253 1.90626525879 3.65504056612 0.120512559347 0.178 0.102261667887 0.179835190158
* 371 37.1139979362 -0.539072225759 1.84543545015 3.7 0.1 0.1 -0.55921125412 1.90247917175 3.66270238558 0.121053282301 0.177 0.105732100023 0.179290573756
* 372 37.2143318653 -0.547499819298 1.84005254506 3.71 0.1 0.1 -0.568233966827 1.89622974396 3.67343432108 0.120665321323 0.178 0.105567930636 0.178336373569
* 373 37.314552784 -0.555873163308 1.83458563459 3.72 0.1 0.1 -0.573877334595 1.88547801971 3.68273264567 0.121336130093 0.177 0.105652979427 0.172671467171
* 374 37.4150669575 -0.56419142046 1.82903526542 3.73 0.1 0.1 -0.577689647675 1.87762737274 3.69125587145 0.12196294541 0.177 0.107287635937 0.169045947463
* 375 37.5152959824 -0.572453758937 1.82340199258 3.74 0.1 0.1 -0.577689647675 1.87762737274 3.69125587145 0.123119537761 0.178 0.112544202639 0.17483979541
* 376 37.6155409813 -0.58065935251 1.81768637939 3.75 0.1 0.1 -0.577689647675 1.87762737274 3.69125587145 0.123115004723 0.177 0.117787930701 0.180733498555
* 377 37.7157838345 -0.588807380628 1.81188899742 3.76 0.1 0.1 -0.610284805298 1.85532093048 3.71829826037 0.126593964627 0.175 0.102926246778 0.170247743656
* 378 37.8161029816 -0.596897028494 1.80601042638 3.77 0.1 0.1 -0.620832920074 1.84789085388 3.72532612482 0.131716551464 0.176 0.101550442822 0.1718442174
* 379 37.9163208008 -0.604927487151 1.80005125414 3.78 0.1 0.1 -0.628873825073 1.83959388733 3.73461991945 0.131716551464 0.176 0.101086675122 0.170255208665
* 380 38.0165998936 -0.612897953559 1.79401207661 3.79 0.1 0.1 -0.636614322662 1.83226966858 3.74230677286 0.128305274673 0.173 0.10097945329 0.170274049187
* 381 38.1168298721 -0.620807630678 1.7878934977 3.8 0.1 0.1 -0.647016048431 1.83084583282 3.75412828127 0.126845850864 0.172 0.101620326002 0.174553947239
* 382 38.2170739174 -0.628655727547 1.78169612927 3.81 0.1 0.1 -0.647016048431 1.83084583282 3.75412828127 0.125592764476 0.17 0.106867795583 0.18041897345
* 383 38.3173019886 -0.636441459363 1.77542059104 3.82 0.1 0.1 -0.647016048431 1.83084583282 3.75412828127 0.124301267234 0.171 0.112102052641 0.186383814033
* 384 38.4175298214 -0.64416404756 1.76906751056 3.83 0.1 0.1 -0.668415546417 1.80501461029 3.78128153483 0.126684784357 0.173 0.100943700164 0.1691694648
* 385 38.5177588463 -0.651822719884 1.76263752314 3.84 0.1 0.1 -0.679123878479 1.8017873764 3.79171306292 0.127615630703 0.174 0.100926024155 0.173312562133
* 386 38.6181368828 -0.659416710476 1.75613127177 3.85 0.1 0.1 -0.687909603119 1.79302692413 3.80196029345 0.127202718682 0.17 0.0999532567616 0.17210945606
* 387 38.7183699608 -0.666945259941 1.74954940707 3.86 0.1 0.1 -0.696688652039 1.78794384003 3.80917841593 0.127202718682 0.17 0.100089327919 0.175534733534
* 388 38.8186049461 -0.674407615433 1.74289258722 3.87 0.1 0.1 -0.69964838028 1.77656555176 3.81351882616 0.127202718682 0.17 0.100481153417 0.172037810992
* 389 38.9189767838 -0.68180303072 1.73616147789 3.88 0.1 0.1 -0.69964838028 1.77656555176 3.81351882616 0.127202718682 0.17 0.105714588295 0.178008732787
* 390 39.0193068981 -0.689130766269 1.7293567522 3.89 0.1 0.1 -0.69964838028 1.77656555176 3.81351882616 0.12792340964 0.17 0.110934255372 0.184079398796
* 391 39.1195259094 -0.696390089311 1.72247909061 3.9 0.1 0.1 -0.69964838028 1.77656555176 3.81351882616 0.127818881545 0.17 0.116139632686 0.190249732616
* 392 39.2198648453 -0.70358027392 1.71552918088 3.91 0.1 0.1 -0.69964838028 1.77656555176 3.81351882616 0.127818881545 0.17 0.121330199704 0.196519647871
* 393 39.3202528954 -0.710700601084 1.70850771799 3.92 0.1 0.1 -0.737286090851 1.74184894562 3.86619574228 0.139925927802 0.177 0.101019357974 0.171138309754
* 394 39.4205179214 -0.717750358776 1.70141540409 3.93 0.1 0.1 -0.7438788414 1.73165988922 3.87517959276 0.143533582361 0.179 0.100296689098 0.169049939457
* 395 39.5207278728 -0.724728842026 1.6942529484 3.94 0.1 0.1 -0.753170967102 1.72884082794 3.88646155993 0.142143247823 0.177 0.101202620535 0.173119130541
* 396 39.6211059093 -0.731635352992 1.68702106716 3.95 0.1 0.1 -0.759068012238 1.71712303162 3.8932355086 0.138748389916 0.173 0.100111372661 0.170846290781
* 397 39.7213408947 -0.738469201027 1.67972048355 3.96 0.1 0.1 -0.763957023621 1.70581531525 3.89935690561 0.136637950474 0.171 0.0995090592835 0.168653240939
* 398 39.8215630054 -0.745229702754 1.67235192763 3.97 0.1 0.1 -0.771162986755 1.69843292236 3.90712696711 0.137469039687 0.17 0.0994701622898 0.170138669448
* 399 39.9217879772 -0.751916182128 1.66491613624 3.98 0.1 0.1 -0.771162986755 1.69843292236 3.90712696711 0.13594556612 0.17 0.104694857246 0.176173354628
* 400 40.0222117901 -0.758527970506 1.65741385295 3.99 0.1 0.1 -0.771162986755 1.69843292236 3.90712696711 0.135749921409 0.169 0.109905450608 0.182307736336
* 401 40.1224517822 -0.765064406714 1.649845828 4.0 0.1 0.1 -0.792315483093 1.67417812347 3.93342596689 0.14183172411 0.172 0.0988078323366 0.171815652325
* 402 40.2226829529 -0.771524837116 1.64221281817 4.01 0.1 0.1 -0.798927783966 1.66698932648 3.94356757799 0.145827670256 0.175 0.0991185753927 0.172175188654
* 403 40.3229198456 -0.777908615672 1.63451558677 4.02 0.1 0.1 -0.802093982697 1.65529346466 3.95317656199 0.144298225782 0.174 0.0989403972355 0.167306525243
* 404 40.4231538773 -0.784215104011 1.62675490349 4.03 0.1 0.1 -0.81000328064 1.65215587616 3.9623289744 0.144298225782 0.174 0.100304547402 0.172093573857
* 405 40.5235788822 -0.790443671489 1.61893154442 4.04 0.1 0.1 -0.818162441254 1.64350032806 3.97069031397 0.143594235958 0.172 0.0994361658939 0.173814766565
* 406 40.6238029003 -0.796593695254 1.61104629188 4.05 0.1 0.1 -0.818162441254 1.64350032806 3.97069031397 0.141795148377 0.172 0.104651843972 0.179913631918
* 407 40.7240607738 -0.802664560309 1.60309993438 4.06 0.1 0.1 -0.818162441254 1.64350032806 3.97069031397 0.142923657822 0.173 0.109853084907 0.18611214166
* 408 40.8243479729 -0.808655659574 1.59509326656 4.07 0.1 0.1 -0.818162441254 1.64350032806 3.97069031397 0.144036853434 0.174 0.115039368578 0.192410206601
* 409 40.924612999 -0.814566393941 1.58702708907 4.08 0.1 0.1 -0.818162441254 1.64350032806 3.97069031397 0.14521747278 0.177 0.120210176361 0.198807727595
* 410 41.0249798298 -0.820396172344 1.57890220853 4.09 0.1 0.1 -0.846893787384 1.59750795364 4.0145064036 0.150500134 0.177 0.0982444604996 0.172320013958
* 411 41.125292778 -0.82614441181 1.57071943742 4.1 0.1 0.1 -0.852702140808 1.58904266357 4.02480274836 0.155492673089 0.178 0.09828691987 0.172056728806
* 412 41.2255718708 -0.831810537518 1.56247959401 4.11 0.1 0.1 -0.864203453064 1.58690643311 4.03822142283 0.152971392367 0.174 0.099138460651 0.178644619503
* 413 41.3258879185 -0.837393982862 1.55418350227 4.12 0.1 0.1 -0.867141723633 1.57891607285 4.04649883906 0.152646665182 0.174 0.100298834711 0.177675548176
* 414 41.4261868 -0.842894189501 1.54583199182 4.13 0.1 0.1 -0.869832515717 1.57116317749 4.05578428904 0.155788244553 0.176 0.101645751898 0.176183272846
* 415 41.5264699459 -0.848310607419 1.53742589778 4.14 0.1 0.1 -0.875340461731 1.55702066422 4.06379467646 0.15570254467 0.176 0.099331891611 0.17381666378
* 416 41.6267528534 -0.85364269498 1.52896606077 4.15 0.1 0.1 -0.882724285126 1.54692316055 4.07168203989 0.15570254467 0.176 0.0981077799157 0.175608220367
* 417 41.7270908356 -0.858889918978 1.52045332676 4.16 0.1 0.1 -0.886871814728 1.54276180267 4.07863194147 0.157084279599 0.177 0.100415326125 0.178937369629
* 418 41.8274278641 -0.864051754696 1.51188854702 4.17 0.1 0.1 -0.894616127014 1.5382142067 4.08821684519 0.156646923587 0.176 0.101522689205 0.183585813436
* 419 41.9277019501 -0.869127685954 1.50327257802 4.18 0.1 0.1 -0.894616127014 1.5382142067 4.08821684519 0.160179387189 0.177 0.106720278865 0.189808956534
* 420 42.0280277729 -0.874117205163 1.49460628134 4.19 0.1 0.1 -0.894616127014 1.5382142067 4.08821684519 0.158341902956 0.177 0.111902782839 0.196131631233
* 421 42.1284918785 -0.879019813377 1.48589052362 4.2 0.1 0.1 -0.898037433624 1.52668523788 4.09382492701 0.159419435685 0.177 0.111221913045 0.195492205922
* 422 42.2288467884 -0.883835020337 1.47712617641 4.21 0.1 0.1 -0.898037433624 1.52668523788 4.09382492701 0.159419435685 0.177 0.116381796582 0.201957944789
* 423 42.3292298317 -0.888562344528 1.46831411615 4.22 0.1 0.1 -0.898037433624 1.52668523788 4.09382492701 0.159419435685 0.177 0.121525333085 0.208522949971
* 424 42.4295809269 -0.893201313221 1.45945522404 4.23 0.1 0.1 -0.898037433624 1.52668523788 4.09382492701 0.159419435685 0.177 0.126652008204 0.215187095628
* 425 42.5299108028 -0.897751462522 1.45055038596 4.24 0.1 0.1 -0.898037433624 1.52668523788 4.09382492701 0.159419435685 0.177 0.131761309276 0.221950246006
* 426 42.6302158833 -0.902212337421 1.44160049237 4.25 0.1 0.1 -0.898037433624 1.52668523788 4.09382492701 0.159419435685 0.177 0.136852725376 0.228812255451
* 427 42.7304618359 -0.906583491834 1.43260643828 4.26 0.1 0.1 -0.907145023346 1.50947570801 4.11162907282 0.159079926021 0.176 0.132382000085 0.22264957495
* 428 42.8306958675 -0.910864488649 1.42356912306 4.27 0.1 0.1 -0.907145023346 1.50947570801 4.11162907282 0.159079926021 0.176 0.137469420668 0.229533271922
* 429 42.9311079979 -0.915054899771 1.41448945046 4.28 0.1 0.1 -0.907145023346 1.50947570801 4.11162907282 0.162773940637 0.176 0.142538335586 0.236515636946
* 430 43.0314109325 -0.91915430616 1.40536832842 4.29 0.1 0.1 -0.957454681396 1.40968370438 4.20038468042 0.188802538313 0.177 0.091637582119 0.183058375105
* 431 43.1317567825 -0.923162297881 1.39620666905 4.3 0.1 0.1 -0.961783409119 1.40328454971 4.21426397959 0.194878665268 0.179 0.0931402854388 0.182806209621
* 432 43.2321128845 -0.927078474137 1.38700538851 4.31 0.1 0.1 -0.961783409119 1.40328454971 4.21426397959 0.194878665268 0.179 0.0983319739669 0.189068707731
* 433 43.3324158192 -0.930902443314 1.37776540693 4.32 0.1 0.1 -0.961783409119 1.40328454971 4.21426397959 0.194878665268 0.179 0.103508371771 0.195430698467
* 434 43.4327018261 -0.934633823019 1.36848764828 4.33 0.1 0.1 -0.961783409119 1.40328454971 4.21426397959 0.194878665268 0.179 0.108668961216 0.201892076293
* 435 43.5330228806 -0.938272240115 1.35917304034 4.34 0.1 0.1 -0.961783409119 1.40328454971 4.21426397959 0.194878665268 0.179 0.113813226248 0.20845272573
* 436 43.6333889961 -0.941817330766 1.34982251457 4.35 0.1 0.1 -0.961783409119 1.40328454971 4.21426397959 0.194878665268 0.179 0.118940652443 0.215112521375
* 437 43.7337048054 -0.945268740464 1.340437006 4.36 0.1 0.1 -0.968727588654 1.38986110687 4.22606808344 0.194878665268 0.179 0.116472780214 0.214910961423
* 438 43.8340368271 -0.948626124072 1.33101745318 4.37 0.1 0.1 -0.968727588654 1.38986110687 4.22606808344 0.194878665268 0.179 0.121586023069 0.221651915814
* 439 43.9343128204 -0.951889145853 1.32156479806 4.38 0.1 0.1 -0.968727588654 1.38986110687 4.22606808344 0.194878665268 0.179 0.126681495407 0.228491762805
* 440 44.0346088409 -0.955057479509 1.31207998589 4.39 0.1 0.1 -0.968727588654 1.38986110687 4.22606808344 0.194878665268 0.179 0.131758687683 0.235430349074
* 441 44.1348538399 -0.958130808209 1.30256396515 4.4 0.1 0.1 -0.968727588654 1.38986110687 4.22606808344 0.194878665268 0.179 0.136817092184 0.242467511422
* 442 44.2350718975 -0.961108824622 1.29301768743 4.41 0.1 0.1 -0.968727588654 1.38986110687 4.22606808344 0.194878665268 0.179 0.141856203073 0.249603076795
* 443 44.3353018761 -0.96399123095 1.28344210736 4.42 0.1 0.1 -0.968727588654 1.38986110687 4.22606808344 0.194878665268 0.179 0.146875516442 0.256836862299
* 444 44.4355139732 -0.966777738953 1.27383818248 4.43 0.1 0.1 -0.975704669952 1.37028026581 4.23717600504 0.210075833136 0.188 0.141486508546 0.254386697297
* 445 44.5357089043 -0.969468069984 1.26420687317 4.44 0.1 0.1 -1.0023522377 1.29910421371 4.28792995611 0.218018849517 0.19 0.108534746778 0.225035262971
* 446 44.6361320019 -0.972061955012 1.25454914256 4.45 0.1 0.1 -1.01533555984 1.28608751297 4.30503124395 0.261078070197 0.197 0.105219873462 0.229156696492
* 447 44.7363669872 -0.974559134651 1.24486595642 4.46 0.1 0.1 -1.01533555984 1.28608751297 4.30503124395 0.278945824907 0.209 0.110313474096 0.236006788454
* 448 44.8366699219 -0.976959359183 1.23515828306 4.47 0.1 0.1 -1.01533555984 1.28608751297 4.30503124395 0.28030482032 0.211 0.115388741942 0.242955603232
* 449 44.9370019436 -0.97926238859 1.22542709322 4.48 0.1 0.1 -1.01533555984 1.28608751297 4.30503124395 0.28376836052 0.213 0.120445169477 0.250002976604
* 450 45.0373439789 -0.98146799257 1.21567336004 4.49 0.1 0.1 -1.01533555984 1.28608751297 4.30503124395 0.156522081633 0.126 0.125482251062 0.257148734495
* 451 45.1377618313 -0.983575950564 1.20589805886 4.5 0.1 0.1 -1.01533555984 1.28608751297 4.30503124395 0.0977599770944 0.035 0.130499482994 0.26439269299
* 452 45.2379817963 -0.985586051779 1.19610216722 4.51 0.1 0.1 -1.01533555984 1.28608751297 4.30503124395 0.0977599770944 0.035 0.135496363553 0.271734658355
* 453 45.3382430077 -0.987498095206 1.18628666469 4.52 0.1 0.1 -1.04126262665 1.18257951736 4.3957495133 0.0977599770944 0.035 0.0884759078327 0.215872190941
* 454 45.4386818409 -0.989311889642 1.17645253281 4.53 0.1 0.1 -1.04784536362 1.17429351807 4.41577142874 0.0977599770944 0.035 0.0891737906364 0.215962830062
* 455 45.5388979912 -0.991027253709 1.16660075499 4.54 0.1 0.1 -1.04634952545 1.15772151947 4.42496151129 0.0977599770944 0.035 0.0864980867461 0.211581928931
* 456 45.6391839981 -0.992644015873 1.15673231641 4.55 0.1 0.1 -1.05112886429 1.14404916763 4.43707412878 0.239482704472 0.037 0.0844490786914 0.212759614467
* 457 45.7394068241 -0.994162014457 1.14684820389 4.56 0.1 0.1 -1.05765724182 1.1290435791 4.44935030142 0.261994696262 0.071 0.0815041585304 0.215399146264
* 458 45.839673996 -0.995581097665 1.13694940584 4.57 0.1 0.1 -1.06090688705 1.12261724472 4.45861572424 0.352746470295 0.162 0.0833152764171 0.218742505795
* 459 45.9400639534 -0.996901123589 1.12703691213 4.58 0.1 0.1 -1.05829000473 1.11967468262 4.46551412741 0.456330072758 0.232 0.0875960721493 0.21848154945
* 460 46.0403769016 -0.998121960227 1.117111714 4.59 0.1 0.1 -1.05829000473 1.11967468262 4.46551412741 0.456330072758 0.232 0.092742406143 0.225029795124
* 461 46.1406469345 -0.999243485496 1.10717480396 4.6 0.1 0.1 -1.05778932571 1.1102013588 4.47392362753 0.406857155421 0.233 0.0934283028893 0.224507679022
* 462 46.24087286 -1.00026558725 1.0972271757 4.61 0.1 0.1 -1.05873346329 1.09791231155 4.48256963888 0.420443599103 0.24 0.0924752873291 0.224708879435
* 463 46.3411369324 -1.00118816327 1.08726982397 4.62 0.1 0.1 -1.06186151505 1.09255456924 4.49205202261 0.445527140511 0.246 0.0948822763505 0.228258399427
* 464 46.4414689541 -1.0020111213 1.0773037445 4.63 0.1 0.1 -1.06186151505 1.09255456924 4.49205202261 0.450132462523 0.25 0.100005908556 0.234940107858
* 465 46.5418548584 -1.00273437905 1.06732993388 4.64 0.1 0.1 -1.06186151505 1.09255456924 4.49205202261 0.452222025792 0.251 0.105112076005 0.241720795909
* 466 46.642239809 -1.0033578642 1.05734938949 4.65 0.1 0.1 -1.06186151505 1.09255456924 4.49205202261 0.452222025792 0.251 0.110200268084 0.248600316173
* 467 46.7425379753 -1.00388151439 1.04736310938 4.66 0.1 0.1 -1.06312608719 1.08347320557 4.50684875647 0.482861247168 0.251 0.11117184155 0.246638687549
* 468 46.8429038525 -1.00430527726 1.03737209217 4.67 0.1 0.1 -1.06312608719 1.08347320557 4.50684875647 0.485036794369 0.253 0.116250479196 0.253569571254
* 469 46.9431369305 -1.00462911044 1.02737733694 4.68 0.1 0.1 -1.06312608719 1.08347320557 4.50684875647 0.485036794369 0.253 0.121310368636 0.260599044134
* 470 47.0434010029 -1.00485298154 1.01737984316 4.69 0.1 0.1 -1.06312608719 1.08347320557 4.50684875647 0.485036794369 0.253 0.126351003883 0.267726933903
* 471 47.1436378956 -1.00497686817 1.00738061059 4.7 0.1 0.1 -1.06312608719 1.08347320557 4.50684875647 0.485036794369 0.253 0.13137188088 0.274953058434
* 472 47.2438728809 -1.00500075795 0.997380639125 4.71 0.1 0.1 -1.06312608719 1.08347320557 4.50684875647 0.485036794369 0.253 0.136372497543 0.282277225776
* 473 47.3441038132 -1.00492464849 0.987380928762 4.72 0.1 0.1 -1.06312608719 1.08347320557 4.50684875647 0.485036794369 0.253 0.141352353814 0.289699234173
* 474 47.4443349838 -1.0047485474 0.977382479462 4.73 0.1 0.1 -1.06312608719 1.08347320557 4.50684875647 0.485036794369 0.253 0.146310951711 0.297218872087
* 475 47.5446629524 -1.00447247229 0.967386291062 4.74 0.1 0.1 -1.06312608719 1.08347320557 4.50684875647 0.485036794369 0.253 0.151247795379 0.304835918216
* 476 47.6449298859 -1.00409645076 0.957393363172 4.75 0.1 0.1 -1.06312608719 1.08347320557 4.50684875647 0.485036794369 0.253 0.156162391138 0.312550141517
* 477 47.7452218533 -1.00362052042 0.947404695077 4.76 0.1 0.1 -1.06312608719 1.08347320557 4.50684875647 0.485036794369 0.253 0.161054247531 0.32036130123
* 478 47.8455078602 -1.00304472885 0.937421285635 4.77 0.1 0.1 -1.06608915329 1.05788803101 4.55422586599 0.485036794369 0.253 0.155540717497 0.295734271811
* 479 47.9458019733 -1.00236913365 0.92744413318 4.78 0.1 0.1 -1.06608915329 1.05788803101 4.55422586599 0.485036794369 0.253 0.160493657383 0.30327948064
* 480 48.0462169647 -1.00159380237 0.917474235417 4.79 0.1 0.1 -1.06608915329 1.05788803101 4.55422586599 0.485036794369 0.253 0.16542471334 0.310922038026
* 481 48.1465568542 -1.00071881253 0.907512589329 4.8 0.1 0.1 -1.06608915329 1.05788803101 4.55422586599 0.485036794369 0.253 0.170333392267 0.318661710374
* 482 48.2468488216 -0.999744251647 0.897560191071 4.81 0.1 0.1 -1.06608915329 1.05788803101 4.55422586599 0.485036794369 0.253 0.175219203301 0.326498254379
* 483 48.3471558094 -0.998670217165 0.887618035875 4.82 0.1 0.1 -1.06608915329 1.05788803101 4.55422586599 0.485036794369 0.253 0.180081657864 0.334431417048
* 484 48.447439909 -0.997496816489 0.877687117949 4.83 0.1 0.1 -1.06608915329 1.05788803101 4.55422586599 0.485036794369 0.253 0.184920269715 0.342460935729
* 485 48.5477638245 -0.996224166959 0.867768430376 4.84 0.1 0.1 -1.06608915329 1.05788803101 4.55422586599 0.485036794369 0.253 0.189734554996 0.35058653813
* 486 48.6480028629 -0.994852395838 0.857862965017 4.85 0.1 0.1 -1.06608915329 1.05788803101 4.55422586599 0.535255414804 0.238 0.194524032283 0.358807942355
* 487 48.7482509613 -0.993381640302 0.847971712409 4.86 0.1 0.1 -1.06608915329 1.05788803101 4.55422586599 0.535255414804 0.238 0.199288222633 0.367124856925
* 488 48.8484950066 -0.991812047426 0.838095661669 4.87 0.1 0.1 -1.06608915329 1.05788803101 4.55422586599 0.535255414804 0.238 0.20402664963 0.375536980811
* 489 48.948720932 -0.990143774168 0.828235800396 4.88 0.1 0.1 -1.06608915329 1.05788803101 4.55422586599 0.535255414804 0.238 0.208738839436 0.384044003463
* 490 49.0489349365 -0.988376987353 0.818393114566 4.89 0.1 0.1 -1.06608915329 1.05788803101 4.55422586599 0.535255414804 0.238 0.213424320835 0.392645604841
* 491 49.149160862 -0.986511863659 0.808568588439 4.9 0.1 0.1 -1.06608915329 1.05788803101 4.55422586599 0.535255414804 0.238 0.218082625283 0.401341455449
* 492 49.2495160103 -0.984548589596 0.798763204462 4.91 0.1 0.1 -1.06608915329 1.05788803101 4.55422586599 0.535255414804 0.238 0.222713286954 0.410131216364
* 493 49.3498117924 -0.982487361491 0.788977943162 4.92 0.1 0.1 -1.06608915329 1.05788803101 4.55422586599 0.535255414804 0.238 0.227315842786 0.419014539273
* 494 49.4500458241 -0.980328385464 0.779213783059 4.93 0.1 0.1 -1.06608915329 1.05788803101 4.55422586599 0.535255414804 0.238 0.231889832526 0.427991066506
* 495 49.5502738953 -0.978071877411 0.769471700561 4.94 0.1 0.1 -1.06608915329 1.05788803101 4.55422586599 0.535255414804 0.238 0.23643479878 0.437060431074
* 496 49.6505119801 -0.975718062981 0.759752669867 4.95 0.1 0.1 -1.06608915329 1.05788803101 4.55422586599 0.535255414804 0.238 0.240950287054 0.446222256703
* 497 49.750731945 -0.973267177554 0.750057662872 4.96 0.1 0.1 -1.06608915329 1.05788803101 4.55422586599 0.535255414804 0.238 0.245435845804 0.455476157874
* 498 49.851115942 -0.970719466217 0.74038764907 4.97 0.1 0.1 -1.06608915329 1.05788803101 4.55422586599 0.535255414804 0.238 0.249891026477 0.464821739861
* 499 49.9514029026 -0.968075183737 0.730743595453 4.98 0.1 0.1 -1.06608915329 1.05788803101 4.55422586599 0.535255414804 0.238 0.25431538356 0.474258598767
* 500 50.0517089367 -0.965334594542 0.721126466418 4.99 0.1 0.1 -1.06608915329 1.05788803101 4.55422586599 0.535255414804 0.238 0.258708474619 0.483786321571
* 501 50.152053833 -0.962497972687 0.711537223672 5.0 0.1 0.1 -1.05470895767 0.856802940369 4.83929342428 0.535255414804 0.238 0.181371369001 0.258364586782
* 502 50.2523357868 -0.959565601833 0.701976826129 5.01 0.1 0.1 -1.02100610733 0.734555244446 4.99953693548 0.535255414804 0.238 0.125808786008 0.155250387664
* 503 50.3526098728 -0.956537775214 0.692446229822 5.02 0.1 0.1 -1.02100610733 0.734555244446 4.99953693548 -0.267084589322 0.226 0.131098812292 0.160761603693
* 504 50.4529488087 -0.953414795611 0.682946387802 5.03 0.1 0.1 -1.02100610733 0.734555244446 4.99953693548 -0.251682476967 0.223 0.136377489682 0.166372786888
* 505 50.5532798767 -0.950196975318 0.673478250047 5.04 0.1 0.1 -1.02100610733 0.734555244446 4.99953693548 -0.251682476967 0.223 0.141644290315 0.172083906793
* 506 50.653621912 -0.946884636116 0.66404276336 5.05 0.1 0.1 -1.02100610733 0.734555244446 4.99953693548 -0.251682476967 0.223 0.146898687514 0.177894922954
* 507 50.7539148331 -0.943478109235 0.654640871284 5.06 0.1 0.1 -1.02100610733 0.734555244446 4.99953693548 -0.245405540835 0.221 0.152140155845 0.183805784932
* 508 50.8542029858 -0.939977735325 0.645273514 5.07 0.1 0.1 -0.978216648102 0.636738777161 5.09506220022 -0.245405540835 0.221 0.103344153926 0.125360461916
* 509 50.9544718266 -0.936383864421 0.635941628235 5.08 0.1 0.1 -0.978216648102 0.636738777161 5.09506220022 -0.183460124315 0.221 0.108670212419 0.130516445273
* 510 51.0547587872 -0.932696855906 0.626646147171 5.09 0.1 0.1 -0.978216648102 0.636738777161 5.09506220022 -0.176631181219 0.219 0.113986806079 0.135772423152
* 511 51.1550929546 -0.928917078479 0.617388000348 5.1 0.1 0.1 -0.911654472351 0.512320041656 5.177480642 -0.146037212458 0.219 0.0457583761564 0.0905786214008
* 512 51.2553827763 -0.925044910114 0.608168113572 5.11 0.1 0.1 -0.868806838989 0.442831993103 5.22006601492 -0.137680784962 0.225 0.00821510958041 0.0728251815309
* 513 51.3555929661 -0.921080738025 0.598987408826 5.12 0.1 0.1 -0.86076593399 0.429280757904 5.22600359121 -0.137540339327 0.226 0.00527598777453 0.0745972425107
* 514 51.4559409618 -0.917024958625 0.589846804171 5.13 0.1 0.1 -0.86076593399 0.429280757904 5.22600359121 -0.137540339327 0.226 0.0106589830986 0.0789452803092
* 515 51.5562469959 -0.912877977489 0.58074721366 5.14 0.1 0.1 -0.856797218323 0.426011562347 5.2272200028 -0.150633394628 0.245 0.0134981834466 0.0810944370711
* 516 51.6565339565 -0.908640209312 0.571689547245 5.15 0.1 0.1 -0.856797218323 0.426011562347 5.2272200028 -0.153440875502 0.248 0.018871096589 0.0856296039078
* 517 51.757008791 -0.904312077868 0.562674710686 5.16 0.1 0.1 -0.856797218323 0.426011562347 5.2272200028 -0.153440875502 0.248 0.0242378686941 0.0902645096558
* 518 51.8572218418 -0.899894015965 0.553703605457 5.17 0.1 0.1 -0.860757350922 0.43075799942 5.23107475439 -0.153440875502 0.248 0.0328568263238 0.0945499531268
* 519 51.9574248791 -0.895386465406 0.544777128663 5.18 0.1 0.1 -0.859432697296 0.430356502533 5.23331970373 -0.126040695949 0.273 0.0376978606969 0.0974663682125
* 520 52.0576369762 -0.890789876942 0.535896172943 5.19 0.1 0.1 -0.859432697296 0.430356502533 5.23331970373 -0.120288211128 0.263 0.0430477826682 0.102339906316
* 521 52.157848835 -0.886104710229 0.527061626386 5.2 0.1 0.1 -0.860526561737 0.431173801422 5.23693746725 -0.120288211128 0.263 0.0490914715356 0.106282350506
* 522 52.2580788136 -0.88133143378 0.518274372439 5.21 0.1 0.1 -0.860526561737 0.431173801422 5.23693746725 -0.0300822374016 0.116 0.0544280779153 0.111319608075
* 523 52.3583807945 -0.876470524917 0.509535289819 5.22 0.1 0.1 -0.860526561737 0.431173801422 5.23693746725 -0.0183972115156 0.099 0.0597558520416 0.116456841165
* 524 52.4586029053 -0.871522469728 0.500845252429 5.23 0.1 0.1 -0.860526561737 0.431173801422 5.23693746725 -0.0183972115156 0.099 0.0650742611414 0.121694066714
* 525 52.5589179993 -0.866487763013 0.492205129264 5.24 0.1 0.1 -0.860526561737 0.431173801422 5.23693746725 -0.0127628320635 0.091 0.0703827733784 0.127031291658
* 526 52.6591329575 -0.861366908241 0.48361578433 5.25 0.1 0.1 -0.860526561737 0.431173801422 5.23693746725 -0.0127628320635 0.091 0.0756808579057 0.132468512935
* 527 52.7593569756 -0.856160417491 0.475078076554 5.26 0.1 0.1 -0.860526561737 0.431173801422 5.23693746725 -0.0127628320635 0.091 0.0809679849193 0.138005717484
* 528 52.8595728874 -0.850868811409 0.466592859699 5.27 0.1 0.1 -0.860526561737 0.431173801422 5.23693746725 -0.0196399615036 0.101 0.0862436257108 0.143642882243
* 529 52.9598009586 -0.845492619151 0.45816098228 5.28 0.1 0.1 -0.843651294708 0.405240058899 5.26522678534 -0.02155843908 0.108 0.0755762914027 0.134061527626
* 530 53.0599858761 -0.840032378331 0.449783287479 5.29 0.1 0.1 -0.821863174438 0.380885124207 5.29527044693 -0.0242790862551 0.117 0.0641670638168 0.119957825391
* 531 53.1602900028 -0.83448863497 0.441460613056 5.3 0.1 0.1 -0.816281318665 0.369794368744 5.30099201599 -0.0272475680543 0.132 0.0630051312874 0.124119317122
* 532 53.2608478069 -0.828861943435 0.433193791274 5.31 0.1 0.1 -0.810467243195 0.358368873596 5.30630779663 -0.0241341969656 0.128 0.061629755216 0.128587622729
* 533 53.3610990047 -0.823152866394 0.424983648807 5.32 0.1 0.1 -0.807130813599 0.354810237885 5.30962181488 -0.022288998571 0.126 0.0644212180673 0.131721205382
* 534 53.4613339901 -0.817361974747 0.416831006662 5.33 0.1 0.1 -0.802540302277 0.350125789642 5.31302643219 -0.0209516445144 0.127 0.0663380850716 0.134479361512
* 535 53.5617039204 -0.81148984758 0.408736680098 5.34 0.1 0.1 -0.799973011017 0.344318389893 5.31881189743 -0.0195635081479 0.129 0.0684055130232 0.138494421205
* 536 53.661921978 -0.8055370721 0.400701478539 5.35 0.1 0.1 -0.796474456787 0.34076166153 5.32336569229 -0.0194511401169 0.13 0.0711523918413 0.141096220235
* 537 53.7622179985 -0.79950424358 0.3927262055 5.36 0.1 0.1 -0.790453910828 0.334322452545 5.32876825729 -0.0184585985748 0.133 0.0718857046265 0.142950879282
* 538 53.8624777794 -0.793391965298 0.384811658501 5.37 0.1 0.1 -0.784728050232 0.32576084137 5.33408403793 -0.0182583254036 0.135 0.0717850884125 0.146408348981
* 539 53.9627058506 -0.787200848476 0.37695862899 5.38 0.1 0.1 -0.784728050232 0.32576084137 5.33408403793 -0.0182583254036 0.135 0.0770451907963 0.152173946944
* 540 54.0631029606 -0.780931512221 0.369167902264 5.39 0.1 0.1 -0.784728050232 0.32576084137 5.33408403793 -0.0182583254036 0.135 0.0822926030752 0.158039414898
* 541 54.1634848118 -0.774584583462 0.361440257389 5.4 0.1 0.1 -0.784728050232 0.32576084137 5.33408403793 -0.0182583254036 0.135 0.0875268005122 0.164004696954
* 542 54.2637507915 -0.768160696885 0.353776467122 5.41 0.1 0.1 -0.784728050232 0.32576084137 5.33408403793 -0.0182583254036 0.135 0.092747259692 0.170069727247
* 543 54.3640809059 -0.761660494875 0.346177297836 5.42 0.1 0.1 -0.762624740601 0.299584388733 5.37154007355 -0.0149740375159 0.139 0.0806505720927 0.155013632044
* 544 54.4643688202 -0.755084627446 0.338643509443 5.43 0.1 0.1 -0.762624740601 0.299584388733 5.37154007355 -0.0149740375159 0.139 0.0858946722771 0.160904498046
* 545 54.5647218227 -0.748433752179 0.331175855314 5.44 0.1 0.1 -0.762624740601 0.299584388733 5.37154007355 -0.0149740375159 0.139 0.0911254243373 0.166895162341
* 546 54.6651308537 -0.741708534157 0.32377508221 5.45 0.1 0.1 -0.762624740601 0.299584388733 5.37154007355 -0.0149740375159 0.139 0.0963423052023 0.172985556524
* 547 54.765460968 -0.734909645895 0.3164419302 5.46 0.1 0.1 -0.738665103912 0.273471832275 5.40194464127 -0.0149740375159 0.139 0.0835065864402 0.161042435375
* 548 54.8666079044 -0.728037767276 0.309177132594 5.47 0.1 0.1 -0.732147693634 0.265856742859 5.40724659363 -0.0127879548864 0.146 0.0835411711411 0.164194748387
* 549 54.9668729305 -0.721093585484 0.301981415865 5.48 0.1 0.1 -0.732147693634 0.265856742859 5.40724659363 -0.0126044351683 0.147 0.0887660316301 0.170228240471
* 550 55.0671479702 -0.714077794929 0.294855499581 5.49 0.1 0.1 -0.726812839508 0.259459018707 5.41352844635 -0.0121722224933 0.15 0.0897146314794 0.173145209464
* 551 55.1675078869 -0.706991097187 0.287800096325 5.5 0.1 0.1 -0.726812839508 0.259459018707 5.41352844635 -0.0121722224933 0.15 0.0949200227908 0.17931544744
* 552 55.2677488327 -0.699834200919 0.280815911633 5.51 0.1 0.1 -0.726812839508 0.259459018707 5.41352844635 -0.0121722224933 0.15 0.100110604306 0.185585266942
* 553 55.3679828644 -0.69260782181 0.273903643917 5.52 0.1 0.1 -0.726812839508 0.259459018707 5.41352844635 -0.0121722224933 0.15 0.10528585697 0.191954571646
* 554 55.4682269096 -0.685312682492 0.267063984398 5.53 0.1 0.1 -0.726812839508 0.259459018707 5.41352844635 -0.0104603118577 0.159 0.110445263264 0.198423255284
* 555 55.568628788 -0.677949512473 0.260297617037 5.54 0.1 0.1 -0.726812839508 0.259459018707 5.41352844635 -0.00863846790506 0.163 0.11558830725 0.204991201648
* 556 55.6688709259 -0.670519048063 0.253605218464 5.55 0.1 0.1 -0.726812839508 0.259459018707 5.41352844635 -0.00863846790506 0.163 0.120714474628 0.211658284605
* 557 55.7691659927 -0.663022032304 0.246987457914 5.56 0.1 0.1 -0.692753791809 0.225352287292 5.44695711533 -0.00684790611037 0.166 0.101416625288 0.196553210197
* 558 55.8693947792 -0.655459214889 0.240444997158 5.57 0.1 0.1 -0.692753791809 0.225352287292 5.44695711533 -0.00684790611037 0.166 0.106565337389 0.203087136367
* 559 55.969742775 -0.647831352095 0.233978490435 5.58 0.1 0.1 -0.651101589203 0.189968109131 5.49901438156 -0.00457408267592 0.185 0.0844069727755 0.176443600091
* 560 56.0699839592 -0.640139206701 0.227588584392 5.59 0.1 0.1 -0.64243221283 0.182820796967 5.50688553253 -0.000210241807374 0.194 0.0838781712242 0.177654408542
* 561 56.1702988148 -0.632383547916 0.221275918013 5.6 0.1 0.1 -0.633959770203 0.173684120178 5.51724386612 0.00039521439024 0.195 0.0827534038828 0.179308868545
* 562 56.2705209255 -0.624565151299 0.21504112256 5.61 0.1 0.1 -0.633959770203 0.173684120178 5.51724386612 0.00144017046473 0.195 0.0879495485382 0.185541700044
* 563 56.3708817959 -0.616684798683 0.208884821508 5.62 0.1 0.1 -0.612029075623 0.162446022034 5.5349602739 0.00380857566124 0.198 0.0810621918538 0.175994593163
* 564 56.4711148739 -0.608743278097 0.20280763048 5.63 0.1 0.1 -0.612029075623 0.162446022034 5.5349602739 0.00410591976465 0.197 0.0862549257505 0.182250159983
* 565 56.5714998245 -0.600741383686 0.196810157192 5.64 0.1 0.1 -0.602900981903 0.155982017517 5.54457998673 0.00421712315889 0.196 0.0858057688166 0.182278209915
* 566 56.6718008518 -0.592679915633 0.190893001386 5.65 0.1 0.1 -0.602900981903 0.155982017517 5.54457998673 0.00421712315889 0.196 0.0909826577473 0.188637058176
* 567 56.7721397877 -0.584559680079 0.185056754772 5.66 0.1 0.1 -0.602900981903 0.155982017517 5.54457998673 0.00421712315889 0.196 0.0961437546525 0.195095297013
* 568 56.8724839687 -0.576381489039 0.17930200097 5.67 0.1 0.1 -0.602900981903 0.155982017517 5.54457998673 0.00421712315889 0.196 0.101288543427 0.201652811263
* 569 56.9728279114 -0.568146160327 0.173629315451 5.68 0.1 0.1 -0.602900981903 0.155982017517 5.54457998673 0.00421712315889 0.196 0.106416509596 0.208309475836
* 570 57.0731508732 -0.559854517468 0.168039265478 5.69 0.1 0.1 -0.602900981903 0.155982017517 5.54457998673 0.00421712315889 0.196 0.111527140367 0.215065155726
* 571 57.1736199856 -0.55150738962 0.162532410052 5.7 0.1 0.1 -0.602900981903 0.155982017517 5.54457998673 0.00421712315889 0.196 0.116619924682 0.221919706027
* 572 57.2739248276 -0.543105611488 0.157109299854 5.71 0.1 0.1 -0.602900981903 0.155982017517 5.54457998673 0.00421712315889 0.196 0.121694353265 0.228872971945
* 573 57.3742449284 -0.534650023243 0.15177047719 5.72 0.1 0.1 -0.602900981903 0.155982017517 5.54457998673 0.00421712315889 0.196 0.12674991868 0.235924788814
* 574 57.4744749069 -0.526141470437 0.146516475938 5.73 0.1 0.1 -0.602900981903 0.155982017517 5.54457998673 0.00421712315889 0.196 0.131786115372 0.243074982114
* 575 57.5747089386 -0.517580803919 0.141347821494 5.74 0.1 0.1 -0.602900981903 0.155982017517 5.54457998673 0.00463012164865 0.194 0.136802439728 0.250323367488
* 576 57.674934864 -0.508968879748 0.136265030719 5.75 0.1 0.1 -0.594214439392 0.147754669189 5.5534200708 0.00549841189771 0.187 0.135855021815 0.252586276445
* 577 57.7751638889 -0.500306559108 0.131268611888 5.76 0.1 0.1 -0.594214439392 0.147754669189 5.5534200708 0.00549841189771 0.187 0.140848576622 0.259944013631
* 578 57.8754589558 -0.491594708225 0.126359064638 5.77 0.1 0.1 -0.594214439392 0.147754669189 5.5534200708 0.00549841189771 0.187 0.145821200058 0.267399520445
* 579 57.9756839275 -0.482834198277 0.121536879921 5.78 0.1 0.1 -0.594214439392 0.147754669189 5.5534200708 0.00549841189771 0.187 0.150772394866 0.274952581997
* 580 58.0759179592 -0.474025905307 0.11680253995 5.79 0.1 0.1 -0.594214439392 0.147754669189 5.5534200708 0.00549841189771 0.187 0.155701665929 0.282602973642
* 581 58.1761798859 -0.465170710138 0.112156518156 5.8 0.1 0.1 -0.594214439392 0.147754669189 5.5534200708 0.00549841189771 0.187 0.160608520326 0.290350461004
* 582 58.2764918804 -0.456269498281 0.107599279137 5.81 0.1 0.1 -0.594214439392 0.147754669189 5.5534200708 0.00549841189771 0.187 0.165492467374 0.298194799995
* 583 58.3768270016 -0.44732315985 0.103131278613 5.82 0.1 0.1 -0.594214439392 0.147754669189 5.5534200708 0.00549841189771 0.187 0.170353018683 0.306135736844
* 584 58.4771008492 -0.438332589472 0.0987529633802 5.83 0.1 0.1 -0.594214439392 0.147754669189 5.5534200708 0.00593274822891 0.184 0.175189688202 0.314173008119
* 585 58.5775017738 -0.429298686196 0.0944647712668 5.84 0.1 0.1 -0.575628757477 0.134498596191 5.58788061539 0.0065606644403 0.181 0.170073508517 0.296791236362
* 586 58.6778337955 -0.420222353405 0.0902671310884 5.85 0.1 0.1 -0.575628757477 0.134498596191 5.58788061539 0.00681587013671 0.18 0.174944555789 0.304689117277
* 587 58.7781119347 -0.411104498725 0.0861604626055 5.86 0.1 0.1 -0.575628757477 0.134498596191 5.58788061539 0.0074998252736 0.179 0.179791937785 0.312683451315
* 588 58.878412962 -0.401946033933 0.0821451764814 5.87 0.1 0.1 -0.39243221283 0.0355491638184 5.79136372009 0.0104920978391 0.191 0.0835640436835 0.178309570288
* 589 58.9787209034 -0.392747874869 0.0782216742415 5.88 0.1 0.1 -0.39243221283 0.0355491638184 5.79136372009 0.0126462096886 0.193 0.0887662731738 0.184501372606
* 590 59.0789988041 -0.38351094134 0.0743903482327 5.89 0.1 0.1 -0.373795986176 0.0265641212463 5.80902338425 0.013395100137 0.194 0.0834976544039 0.181085099457
* 591 59.1792869568 -0.374236157033 0.0706515815844 5.9 0.1 0.1 -0.373795986176 0.0265641212463 5.80902338425 0.0135894131062 0.194 0.0886964381518 0.187300210814
* 592 59.2795958519 -0.364924449417 0.0670057481702 5.91 0.1 0.1 -0.373795986176 0.0265641212463 5.80902338425 0.0159160055879 0.194 0.09388017808 0.193614861535
* 593 59.3798639774 -0.355576749657 0.0634532125703 5.92 0.1 0.1 -0.339650154114 0.0102858543396 5.83199215332 0.0186509192148 0.195 0.0797048187977 0.187604381427
* 594 59.4801409245 -0.346193992513 0.0599943300354 5.93 0.1 0.1 -0.334361553192 0.00692892074585 5.83466959396 0.0212149593099 0.194 0.0816771487461 0.193273947888
* 595 59.5803918839 -0.336777116255 0.0566294464508 5.94 0.1 0.1 -0.334361553192 0.00692892074585 5.83466959396 0.0212149593099 0.194 0.0868541768469 0.199631905047
* 596 59.6807198524 -0.327327062562 0.0533588983021 5.95 0.1 0.1 -0.334361553192 0.00692892074585 5.83466959396 0.0212149593099 0.194 0.0920154175541 0.206089253769
* 597 59.7810268402 -0.317844776431 0.0501830126413 5.96 0.1 0.1 -0.334361553192 0.00692892074585 5.83466959396 0.0212149593099 0.194 0.097160354748 0.21264587898
* 598 59.881308794 -0.308331206083 0.0471021070545 5.97 0.1 0.1 -0.33575630188 0.0092248916626 5.83423281113 0.0212149593099 0.194 0.103467159559 0.218072976898
* 599 59.9816138744 -0.298787302867 0.0441164896296 5.98 0.1 0.1 -0.33575630188 0.0092248916626 5.83423281113 0.0212149593099 0.194 0.108577179298 0.224832091812
* 600 60.0819578171 -0.289214021166 0.0412264589258 5.99 0.1 0.1 -0.33575630188 0.0092248916626 5.83423281113 0.0212149593099 0.194 0.11366933487 0.231690071929
* 601 60.1822538376 -0.279612318299 0.0384323039438 6.0 0.1 0.1 -0.33575630188 0.0092248916626 5.83423281113 0.0212149593099 0.194 0.118743117062 0.238646762112
* 602 60.2825160027 -0.26998315443 0.0357343040968 6.01 0.1 0.1 -0.325888633728 0.00756740570068 5.83536911408 0.044257270406 0.284 0.118748531668 0.242266082892
* 603 60.3829779625 -0.260327492466 0.0331327291825 6.02 0.1 0.1 -0.325888633728 0.00756740570068 5.83536911408 0.0456778956537 0.287 0.123786275128 0.24940851961
* 604 60.4833598137 -0.250646297965 0.0306278393562 6.03 0.1 0.1 -0.278588294983 -0.0119180679321 5.91669702927 0.0352264034115 0.231 0.105111452511 0.209858558528
* 605 60.583701849 -0.24094053904 0.0282198851049 6.04 0.1 0.1 -0.252708911896 -0.0315999984741 5.94510555664 0.0341300324139 0.203 0.094912851676 0.210693648479
* 606 60.683962822 -0.231211186257 0.0259091072219 6.05 0.1 0.1 -0.244794368744 -0.0285277366638 5.95537376801 0.0397218107208 0.217 0.0970758969701 0.206125796057
* 607 60.7843089104 -0.221459212543 0.0236957367831 6.06 0.1 0.1 -0.231139183044 -0.0264534950256 5.96118641296 0.04004688122 0.213 0.0959631751447 0.203071569538
* 608 60.8845880032 -0.21168559309 0.0215799951237 6.07 0.1 0.1 -0.231139183044 -0.0264534950256 5.96118641296 0.04004688122 0.213 0.101134762888 0.209464159017
* 609 60.9849119186 -0.201891305248 0.0195620938162 6.08 0.1 0.1 -0.231139183044 -0.0264534950256 5.96118641296 0.04004688122 0.213 0.106290383282 0.215956101104
* 610 61.0852539539 -0.192077328441 0.0176422346489 6.09 0.1 0.1 -0.231139183044 -0.0264534950256 5.96118641296 0.04004688122 0.213 0.111429520769 0.222547277266
* 611 61.185644865 -0.182244644057 0.0158206096061 6.1 0.1 0.1 -0.222277164459 -0.0277881622314 5.9717788736 0.0399991646551 0.212 0.112310523563 0.221819038123
* 612 61.2859499454 -0.172394235355 0.014097400849 6.11 0.1 0.1 -0.222277164459 -0.0277881622314 5.9717788736 0.0399835285264 0.21 0.11743368552 0.228503452044
* 613 61.3863048553 -0.16252708737 0.0124727806968 6.12 0.1 0.1 -0.222277164459 -0.0277881622314 5.9717788736 0.0399835285264 0.21 0.122539368748 0.235286841691
* 614 61.4866318703 -0.152644186808 0.0109469116103 6.13 0.1 0.1 -0.222277164459 -0.0277881622314 5.9717788736 0.0399835285264 0.21 0.127627062684 0.242169059385
* 615 61.5868937969 -0.142746521949 0.00951994617515 6.14 0.1 0.1 -0.222277164459 -0.0277881622314 5.9717788736 0.0399835285264 0.21 0.132696258563 0.249149947565
* 616 61.6872580051 -0.132835082554 0.00819202708662 6.15 0.1 0.1 -0.222277164459 -0.0277881622314 5.9717788736 0.0406226720415 0.207 0.137746449468 0.256229338805
* 617 61.7875750065 -0.122910859756 0.00696328713556 6.16 0.1 0.1 -0.222277164459 -0.0277881622314 5.9717788736 0.0406226720415 0.207 0.142777130387 0.263407055826
* 618 61.8878068924 -0.112974845971 0.00583384919492 6.17 0.1 0.1 -0.222277164459 -0.0277881622314 5.9717788736 0.0406226720415 0.207 0.147787798254 0.270682911519
* 619 61.9880290031 -0.103028034791 0.00480382620757 6.18 0.1 0.1 -0.222277164459 -0.0277881622314 5.9717788736 0.0406226720415 0.207 0.152777952007 0.278056708959
* 620 62.0882709026 -0.0930714208899 0.00387332117494 6.19 0.1 0.1 -0.222277164459 -0.0277881622314 5.9717788736 0.0406226720415 0.207 0.157747092634 0.285528241429
* 621 62.188615799 -0.0831059999196 0.00304242714677 6.2 0.1 0.1 -0.222277164459 -0.0277881622314 5.9717788736 0.0406226720415 0.207 0.162694723226 0.293097292437
* 622 62.28886199 -0.0731327684145 0.00231122721175 6.21 0.1 0.1 -0.222277164459 -0.0277881622314 5.9717788736 0.0406226720415 0.207 0.167620349024 0.300763635739
* 623 62.3891057968 -0.0631527236893 0.00167979448929 6.22 0.1 0.1 -0.222277164459 -0.0277881622314 5.9717788736 0.0406226720415 0.207 0.17252347747 0.308527035363
* 624 62.4893558025 -0.0531668637402 0.00114819212211 6.23 0.1 0.1 -0.222277164459 -0.0277881622314 5.9717788736 0.0406226720415 0.207 0.177403618254 0.316387245632
* 625 62.5896368027 -0.0431761871449 0.000716473270023 6.24 0.1 0.1 -0.222277164459 -0.0277881622314 5.9717788736 0.0406226720415 0.207 0.182260283366 0.324344011186
* 626 62.6899600029 -0.0331816929626 0.000384681104546 6.25 0.1 0.1 -0.222277164459 -0.0277881622314 5.9717788736 0.0406226720415 0.207 0.187092987145 0.332397067012
* 627 62.7902989388 -0.0231843806346 0.000152848804622 6.26 0.1 0.1 -0.222277164459 -0.0277881622314 5.9717788736 0.0406226720415 0.207 0.191901246324 0.340546138465
* 628 62.8906028271 -0.0131852498836 2.09995532855e-05 6.27 0.1 0.1 -0.222277164459 -0.0277881622314 5.9717788736 0.0406226720415 0.207 0.19668458008 0.348790941301
* 629 62.9909279346 -0.00318530061445 -1.08534646468e-05 6.28 0.1 0.1 -0.222277164459 -0.0277881622314 5.9717788736 0.0406226720415 0.207 0.201442510085 0.357131181702
