### Ensaio do Controlador Klancar com Laser (Círculo) ###

# Parâmetros #

# Número do Ensaio: 10
# Frequência: 10.0 Hz
# Raio: 1.00 m
# Velocidade Linear da Base: 0.20 m/s
# Velocidade Angular da Base: 0.20 rad/s
# Parâmetro ksi: 0.80
# Parâmetro w_n: 0.92
# Parâmetro g: 20.00

* 1 0.0 0.0 0.0 0.0 0.2 0.2 0.0 0.0 0.0 0.0 0.0 0.2 0.2
* 2 0.100882053375 0.0199960001333 0.000399973333867 0.02 0.2 0.2 0.0 0.0 0.0 0.0 0.0 0.22928262028 0.230928377783
* 3 0.201421022415 0.0399800022666 0.0011997600176 0.04 0.2 0.2 -0.000172138214111 -0.000598907470703 0.00104467663914 0.0220000120048 0.013 0.258731062168 0.264151911812
* 4 0.30205488205 0.0599440130653 0.00239904014719 0.06 0.2 0.2 -9.10758972168e-05 0.000622749328613 0.000774227897637 0.0780000233777 0.005 0.28768823228 0.293769344601
* 5 0.403110980988 0.0798800471913 0.00399733402657 0.08 0.2 0.2 0.00537347793579 0.00349807739258 0.0043223449029 0.129001205041 0.005 0.3 0.311684386061
* 6 0.50394487381 0.0997801304969 0.00599400235951 0.1 0.2 0.2 0.0294647216797 0.00596618652344 0.00408876687288 0.171001343899 0.017 0.3 0.339607807818
* 7 0.60514998436 0.119636303214 0.00838824650529 0.12 0.2 0.2 0.0629196166992 0.00544357299805 0.00639274017885 0.19900366834 0.032 0.281907354639 0.376924600705
* 8 0.705801963806 0.139440623138 0.0111791087982 0.14 0.2 0.2 0.0908060073853 0.00885534286499 0.00905525963753 0.214007061989 0.055 0.269634707257 0.399553649492
* 9 0.806424856186 0.159185168806 0.0143654729305 0.16 0.2 0.2 0.117872714996 0.00828552246094 0.0107526686043 0.221007361822 0.1 0.258450602468 0.44140145559
* 10 0.906980037689 0.178862042661 0.017946064399 0.18 0.2 0.2 0.146406650543 0.00831699371338 0.0166844483465 0.222012141398 0.145 0.245161053601 0.475834902036
* 11 1.00754785538 0.198463374218 0.0219194510149 0.2 0.2 0.2 0.173142910004 0.0115485191345 0.0199325997382 0.218995215168 0.199 0.234192609538 0.503512007246
* 12 1.10798096657 0.217981323205 0.0262840434765 0.22 0.2 0.2 0.197649478912 0.0133337974548 0.0273368507624 0.213977129175 0.252 0.226622605265 0.532084581091
* 13 1.2086019516 0.237408082702 0.031038096005 0.24 0.2 0.2 0.218467712402 0.015154838562 0.0471826046705 0.209039447727 0.3 0.225135907607 0.542641125481
* 14 1.30914998055 0.256735882265 0.0361797070429 0.26 0.2 0.2 0.24160861969 0.0175833702087 0.0700831264257 0.205193728767 0.331 0.220442126327 0.548464255713
* 15 1.4095890522 0.275956991031 0.0417068200142 0.28 0.2 0.2 0.261301517487 0.0212235450745 0.0912510827184 0.201331229234 0.363 0.220586798682 0.553036311346
* 16 1.5099709034 0.295063720813 0.0476172241474 0.3 0.2 0.2 0.279957771301 0.0253324508667 0.112700022757 0.199495554678 0.388 0.222188441894 0.556439467462
* 17 1.61053705215 0.314048429175 0.0539085553597 0.32 0.2 0.2 0.297817230225 0.0297532081604 0.135421901941 0.198707955971 0.405 0.224968923189 0.557641171288
* 18 1.71110296249 0.332903522486 0.0605782972025 0.34 0.2 0.2 0.317296028137 0.0316634178162 0.156705588102 0.197887700998 0.414 0.225873864967 0.573286546705
* 19 1.81450986862 0.351621458959 0.067623781868 0.36 0.2 0.2 0.336501121521 0.0359177589417 0.183087706566 0.198274956397 0.419 0.227145684587 0.573121223341
* 20 1.91501092911 0.370194751671 0.0750421912563 0.38 0.2 0.2 0.357519626617 0.0398073196411 0.207789570093 0.197653664343 0.42 0.225888209872 0.579981939128
* 21 2.01549887657 0.388615971551 0.0828305581025 0.4 0.2 0.2 0.376472473145 0.0462851524353 0.22674934566 0.198980803267 0.424 0.226405486739 0.585578687874
* 22 2.11597299576 0.406877750357 0.0909857671637 0.42 0.2 0.2 0.397299766541 0.0529489517212 0.248150199652 0.199254486761 0.43 0.224368910691 0.590081617305
* 23 2.21656394005 0.424972783621 0.099504556465 0.44 0.2 0.2 0.416565895081 0.0590791702271 0.267806589603 0.198478392565 0.434 0.224617565771 0.599547642123
* 24 2.3169939518 0.442893833572 0.108383518604 0.46 0.2 0.2 0.434785366058 0.0685606002808 0.28974249959 0.197793646899 0.437 0.225187488636 0.593055183028
* 25 2.41744494438 0.460633732027 0.117619102115 0.48 0.2 0.2 0.455323696136 0.0756874084473 0.313366830349 0.197233487936 0.441 0.223592315464 0.59736602477
* 26 2.52004885674 0.478185383265 0.127207612887 0.5 0.2 0.2 0.488531589508 0.088086605072 0.366957873106 0.196768106756 0.439 0.204653106381 0.556009952817
* 27 2.62062001228 0.495541766859 0.137145215644 0.52 0.2 0.2 0.488531589508 0.088086605072 0.366957873106 0.196749036423 0.443 0.233068586577 0.597534069539
* 28 2.72115898132 0.512695940486 0.147427935477 0.54 0.2 0.2 0.526730537415 0.104967594147 0.410925537348 0.196183774194 0.447 0.20434112808 0.567405172658
* 29 2.82160305977 0.529641042706 0.158051659436 0.56 0.2 0.2 0.526730537415 0.104967594147 0.410925537348 0.196625168539 0.441 0.23278983223 0.608615491029
* 30 2.92326402664 0.546370295705 0.169012138171 0.58 0.2 0.2 0.560391902924 0.127309322357 0.448438793421 0.195739459932 0.451 0.206256953469 0.567559140689
* 31 3.02368402481 0.562877008003 0.180304987639 0.6 0.2 0.2 0.576254367828 0.13481760025 0.470035374165 0.197072181314 0.445 0.211035160872 0.577036187584
* 32 3.1242609024 0.579154577136 0.19192569085 0.62 0.2 0.2 0.593400001526 0.145837306976 0.493373334408 0.195502328684 0.455 0.212008478552 0.575042500608
* 33 3.22467088699 0.595196492294 0.203869599677 0.64 0.2 0.2 0.593400001526 0.145837306976 0.493373334408 0.195078733787 0.457 0.24047745643 0.616059131699
* 34 3.32507205009 0.610996336924 0.216131936717 0.66 0.2 0.2 0.624956607819 0.165612220764 0.540180504322 0.200631000887 0.445 0.219109586618 0.57773080582
* 35 3.42564606667 0.626547791299 0.228707797197 0.68 0.2 0.2 0.641555786133 0.179036617279 0.557237923145 0.201197780086 0.438 0.218336634819 0.580396342024
* 36 3.52647686005 0.641844635044 0.241592150942 0.7 0.2 0.2 0.656587123871 0.189597129822 0.573271691799 0.19918537948 0.437 0.221588557722 0.592552305839
* 37 3.62691497803 0.656880749627 0.254779844381 0.72 0.2 0.2 0.672041416168 0.199611663818 0.593554317951 0.198068862298 0.436 0.225222140687 0.602269524557
* 38 3.7273478508 0.671650120802 0.268265602614 0.74 0.2 0.2 0.686748504639 0.213625431061 0.61335080862 0.199586862093 0.437 0.226414410585 0.599206894455
* 39 3.8277349472 0.686146841017 0.282044031516 0.76 0.2 0.2 0.686748504639 0.213625431061 0.61335080862 0.201056390257 0.438 0.254883202671 0.640225308269
* 40 3.92822384834 0.700365111777 0.2961096199 0.78 0.2 0.2 0.715579032898 0.237535953522 0.662059128284 0.207019354286 0.428 0.233816608315 0.595156690935
* 41 4.02875685692 0.714299245964 0.310456741718 0.8 0.2 0.2 0.73331451416 0.252603054047 0.682329058647 0.208146123005 0.417 0.230474731142 0.600122211516
* 42 4.12919402122 0.72794367011 0.325079658313 0.82 0.2 0.2 0.747756958008 0.265248775482 0.699894428253 0.20891710373 0.418 0.232849909583 0.610236610863
* 43 4.2296090126 0.741292926626 0.339972520712 0.84 0.2 0.2 0.761235713959 0.280827999115 0.720587730408 0.209246082991 0.424 0.233828232219 0.605513202685
* 44 4.3309109211 0.75434167599 0.35512937197 0.86 0.2 0.2 0.776561737061 0.297270298004 0.742422163486 0.210755754321 0.424 0.231972331197 0.603038602044
* 45 4.43135905266 0.767084698874 0.370544149548 0.88 0.2 0.2 0.787972927094 0.311318874359 0.766875386238 0.212429429737 0.424 0.236928599946 0.594453384849
* 46 4.53181099892 0.779516898239 0.38621068774 0.9 0.2 0.2 0.801429748535 0.325089931488 0.800405144691 0.214527235509 0.427 0.240951770548 0.579212205734
* 47 4.63330698013 0.791633301372 0.402122720141 0.92 0.2 0.2 0.816914081573 0.342456817627 0.824513733387 0.225668655084 0.415 0.238160756852 0.576301846274
* 48 4.73392891884 0.803429061873 0.418273882149 0.94 0.2 0.2 0.827926635742 0.359890937805 0.844180881977 0.223997890551 0.409 0.239207150266 0.568897460088
* 49 4.83430290222 0.814899461594 0.434657713515 0.96 0.2 0.2 0.842056751251 0.378587245941 0.866601586342 0.233612394559 0.407 0.23601031422 0.564956219156
* 50 4.93473005295 0.826039912529 0.451267660925 0.98 0.2 0.2 0.854557514191 0.396234035492 0.885722756386 0.23145676234 0.405 0.235145671256 0.565869119297
* 51 5.03515791893 0.836845958647 0.468097080621 1.0 0.2 0.2 0.864508152008 0.411706447601 0.913476228714 0.239128293197 0.401 0.239929154833 0.552291872325
* 52 5.13559293747 0.847313277672 0.48513924106 1.02 0.2 0.2 0.879160404205 0.432120323181 0.940345466137 0.237115947823 0.404 0.234637003186 0.544727425688
* 53 5.23602390289 0.857437682816 0.502387325605 1.04 0.2 0.2 0.890069484711 0.448119163513 0.96163803339 0.248956640101 0.395 0.237272446021 0.546165207037
* 54 5.33645987511 0.867215124454 0.519834435252 1.06 0.2 0.2 0.899969577789 0.468985557556 0.981781542301 0.245393567662 0.395 0.234705529921 0.536636003128
* 55 5.43691802025 0.876641691737 0.53747359139 1.08 0.2 0.2 0.909100055695 0.487027168274 0.999479591846 0.254738003646 0.391 0.235841721044 0.536405265587
* 56 5.53735804558 0.885713614166 0.555297738591 1.1 0.2 0.2 0.918975830078 0.504608154297 1.0200009346 0.252088286432 0.391 0.237171725582 0.536801284914
* 57 5.63781905174 0.894427263091 0.573299747435 1.12 0.2 0.2 0.928196430206 0.527038574219 1.04447793961 0.264947432039 0.388 0.233210814643 0.520500925365
* 58 5.738270998 0.90277915317 0.591472417357 1.14 0.2 0.2 0.936469078064 0.545283317566 1.06483376026 0.260613090975 0.387 0.234738234204 0.517643152556
* 59 5.83872485161 0.910765943758 0.609808479532 1.16 0.2 0.2 0.945095539093 0.565278053284 1.08656048775 0.264585691387 0.385 0.233818160669 0.512145884294
* 60 5.93914890289 0.918384440246 0.62830059978 1.18 0.2 0.2 0.954694271088 0.585983276367 1.10620737076 0.27061429233 0.384 0.231076391268 0.513898113031
* 61 6.03962302208 0.925631595335 0.6469413815 1.2 0.2 0.2 0.961708068848 0.604309082031 1.12522041798 0.284748507847 0.382 0.233053910071 0.513369103392
* 62 6.14006590843 0.932504510262 0.665723368626 1.22 0.2 0.2 0.967301845551 0.623879909515 1.15053188801 0.279386550698 0.382 0.234718990411 0.49723579965
* 63 6.24086785316 0.93900043595 0.684639048615 1.24 0.2 0.2 0.976325035095 0.64484500885 1.17798578739 0.306707874283 0.381 0.232574681095 0.4897969769
* 64 6.34127688408 0.945116774118 0.703680855447 1.26 0.2 0.2 0.981655597687 0.666285514832 1.19963681698 0.30244299886 0.374 0.231305372705 0.478973833713
* 65 6.44182085991 0.950851078311 0.722841172653 1.28 0.2 0.2 0.988172054291 0.68804693222 1.21835327148 0.324942889101 0.37 0.228615141441 0.478550740504
* 66 6.54226088524 0.956201054883 0.742112336361 1.3 0.2 0.2 0.993241786957 0.709530830383 1.23297929764 0.318408516656 0.366 0.226626557781 0.481263333536
* 67 6.64274001122 0.961164563916 0.761486638363 1.32 0.2 0.2 0.996304988861 0.728360176086 1.25330615044 0.339189163439 0.364 0.229617959092 0.472704268915
* 68 6.74320697784 0.965739620072 0.780956329197 1.34 0.2 0.2 1.00108718872 0.749351501465 1.27747011185 0.331851046627 0.366 0.228988322948 0.463599098293
* 69 6.84361886978 0.96992439339 0.800513621246 1.36 0.2 0.2 1.00630235672 0.768249511719 1.29730570316 0.347681405948 0.364 0.230753206386 0.466897555815
* 70 6.94404006004 0.973717210016 0.820150691854 1.38 0.2 0.2 1.00969314575 0.791251182556 1.31686508656 0.365275098817 0.365 0.227368590512 0.460911158003
* 71 7.04445195198 0.977116552874 0.839859686453 1.4 0.2 0.2 1.01269674301 0.814293384552 1.3299908638 0.401427765423 0.361 0.223476250831 0.465266069246
* 72 7.14486193657 0.980121062272 0.85963272171 1.42 0.2 0.2 1.01444864273 0.834360599518 1.34664416313 0.391389666526 0.363 0.224405362814 0.463915924493
* 73 7.24528503418 0.982729536447 0.879461888674 1.44 0.2 0.2 1.01731872559 0.853003025055 1.37073206902 0.447879795479 0.373 0.22746621063 0.45820616226
* 74 7.34572291374 0.984940932044 0.899339255942 1.46 0.2 0.2 1.01832580566 0.876643180847 1.39288878441 0.437804678429 0.376 0.223642694613 0.44591138525
* 75 7.44615602493 0.986754364533 0.919256872833 1.48 0.2 0.2 1.0212264061 0.897672176361 1.41391146183 0.535286819319 0.374 0.222928845148 0.446598318512
* 76 7.54658985138 0.988169108566 0.939206772565 1.5 0.2 0.2 1.02307748795 0.921535491943 1.43351113796 0.518170183783 0.375 0.218222221683 0.445494175478
* 77 7.64700603485 0.989184598265 0.959180975445 1.52 0.2 0.2 1.02384328842 0.941122531891 1.45027756691 0.560752218337 0.372 0.219692859683 0.448556290204
* 78 7.74742102623 0.989800427446 0.979171492057 1.54 0.2 0.2 1.02487611771 0.959455013275 1.47444200516 0.612879244962 0.376 0.22340057922 0.443375118791
* 79 7.84784889221 0.990016349788 0.999170326461 1.56 0.2 0.2 1.0245680809 0.982682704926 1.50239467621 0.72929266243 0.379 0.2203265242 0.426865177518
* 80 7.94830298424 0.989832278922 1.01916947939 1.58 0.2 0.2 1.02481079102 1.00381469727 1.52441549301 0.995129016775 0.375 0.219805351009 0.424121701679
* 81 8.04878401756 0.989248288476 1.03916095145 1.6 0.2 0.2 1.02293157578 1.02777099609 1.54631841183 1.37811184563 0.375 0.215200459665 0.414527866558
* 82 8.14922094345 0.988264612038 1.05913674632 1.62 0.2 0.2 1.02303552628 1.05111169815 1.56441283226 2.50577983122 0.371 0.211133486266 0.420800102441
* 83 8.24964094162 0.986881643065 1.07908887395 1.64 0.2 0.2 1.02105236053 1.07124328613 1.58476936817 -4.07146801172 0.372 0.211899021248 0.41722257042
* 84 8.35007405281 0.985099934726 1.09900935375 1.66 0.2 0.2 1.01806163788 1.09412384033 1.61428260803 -3.89635024847 0.375 0.209049774206 0.397913714897
* 85 8.45179891586 0.982920199681 1.11889021779 1.68 0.2 0.2 1.01658630371 1.11248016357 1.6359140873 -1.15549753895 0.376 0.212398124898 0.397359203168
* 86 8.55306696892 0.980343309795 1.138723514 1.7 0.2 0.2 1.01187133789 1.1351776123 1.65616297722 -0.540323341983 0.373 0.208930727311 0.388727207696
* 87 8.65348386765 0.97737029579 1.15850130932 1.72 0.2 0.2 1.0071387291 1.1584649086 1.67235004902 -0.50997830035 0.369 0.204251619076 0.388320528803
* 88 8.75388002396 0.974002346831 1.1782156929 1.74 0.2 0.2 1.00363826752 1.17648744583 1.68667173386 -0.339866041479 0.367 0.207257572939 0.395151330611
* 89 8.85430788994 0.970240810053 1.19785877924 1.76 0.2 0.2 0.997916221619 1.19652318954 1.70538043976 -0.315880378575 0.368 0.207088048629 0.389079213705
* 90 8.95471692085 0.966087190021 1.21742271138 1.78 0.2 0.2 0.993609428406 1.21932506561 1.72862410545 -0.210839723416 0.371 0.203324527074 0.38525551487
* 91 9.05513286591 0.961543148127 1.23689966399 1.8 0.2 0.2 0.988959312439 1.23919296265 1.74826681614 -0.193070540999 0.37 0.203519879764 0.385424431557
* 92 9.15554189682 0.956610501928 1.25628184657 1.82 0.2 0.2 0.982081413269 1.26057100296 1.7665348053 -0.134788603163 0.372 0.200809062562 0.381677572041
* 93 9.25596785545 0.951291224416 1.27556150649 1.84 0.2 0.2 0.976866722107 1.28165817261 1.78277647495 -0.121457275159 0.371 0.198823263066 0.389056908301
* 94 9.35637784004 0.945587443231 1.29473093215 1.86 0.2 0.2 0.971046447754 1.29869318008 1.79854261875 -0.0843037778884 0.373 0.202391417269 0.392907398429
* 95 9.45675992966 0.93950143981 1.31378245604 1.88 0.2 0.2 0.963034152985 1.3196554184 1.82163405418 -0.0725252950824 0.374 0.199882361995 0.382605290354
* 96 9.5572578907 0.933035648472 1.33270845779 1.9 0.2 0.2 0.956370353699 1.34073019028 1.84483397007 -0.0481052595872 0.375 0.197631671094 0.379436170578
* 97 9.65766501427 0.926192655449 1.35150136727 1.92 0.2 0.2 0.949427127838 1.35962438583 1.86526668072 -0.0386105724568 0.375 0.198190143285 0.37863000954
* 98 9.75806999207 0.918975197846 1.37015366755 1.94 0.2 0.2 0.941393852234 1.380194664 1.8847591877 -0.0202791729224 0.376 0.195843202891 0.378701387144
* 99 9.8585050106 0.911386162551 1.38865789796 1.96 0.2 0.2 0.933920383453 1.39785814285 1.89905762672 -0.0120501609092 0.377 0.197511184012 0.386555885911
* 100 9.95889186859 0.903428585075 1.40700665707 1.98 0.2 0.2 0.927831172943 1.41557312012 1.91650509834 0.0012811150869 0.378 0.19990421469 0.396557196821
* 101 10.0593168736 0.895105648344 1.42519260561 2.0 0.2 0.2 0.918585300446 1.43394327164 1.9407043457 0.00941967192342 0.382 0.20013215382 0.3871730959
* 102 10.1597578526 0.886420681422 1.44320846944 2.02 0.2 0.2 0.909090995789 1.45224761963 1.96164298058 0.018716802673 0.384 0.200069057707 0.383193473402
* 103 10.2602260113 0.877377158179 1.46104704246 2.04 0.2 0.2 0.900889396667 1.47095918655 1.9829736948 0.0259493776895 0.382 0.200169245988 0.385680607488
* 104 10.360683918 0.867978695904 1.47870118947 2.06 0.2 0.2 0.887446403503 1.49088525772 2.00025558472 0.0324076205813 0.382 0.195285398729 0.378702890317
* 105 10.4611389637 0.858229053857 1.49616384906 2.08 0.2 0.2 0.878513813019 1.50794744492 2.01568341255 0.0385722004299 0.381 0.196790148605 0.387840867694
* 106 10.5616118908 0.848132131765 1.5134280364 2.1 0.2 0.2 0.870066642761 1.52504968643 2.03551840782 0.0450539618222 0.381 0.198765147905 0.393824558775
* 107 10.6620459557 0.837691968262 1.53048684603 2.12 0.2 0.2 0.858241081238 1.54262781143 2.0551211834 0.0507050325332 0.381 0.197853629536 0.390494732222
* 108 10.7624778748 0.826912739274 1.54733345466 2.14 0.2 0.2 0.850461483002 1.5590672493 2.07621097565 0.0557691619154 0.379 0.201257389828 0.398684523492
* 109 10.863296032 0.815798756349 1.56396112387 2.16 0.2 0.2 0.838128566742 1.57710123062 2.09693360329 0.0598691973106 0.379 0.199383908778 0.396116884277
* 110 10.9640040398 0.804354464932 1.58036320283 2.18 0.2 0.2 0.824465751648 1.59206628799 2.11483407021 0.0637678105038 0.382 0.20015625372 0.388621670134
* 111 11.0644369125 0.792584442587 1.5965331309 2.2 0.2 0.2 0.815184116364 1.60772418976 2.13383769989 0.0693390990884 0.384 0.203374026634 0.397359742841
* 112 11.1648378372 0.780493397166 1.61246444035 2.22 0.2 0.2 0.801873683929 1.62261390686 2.15303254128 0.0726488986408 0.38 0.204361107702 0.39195744941
* 113 11.2652578354 0.768086164926 1.62815075885 2.24 0.2 0.2 0.789291381836 1.63747596741 2.17187666893 0.0779466003747 0.382 0.205843972588 0.390946485669
* 114 11.3656899929 0.755367708594 1.64358581209 2.26 0.2 0.2 0.778074741364 1.65412521362 2.195551157 0.0806103729013 0.378 0.206524968781 0.392838553628
* 115 11.4660799503 0.742343115383 1.65876342625 2.28 0.2 0.2 0.761783599854 1.67043781281 2.21681952477 0.0849004945405 0.375 0.203093486477 0.382853717127
* 116 11.5665240288 0.729017594958 1.6736775305 2.3 0.2 0.2 0.745933532715 1.68721294403 2.23381209373 0.0864225478964 0.374 0.19918653155 0.383712030522
* 117 11.6669650078 0.715396477348 1.68832215938 2.32 0.2 0.2 0.734614372253 1.69869709015 2.25270318985 0.0907992607499 0.373 0.205497656601 0.384522857869
* 118 11.7674238682 0.701485210818 1.70269145524 2.34 0.2 0.2 0.718298912048 1.71559906006 2.2728292942 0.0924721467187 0.376 0.201018995278 0.383193314645
* 119 11.8678820133 0.687289359691 1.71677967055 2.36 0.2 0.2 0.708281040192 1.72920608521 2.29700994492 0.0963067626948 0.375 0.206419632254 0.388158275194
* 120 11.9683458805 0.672814602117 1.73058117023 2.38 0.2 0.2 0.691307067871 1.74410438538 2.32239437103 0.0966321714183 0.376 0.203696144818 0.375451563982
* 121 12.0687959194 0.658066727806 1.74409043384 2.4 0.2 0.2 0.672335624695 1.75858974457 2.34172964096 0.100493710471 0.373 0.198990181648 0.366799905842
* 122 12.1692218781 0.643051635712 1.75730205786 2.42 0.2 0.2 0.659090995789 1.76978302002 2.35824203491 0.102651186287 0.37 0.203369030034 0.371210252
* 123 12.2696728706 0.62777533167 1.77021075783 2.44 0.2 0.2 0.642084598541 1.78252506256 2.37858486176 0.105013440227 0.368 0.202309098856 0.365218274007
* 124 12.3701069355 0.612243926 1.78281137043 2.46 0.2 0.2 0.626046657562 1.79576969147 2.39623737335 0.106287900424 0.365 0.201579307781 0.369038461106
* 125 12.4706819057 0.596463631055 1.79509885559 2.48 0.2 0.2 0.61371088028 1.80684280396 2.41868162155 0.109536020053 0.362 0.207196696008 0.370786185691
* 126 12.5711259842 0.580440758744 1.80706829847 2.5 0.2 0.2 0.593011379242 1.81945133209 2.44001865387 0.110152683719 0.362 0.202000564226 0.358245449778
* 127 12.6715629101 0.564181718002 1.81871491146 2.52 0.2 0.2 0.574600219727 1.83009052277 2.45505070686 0.11403470544 0.358 0.200821094947 0.356852496817
* 128 12.7719960213 0.547693012228 1.83003403607 2.54 0.2 0.2 0.557327270508 1.84150028229 2.47030067444 0.115039754571 0.356 0.20011830069 0.362091883925
* 129 12.8728239536 0.530981236686 1.8410211448 2.56 0.2 0.2 0.540972709656 1.85212421417 2.48649573326 0.117181577677 0.354 0.20115915445 0.367355543812
* 130 12.9734120369 0.514053075862 1.85167184295 2.58 0.2 0.2 0.525418281555 1.86116790771 2.50444197655 0.118460809874 0.358 0.204541331207 0.368376627745
* 131 13.074395895 0.496915300794 1.86198187038 2.6 0.2 0.2 0.509837150574 1.87184906006 2.52899503708 0.120444363425 0.362 0.20667935356 0.366135023518
* 132 13.1748008728 0.479574766365 1.87194710323 2.62 0.2 0.2 0.487402915955 1.88356876373 2.54918432236 0.124027596974 0.361 0.199506265252 0.359894788238
* 133 13.2752029896 0.462038408557 1.88156355553 2.64 0.2 0.2 0.470598697662 1.89275455475 2.56400346756 0.125657247231 0.36 0.200979047574 0.367641469702
* 134 13.3756239414 0.44431324168 1.89082738083 2.66 0.2 0.2 0.452497959137 1.90364551544 2.58141183853 0.126473827904 0.361 0.199563045369 0.376075029555
* 135 13.4760479927 0.426406355563 1.89973487372 2.68 0.2 0.2 0.434124946594 1.91400814056 2.59693908691 0.127795188734 0.363 0.198146837461 0.386631307312
* 136 13.5764529705 0.408324912723 1.90828247132 2.7 0.2 0.2 0.419373512268 1.91966724396 2.61765646935 0.128742049982 0.367 0.204998558599 0.382290983921
* 137 13.6768808365 0.390076145495 1.91646675472 2.72 0.2 0.2 0.403018951416 1.92730808258 2.64065480232 0.130193405217 0.373 0.208383445998 0.379253891615
* 138 13.7772870064 0.371667353143 1.9242844503 2.74 0.2 0.2 0.380553245544 1.93768787384 2.65996909142 0.133449028843 0.37 0.201803427853 0.381338523712
* 139 13.8776948452 0.353105898939 1.93173243108 2.76 0.2 0.2 0.363228797913 1.94470310211 2.67654776573 0.135235403041 0.368 0.204041988219 0.386908174742
* 140 13.9781239033 0.334399207216 1.93880771799 2.78 0.2 0.2 0.342524528503 1.95205211639 2.6906580925 0.136606177862 0.371 0.201462263103 0.392859384822
* 141 14.078551054 0.315554760403 1.94550748099 2.8 0.2 0.2 0.323895454407 1.95892810822 2.7105820179 0.138281389968 0.373 0.202091141635 0.39383622346
* 142 14.1790380478 0.296580096026 1.95182904028 2.82 0.2 0.2 0.308699131012 1.96449184418 2.73413419724 0.139029234237 0.378 0.208221370786 0.391630127491
* 143 14.279540062 0.277482803699 1.9577698673 2.84 0.2 0.2 0.284032344818 1.97653198242 2.75676846504 0.140523172159 0.38 0.197881275225 0.401447179769
* 144 14.3800969124 0.258270522083 1.96332758582 2.86 0.2 0.2 0.263298988342 1.98181056976 2.77263331413 0.141907919385 0.378 0.196339934197 0.404327139332
* 145 14.480741024 0.238950935835 1.96849997281 2.88 0.2 0.2 0.248053073883 1.98490810394 2.78791499138 0.142816324794 0.385 0.203340455548 0.409216014785
* 146 14.5812358856 0.219531772532 1.9732849594 2.9 0.2 0.2 0.227177619934 1.98847961426 2.81021857262 0.144245746655 0.391 0.202547324776 0.399079772115
* 147 14.6816439629 0.20002079958 1.97768063164 2.92 0.2 0.2 0.20797586441 1.99372959137 2.82952570915 0.146198427524 0.388 0.203058327756 0.403538595272
* 148 14.7821068764 0.180425821109 1.98168523134 2.94 0.2 0.2 0.19128704071 1.99806785583 2.85777020454 0.148256326479 0.385 0.207886810629 0.395658269831
* 149 14.8825349808 0.160754674848 1.9852971567 2.96 0.2 0.2 0.170433998108 2.00527000427 2.88189196587 0.148977148388 0.382 0.205587174172 0.401694159672
* 150 14.9829790592 0.141015228994 1.98851496299 2.98 0.2 0.2 0.15098285675 2.00981235504 2.89938139915 0.151135475777 0.377 0.206049767407 0.410486890842
* 151 15.0834028721 0.121215379062 1.99133736316 3.0 0.2 0.2 0.130217075348 2.0100479126 2.91711974144 0.153335410588 0.38 0.206075204483 0.402516984479
* 152 15.1838059425 0.101363044728 1.99376322826 3.02 0.2 0.2 0.109634399414 2.01340103149 2.93254828453 0.154701777361 0.38 0.205124787839 0.411948498761
* 153 15.2842478752 0.0814661666609 1.99579158798 3.04 0.2 0.2 0.0908904075623 2.01599025726 2.95109391212 0.156099878657 0.379 0.207171550518 0.416845004531
* 154 15.3846788406 0.0615327033466 1.99742163102 3.06 0.2 0.2 0.0714597702026 2.01539516449 2.97847414017 0.157766935009 0.38 0.209419528362 0.396939749544
* 155 15.4851000309 0.0415706279047 1.99865270537 3.08 0.2 0.2 0.0483756065369 2.02099704742 3.00255250931 0.15903650395 0.377 0.20474200739 0.405858184928
* 156 15.5855109692 0.0215879248992 1.99948431862 3.1 0.2 0.2 0.027813911438 2.02010154724 3.02060723305 0.162233905267 0.376 0.204784301001 0.401295227991
* 157 15.6861820221 0.00159258714498 1.99991613813 3.12 0.2 0.2 0.00890588760376 2.02288722992 3.03303647041 0.163318514501 0.38 0.206255906568 0.422038304214
* 158 15.7866089344 -0.0184073874896 1.99994799119 3.14 0.2 0.2 -0.0106606483459 2.02002811432 3.0537340641 0.165307581158 0.381 0.207988714528 0.409232116751
* 159 15.8870258331 -0.0384039992812 1.99957986505 3.16 0.2 0.2 -0.0265884399414 2.0242729187 3.07705783844 0.166245151299 0.385 0.214267792865 0.423242943411
* 160 15.9874629974 -0.0583892498519 1.99881190696 3.18 0.2 0.2 -0.0457148551941 2.02167892456 3.10496163368 0.168634887819 0.386 0.216782695485 0.403301476589
* 161 16.0879099369 -0.0783551453678 1.99764442409 3.2 0.2 0.2 -0.0671577453613 2.02194213867 3.12805294991 0.171419055927 0.38 0.215418803817 0.403293266145
* 162 16.1885068417 -0.0982936997369 1.99607788342 3.22 0.2 0.2 -0.0866203308105 2.01659011841 3.14782220522 0.174610636536 0.375 0.216784422969 0.387599736951
* 163 16.2889008522 -0.118196937803 1.99411291155 3.24 0.2 0.2 -0.109873771667 2.01766300201 3.15884715716 0.178428423751 0.37 0.212141103335 0.412616414221
* 164 16.3893070221 -0.138056898537 1.99175029443 3.26 0.2 0.2 -0.12689447403 2.01610469818 3.18232947985 0.179449627656 0.364 0.217206769919 0.409416342612
* 165 16.489730835 -0.157865638219 1.98899097708 3.28 0.2 0.2 -0.145891666412 2.01314735413 3.21207029024 0.1818625703 0.372 0.219548562818 0.392626609995
* 166 16.5901858807 -0.177615233617 1.9858360632 3.3 0.2 0.2 -0.167530536652 2.00616359711 3.23790532747 0.184008069892 0.371 0.217200983749 0.368111304389
* 167 16.691781044 -0.197297785157 1.9822868147 3.32 0.2 0.2 -0.191257476807 2.00450801849 3.25571042696 0.187636979163 0.359 0.212097411369 0.379831217058
* 168 16.7929990292 -0.21690542008 1.97834465124 3.34 0.2 0.2 -0.213923454285 2.00110054016 3.27146178881 0.190645762191 0.354 0.20818797143 0.389218415143
* 169 16.8933758736 -0.236430295593 1.97401114964 3.36 0.2 0.2 -0.233677864075 1.99597549438 3.28747612635 0.190385399617 0.356 0.208149736978 0.391674464873
* 170 16.9937958717 -0.255864602008 1.96928804322 3.38 0.2 0.2 -0.250784397125 1.99225711823 3.31163388888 0.191642094016 0.362 0.212574921122 0.387366212205
* 171 17.0942339897 -0.275200565859 1.96417722118 3.4 0.2 0.2 -0.270728111267 1.99057865143 3.33853942553 0.192734975292 0.363 0.213629843412 0.390190879917
* 172 17.1946568489 -0.29443045302 1.95868072778 3.42 0.2 0.2 -0.292447566986 1.98110389709 3.35887939135 0.196021515925 0.36 0.20955462942 0.375502492165
* 173 17.2950749397 -0.313546571793 1.95280076153 3.44 0.2 0.2 -0.310065746307 1.97678947449 3.37633139292 0.197886439375 0.359 0.212741074161 0.38345008572
* 174 17.3954820633 -0.332541275984 1.94653967435 3.46 0.2 0.2 -0.335564613342 1.96953487396 3.38985258738 0.198979775667 0.356 0.203496339463 0.394998214893
* 175 17.4959280491 -0.351406967965 1.93989997058 3.48 0.2 0.2 -0.350278377533 1.95621490479 3.40902525583 0.200907558299 0.356 0.207414858763 0.365826054001
* 176 17.5963549614 -0.37013610171 1.93288430603 3.5 0.2 0.2 -0.370060443878 1.95528507233 3.43394476572 0.202518089234 0.363 0.209137332534 0.382578860319
* 177 17.6967840195 -0.388721185817 1.92549548686 3.52 0.2 0.2 -0.389391899109 1.94482803345 3.45549589792 0.20479980115 0.361 0.207402217128 0.368970264876
* 178 17.7971990108 -0.407154786499 1.9177364685 3.54 0.2 0.2 -0.407206535339 1.93902587891 3.4744609038 0.207286654016 0.36 0.209699966354 0.376659009951
* 179 17.8976368904 -0.425429530562 1.90961035445 3.56 0.2 0.2 -0.428929328918 1.92865848541 3.49292689959 0.209481986133 0.358 0.204344644678 0.374713708788
* 180 17.9980709553 -0.443538108352 1.90112039507 3.58 0.2 0.2 -0.445597648621 1.92171955109 3.50917822519 0.211666416403 0.357 0.207535555955 0.383707601032
* 181 18.0985178947 -0.461473276678 1.8922699862 3.6 0.2 0.2 -0.46150302887 1.91240596771 3.5314710776 0.213252822651 0.361 0.210713048951 0.375037233375
* 182 18.1989278793 -0.479227861714 1.8830626679 3.62 0.2 0.2 -0.480881214142 1.89832305908 3.56170374552 0.218063178948 0.361 0.206573779811 0.343918009596
* 183 18.2993249893 -0.496794761861 1.87350212298 3.64 0.2 0.2 -0.501297950745 1.89314937592 3.57880288759 0.220439085459 0.356 0.205842241773 0.368564423969
* 184 18.399764061 -0.514166950594 1.86359217552 3.66 0.2 0.2 -0.519371986389 1.88081169128 3.59976369539 0.224478689749 0.351 0.20396048469 0.359315086486
* 185 18.5002119541 -0.531337479269 1.85333678937 3.68 0.2 0.2 -0.536828994751 1.87001895905 3.61478335062 0.225618655788 0.353 0.203555354126 0.365042285873
* 186 18.6006810665 -0.548299479903 1.84274006656 3.7 0.2 0.2 -0.555943012238 1.86033535004 3.63356715838 0.227496874142 0.355 0.201867582886 0.373895006345
* 187 18.7011098862 -0.565046167923 1.83180624561 3.72 0.2 0.2 -0.574761390686 1.84828090668 3.6598859469 0.232425928353 0.359 0.199231418963 0.364648231027
* 188 18.8016049862 -0.581570844875 1.82053969993 3.74 0.2 0.2 -0.590395927429 1.83414936066 3.6800254027 0.232310783635 0.362 0.198764167518 0.352786202763
* 189 18.9020309448 -0.597866901111 1.80894493598 3.76 0.2 0.2 -0.603582382202 1.81704711914 3.69956857363 0.234317441489 0.362 0.198815563785 0.328216067853
* 190 19.0024149418 -0.613927818425 1.7970265915 3.78 0.2 0.2 -0.623131752014 1.80855369568 3.71868783632 0.237582060416 0.357 0.197535612889 0.348637212838
* 191 19.1028268337 -0.629747172663 1.78478943368 3.8 0.2 0.2 -0.639566898346 1.79584598541 3.73440033594 0.239141381434 0.347 0.196685318072 0.354821863525
* 192 19.2033770084 -0.645318636295 1.77223835722 3.82 0.2 0.2 -0.654036045074 1.78552818298 3.75484925905 0.241645340372 0.348 0.20033798933 0.359079786649
* 193 19.3041889668 -0.660635980944 1.75937838238 3.84 0.2 0.2 -0.669438362122 1.76706314087 3.77845532099 0.24597646144 0.351 0.195945212783 0.335901989653
* 194 19.4051630497 -0.675693079875 1.74621465298 3.86 0.2 0.2 -0.687330722809 1.75835418701 3.79643303553 0.248262023423 0.349 0.196902286558 0.360080604752
* 195 19.5057039261 -0.69048391045 1.73275243433 3.88 0.2 0.2 -0.701703548431 1.7407579422 3.81412321726 0.251799412831 0.347 0.194009365434 0.349610350417
* 196 19.6062779427 -0.705002556534 1.71899711115 3.9 0.2 0.2 -0.712054252625 1.72784996033 3.8271411101 0.253206119546 0.35 0.199683781251 0.352110658353
* 197 19.7067689896 -0.719243210862 1.70495418537 3.92 0.2 0.2 -0.729820728302 1.71579170227 3.84835249582 0.256406506614 0.35 0.198011232676 0.365507081625
* 198 19.8074560165 -0.733200177363 1.69062927399 3.94 0.2 0.2 -0.739764690399 1.69877433777 3.86927181879 0.263706343509 0.352 0.200256256108 0.345511088261
* 199 19.9079420567 -0.746867873434 1.67602810677 3.96 0.2 0.2 -0.75688457489 1.68467998505 3.89022857348 0.268645373542 0.353 0.197387662298 0.354939669307
* 200 20.0084798336 -0.760240832181 1.661156524 3.98 0.2 0.2 -0.77147436142 1.66402626038 3.90701753298 0.27266642328 0.351 0.190504681886 0.346432895873
* 201 20.1090428829 -0.773313704599 1.64602047409 4.0 0.2 0.2 -0.780783653259 1.64874076843 3.92044264475 0.276088140729 0.352 0.194373307145 0.345398606749
* 202 20.2095868587 -0.786081261711 1.63062601127 4.02 0.2 0.2 -0.79554271698 1.63562107086 3.93922239939 0.276641337018 0.349 0.194900260362 0.359494886397
* 203 20.3102078438 -0.798538396667 1.61497929313 4.04 0.2 0.2 -0.81024312973 1.62800312042 3.95960742632 0.282246278867 0.347 0.201557307722 0.387673677603
* 204 20.4114339352 -0.810680126778 1.59908657813 4.06 0.2 0.2 -0.818338394165 1.60482501984 3.98024684588 0.288045882531 0.354 0.198115845661 0.355078899096
* 205 20.5121500492 -0.822501595514 1.58295422316 4.08 0.2 0.2 -0.828653812408 1.59227275848 4.00327259699 0.298244487491 0.362 0.203907764754 0.355463073138
* 206 20.6126520634 -0.833998074444 1.56658868094 4.1 0.2 0.2 -0.841219425201 1.56847810745 4.01959854761 0.30477576523 0.358 0.194722456435 0.344956003119
* 207 20.7131240368 -0.845164965132 1.54999649747 4.12 0.2 0.2 -0.852787494659 1.55258178711 4.03617674509 0.311573622948 0.354 0.195259076536 0.353173128475
* 208 20.8136298656 -0.855997800968 1.5331843094 4.14 0.2 0.2 -0.864339351654 1.53791475296 4.05499178568 0.3169252335 0.352 0.197294271629 0.362632615309
* 209 20.9142270088 -0.866492248964 1.51615884138 4.16 0.2 0.2 -0.879660129547 1.52896547318 4.07494837443 0.322544374143 0.352 0.202877049328 0.397536722855
* 210 21.0146830082 -0.876644111481 1.49892690337 4.18 0.2 0.2 -0.883456230164 1.50617837906 4.09716707865 0.331684541592 0.358 0.202232945383 0.360461003293
* 211 21.1152648926 -0.886449327908 1.48149538792 4.2 0.2 0.2 -0.893013954163 1.48415374756 4.11827665964 0.342139478681 0.362 0.197174122942 0.347552399831
* 212 21.2160639763 -0.895903976289 1.46387126741 4.22 0.2 0.2 -0.90373134613 1.46438074112 4.13602406183 0.35029670671 0.357 0.193666217252 0.350506370061
* 213 21.3173279762 -0.905004274892 1.44606159124 4.24 0.2 0.2 -0.913903713226 1.44501924515 4.15114981333 0.357176710221 0.354 0.190971180105 0.358209894631
* 214 21.4179799557 -0.913746583718 1.42807348304 4.26 0.2 0.2 -0.921359062195 1.42534303665 4.16676003138 0.361182413358 0.354 0.189915475684 0.357090043086
* 215 21.5187079906 -0.922127405961 1.40991413783 4.28 0.2 0.2 -0.932058811188 1.40894556046 4.18730980555 0.367997902653 0.354 0.190611975141 0.368354980898
* 216 21.6200349331 -0.930143389402 1.3915908191 4.3 0.2 0.2 -0.939482212067 1.39243078232 4.20839220682 0.378451820184 0.356 0.19362641597 0.368668969432
* 217 21.7205998898 -0.937791327756 1.37311085592 4.32 0.2 0.2 -0.948444366455 1.37568330765 4.2236691157 0.386829221801 0.361 0.195069045207 0.383716711125
* 218 21.8210170269 -0.94506816195 1.35448164005 4.34 0.2 0.2 -0.955463409424 1.35649394989 4.23904091517 0.396582715206 0.364 0.194658839573 0.388727279689
* 219 21.9214880466 -0.951970981346 1.33571062291 4.36 0.2 0.2 -0.962086200714 1.33868312836 4.25860935846 0.411985583297 0.371 0.196388319169 0.390259973126
* 220 22.0219960213 -0.958497024909 1.31680531266 4.38 0.2 0.2 -0.968626499176 1.31822872162 4.2754269282 0.424467248486 0.376 0.19451254998 0.392468864009
* 221 22.1224529743 -0.964643682309 1.29777327119 4.4 0.2 0.2 -0.977495670319 1.30574321747 4.29831546942 0.445157563351 0.383 0.202083813437 0.409002671611
* 222 22.2230730057 -0.970408494964 1.27862211104 4.42 0.2 0.2 -0.98321390152 1.28223466873 4.32159084478 0.467195744847 0.384 0.196777382678 0.397173832979
* 223 22.3236160278 -0.975789157026 1.25935949243 4.44 0.2 0.2 -0.987940311432 1.26028680801 4.33708233038 0.483679358581 0.386 0.193675315113 0.397502128766
* 224 22.4240620136 -0.980783516303 1.23999312014 4.46 0.2 0.2 -0.994526386261 1.24470424652 4.35524124304 0.503835353302 0.388 0.198330617126 0.411711539732
* 225 22.524586916 -0.985389575116 1.22053074048 4.48 0.2 0.2 -0.999643802643 1.222407341 4.3722695748 0.519943307568 0.393 0.194461638977 0.414233325403
* 226 22.6259820461 -0.989605491105 1.20098013813 4.5 0.2 0.2 -1.00669956207 1.21015024185 4.39303392569 0.548264773167 0.396 0.203754317165 0.433292664944
* 227 22.7268178463 -0.993429577958 1.18134913306 4.52 0.2 0.2 -1.01060438156 1.18751192093 4.41746753851 0.585599576332 0.402 0.200276158205 0.423254428686
* 228 22.8274190426 -0.996860306093 1.16164557743 4.54 0.2 0.2 -1.01479768753 1.16738557816 4.44139904181 0.634192170474 0.4 0.200097526169 0.419868016107
* 229 22.9278399944 -0.999896303263 1.14187735239 4.56 0.2 0.2 -1.02168083191 1.15099382401 4.46166366736 0.675565502277 0.401 0.204058533498 0.437663752273
* 230 23.0283138752 -1.00253635511 1.12205236497 4.58 0.2 0.2 -1.02264976501 1.12987136841 4.48217529455 0.728357820793 0.402 0.203476986321 0.428920336978
* 231 23.1292588711 -1.00477940565 1.1021785449 4.6 0.2 0.2 -1.02776622772 1.10473918915 4.49931282202 0.781116926724 0.403 0.195528899619 0.439683992061
* 232 23.2297179699 -1.00662455769 1.08226384144 4.62 0.2 0.2 -1.03067064285 1.09094285965 4.52094120184 0.859677181133 0.402 0.204804509916 0.446295041635
* 233 23.3301799297 -1.00807107319 1.06231622021 4.64 0.2 0.2 -1.03131723404 1.07005691528 4.54823106924 0.980480199014 0.409 0.204786142766 0.431366758326
* 234 23.43166399 -1.00911837358 1.04234365998 4.66 0.2 0.2 -1.03514146805 1.05275392532 4.57504028479 1.15797440896 0.405 0.209175832073 0.433400451011
* 235 23.5323970318 -1.00976603993 1.02235414952 4.68 0.2 0.2 -1.03762245178 1.03264760971 4.59995979468 1.41301668611 0.406 0.209775991998 0.43271445197
* 236 23.63312006 -1.0100138132 1.00235568437 4.7 0.2 0.2 -1.03961086273 1.0146689415 4.62530702749 1.80210637937 0.402 0.213655652497 0.431754812342
* 237 23.7339859009 -1.00986159428 0.982356263647 4.72 0.2 0.2 -1.03900957108 0.99195098877 4.64346117178 2.25501241233 0.394 0.21050712425 0.431196721201
* 238 23.8345298767 -1.00930944405 0.962363886847 4.74 0.2 0.2 -1.03662443161 0.969184875488 4.66868633429 3.53236644677 0.391 0.207734596108 0.414923716173
* 239 23.9351270199 -1.00835758337 0.942386550657 4.76 0.2 0.2 -1.037586689 0.95268535614 4.69762701193 10.3226672865 0.391 0.214079150996 0.408977044792
* 240 24.0356528759 -1.00700639296 0.922432245746 4.78 0.2 0.2 -1.03802776337 0.932598114014 4.72437614599 -12.557677288 0.387 0.215142371858 0.405157305417
* 241 24.1362328529 -1.00525641329 0.902508953569 4.8 0.2 0.2 -1.03511667252 0.911055088043 4.75440639654 -3.56535999841 0.381 0.214152665158 0.38475925916
* 242 24.2372279167 -1.00310834433 0.882624643178 4.82 0.2 0.2 -1.03300142288 0.88859796524 4.77189344565 -2.4949068231 0.376 0.2111194365 0.388484385049
* 243 24.3378360271 -1.00056304527 0.862787268032 4.84 0.2 0.2 -1.03045320511 0.867884635925 4.78947490851 -1.89730320193 0.366 0.210572940199 0.39172661902
* 244 24.4382908344 -0.997621534197 0.843004762816 4.86 0.2 0.2 -1.02826976776 0.84548997879 4.81495041052 -1.41560929868 0.366 0.208023691718 0.386992777566
* 245 24.538782835 -0.99428498768 0.823285040269 4.88 0.2 0.2 -1.02388095856 0.825867176056 4.83495802084 -1.15560232419 0.365 0.208861473165 0.382283602695
* 246 24.6394438744 -0.990554740291 0.803635988016 4.9 0.2 0.2 -1.01938199997 0.806578636169 4.85917228857 -0.952734050864 0.367 0.210284813197 0.372218297047
* 247 24.7401769161 -0.986432284081 0.784065465417 4.92 0.2 0.2 -1.01095962524 0.782307624817 4.87728161017 -0.830410738752 0.365 0.203178700325 0.360576062353
* 248 24.8409030437 -0.981919267975 0.76458130042 4.94 0.2 0.2 -1.00692796707 0.769700050354 4.89495939413 -0.742303215369 0.363 0.213837012833 0.360703482593
* 249 24.9415910244 -0.977017497121 0.745191286431 4.96 0.2 0.2 -1.00185251236 0.748862266541 4.91072029272 -0.664924911842 0.361 0.212210588076 0.366764401219
* 250 25.0423998833 -0.971728932162 0.725903179197 4.98 0.2 0.2 -0.984042167664 0.721989631653 4.93652052084 -0.585231869253 0.354 0.198228823287 0.315259659876
* 251 25.1430590153 -0.966055688453 0.706724693704 5.0 0.2 0.2 -0.980425357819 0.704012870789 4.95232624212 -0.537761681116 0.351 0.200917595026 0.328319801236
* 252 25.2435910702 -0.960000035216 0.68766350109 5.02 0.2 0.2 -0.970145702362 0.679545402527 4.97216743628 -0.476000205372 0.337 0.19208772817 0.317704893237
* 253 25.3441898823 -0.953564394631 0.668727225578 5.04 0.2 0.2 -0.963698387146 0.660398960114 4.98257583777 -0.446326870485 0.331 0.19186713416 0.332165189595
* 254 25.4447278976 -0.946751340868 0.649923441426 5.06 0.2 0.2 -0.9593501091 0.647644042969 4.99628252188 -0.40452680785 0.327 0.201560178621 0.344368516607
* 255 25.5451529026 -0.93956359906 0.631259669897 5.08 0.2 0.2 -0.950442314148 0.628500461578 5.01158088843 -0.379806006652 0.333 0.20036770734 0.345166240256
* 256 25.6462900639 -0.932004044205 0.61274337625 5.1 0.2 0.2 -0.939573287964 0.606741428375 5.03347152868 -0.348735856586 0.336 0.194708964724 0.333865325921
* 257 25.746680975 -0.924075700027 0.594381966757 5.12 0.2 0.2 -0.928687572479 0.583798408508 5.05054992834 -0.325772529906 0.337 0.187120460653 0.333290507239
* 258 25.8483848572 -0.915781737756 0.576182785736 5.14 0.2 0.2 -0.920823097229 0.562345027924 5.06618923346 -0.298197386053 0.335 0.182981589472 0.346331548589
* 259 25.9491589069 -0.907125474866 0.558153112616 5.16 0.2 0.2 -0.910893917084 0.543443202972 5.08128923575 -0.276669503519 0.335 0.181253680311 0.350700023181
* 260 26.0496008396 -0.898110373748 0.540300159028 5.18 0.2 0.2 -0.905539035797 0.525480747223 5.09576315085 -0.252036418915 0.341 0.183211590673 0.373257464717
* 261 26.1501510143 -0.888740040322 0.522631065913 5.2 0.2 0.2 -0.897481918335 0.507047176361 5.11694854895 -0.234136902403 0.344 0.183348660734 0.378469592218
* 262 26.2505970001 -0.879018222597 0.505152900675 5.22 0.2 0.2 -0.887218952179 0.487048149109 5.13889450232 -0.213388520602 0.355 0.180146621529 0.378758555485
* 263 26.3511259556 -0.868948809169 0.487872654345 5.24 0.2 0.2 -0.87939786911 0.475173950195 5.158822004 -0.198500225733 0.362 0.189160358739 0.378671998247
* 264 26.4516599178 -0.858535827669 0.470797238792 5.26 0.2 0.2 -0.868713855743 0.456967353821 5.17979425589 -0.182994091572 0.371 0.187976762576 0.378886395332
* 265 26.5522248745 -0.847783443153 0.453933483955 5.28 0.2 0.2 -0.856156826019 0.436778068542 5.2030214707 -0.171976828773 0.371 0.183003899662 0.37475906701
* 266 26.652739048 -0.836695956429 0.437288135111 5.3 0.2 0.2 -0.848695755005 0.433458805084 5.21803659598 -0.160393667656 0.374 0.202939294404 0.369605056061
* 267 26.7531888485 -0.825277802345 0.420867850177 5.32 0.2 0.2 -0.835709571838 0.411373138428 5.24045080343 -0.149845923998 0.375 0.195048555695 0.371832130114
* 268 26.8537819386 -0.813533548011 0.404679197048 5.34 0.2 0.2 -0.826927661896 0.397749423981 5.26059717337 -0.142849595452 0.369 0.200933320484 0.376609624111
* 269 26.9542038441 -0.801467890971 0.388728650969 5.36 0.2 0.2 -0.818996429443 0.383193969727 5.2830995957 -0.135248360768 0.37 0.206465233638 0.383730895856
* 270 27.0547599792 -0.789085657327 0.373022591948 5.38 0.2 0.2 -0.8020195961 0.358655452728 5.3087225 -0.125684005321 0.37 0.192712136274 0.37960429859
* 271 27.1554980278 -0.776391799809 0.357567302196 5.4 0.2 0.2 -0.786988258362 0.342759609222 5.32595253388 -0.119370671136 0.366 0.190645319985 0.377343885033
* 272 27.2560038567 -0.763391395788 0.342368963626 5.42 0.2 0.2 -0.776142597198 0.334916591644 5.33996153275 -0.109055941882 0.371 0.201493240097 0.376160036723
* 273 27.3565409184 -0.750089645255 0.327433655368 5.44 0.2 0.2 -0.76181602478 0.319486141205 5.35848665634 -0.102089689115 0.373 0.200383765295 0.376124359289
* 274 27.4576499462 -0.736491868731 0.312767351349 5.46 0.2 0.2 -0.748919487 0.304034233093 5.3764004747 -0.0947118692931 0.37 0.200447300091 0.383268895138
* 275 27.5581829548 -0.722603505146 0.298375917892 5.48 0.2 0.2 -0.736764907837 0.285966396332 5.39715004364 -0.0893221182434 0.37 0.198353284168 0.396764676258
* 276 27.6587409973 -0.70843010966 0.284265111381 5.5 0.2 0.2 -0.719698905945 0.26758813858 5.41601801315 -0.0819171810612 0.371 0.191339191565 0.400682292384
* 277 27.7593259811 -0.693977351442 0.270440575949 5.52 0.2 0.2 -0.70640039444 0.259512901306 5.42972040573 -0.0761855770733 0.377 0.199085684053 0.398568717033
* 278 27.8604910374 -0.679251011404 0.256907841226 5.54 0.2 0.2 -0.692450523376 0.235804080963 5.4478974382 -0.0679948788715 0.386 0.189192622031 0.430850111277
* 279 27.9613640308 -0.664256979884 0.243672320126 5.56 0.2 0.2 -0.675293445587 0.222239494324 5.46470737854 -0.0628945200266 0.389 0.187204811277 0.43055364585
* 280 28.0636470318 -0.649001254296 0.230739306681 5.58 0.2 0.2 -0.659433841705 0.20766544342 5.48172045151 -0.0562894025535 0.405 0.185370420643 0.438303393994
* 281 28.1642098427 -0.633489936726 0.218113973924 5.6 0.2 0.2 -0.64538860321 0.19741153717 5.50700378815 -0.0477790477832 0.416 0.190318950287 0.428807324697
* 282 28.265280962 -0.617729231494 0.205801371819 5.62 0.2 0.2 -0.627041339874 0.186032295227 5.52972937027 -0.0426926647688 0.423 0.189311230034 0.415531679163
* 283 28.3658359051 -0.601725442672 0.193806425243 5.64 0.2 0.2 -0.613593101501 0.170209407806 5.55222225586 -0.0360828743095 0.421 0.189086434734 0.430685109671
* 284 28.4667589664 -0.585484971563 0.182133932015 5.66 0.2 0.2 -0.598663806915 0.161364555359 5.57122993866 -0.0317941105823 0.418 0.193945924702 0.427511117441
* 285 28.5673069954 -0.569014314139 0.170788560976 5.68 0.2 0.2 -0.583689689636 0.148718357086 5.58928966919 -0.0257251420696 0.42 0.195023552878 0.438428398949
* 286 28.6678800583 -0.552320058442 0.159774850124 5.7 0.2 0.2 -0.567726135254 0.142674922943 5.60791492859 -0.0225804160651 0.418 0.201111365219 0.426946219496
* 287 28.7683930397 -0.535408881953 0.149097204796 5.72 0.2 0.2 -0.552273750305 0.129583835602 5.63167429367 -0.0168935226407 0.419 0.201533980177 0.432495273159
* 288 28.8689398766 -0.518287548916 0.138759895908 5.74 0.2 0.2 -0.53501701355 0.121602535248 5.65133047501 -0.0131723980058 0.414 0.204149825599 0.42493105679
* 289 28.969534874 -0.500962907637 0.128767058246 5.76 0.2 0.2 -0.518893241882 0.111844062805 5.67453527847 -0.00765749111024 0.41 0.206652759956 0.421870858801
* 290 29.0701010227 -0.483441887741 0.119122688811 5.78 0.2 0.2 -0.497119426727 0.101738929749 5.695420746 -0.00430873022347 0.404 0.201840855189 0.412231791377
* 291 29.1707088947 -0.465731497402 0.109830645223 5.8 0.2 0.2 -0.479558944702 0.0936288833618 5.71212053696 0.00084553358751 0.397 0.203445478422 0.413288921021
* 292 29.2711820602 -0.44783882054 0.100894644175 5.82 0.2 0.2 -0.464211463928 0.0830788612366 5.73218202988 0.00407182251318 0.396 0.206007360073 0.423781649386
* 293 29.3717868328 -0.429771013988 0.0923182599482 5.84 0.2 0.2 -0.444674491882 0.0734419822693 5.75493479172 0.00834878061445 0.395 0.204200943999 0.420001492557
* 294 29.4723219872 -0.411535304628 0.0841049229823 5.86 0.2 0.2 -0.430245876312 0.0654740333557 5.77853489319 0.0114431691551 0.394 0.210144427109 0.420882477469
* 295 29.5728900433 -0.393138986499 0.0762579185025 5.88 0.2 0.2 -0.412741661072 0.0577507019043 5.80274439255 0.0161981211224 0.391 0.212351973279 0.415176733322
* 296 29.6740720272 -0.374589417884 0.0687803852059 5.9 0.2 0.2 -0.391230583191 0.0521287918091 5.8212842981 0.0192291320652 0.386 0.210344412837 0.404721687524
* 297 29.774627924 -0.355894018363 0.0616753140061 5.92 0.2 0.2 -0.373278141022 0.0461106300354 5.8373251001 0.0235877756306 0.378 0.212474554899 0.407395310329
* 298 29.8752150536 -0.337060265847 0.054945546837 5.94 0.2 0.2 -0.355715274811 0.0393877029419 5.85521078507 0.0268008216553 0.374 0.214701732735 0.411925045616
* 299 29.9757590294 -0.318095693585 0.0485937755155 5.96 0.2 0.2 -0.336598396301 0.0324745178223 5.87806177536 0.0303680325333 0.371 0.214949130359 0.408584102894
* 300 30.076225996 -0.299007887153 0.0426225406656 5.98 0.2 0.2 -0.320900440216 0.0264534950256 5.90168238083 0.0330342246508 0.369 0.220354794016 0.407476985219
* 301 30.1767289639 -0.27980448142 0.0370342307017 6.0 0.2 0.2 -0.297757148743 0.0169916152954 5.92635536591 0.0371790135951 0.365 0.213859365448 0.408198577657
* 302 30.2778689861 -0.260493157492 0.031831080873 6.02 0.2 0.2 -0.276646614075 0.011176109314 5.94277954498 0.0399213737324 0.361 0.211620032234 0.412689634951
* 303 30.3782989979 -0.241081639641 0.0270151723704 6.04 0.2 0.2 -0.256727218628 0.00939035415649 5.95980835358 0.0439301950313 0.367 0.21289822058 0.404326908691
* 304 30.4789159298 -0.221577692215 0.0225884314928 6.06 0.2 0.2 -0.237462997437 -0.00357532501221 5.98680448929 0.0464859496993 0.368 0.210537884453 0.425985608972
* 305 30.5794758797 -0.201989116533 0.0185526288777 6.08 0.2 0.2 -0.219981193542 -0.00967502593994 6.01107931534 0.0500578352117 0.37 0.213813455407 0.429165504261
* 306 30.6799550056 -0.182323747764 0.0149093787922 6.1 0.2 0.2 -0.198328971863 -0.00799369812012 6.03513336578 0.0520345181558 0.376 0.214085648501 0.399648445217
* 307 30.7804980278 -0.162589451793 0.0116601384879 6.12 0.2 0.2 -0.173214912415 -0.0187387466431 6.05574322144 0.0557730921832 0.374 0.204715754223 0.42227528883
* 308 30.8810758591 -0.142794122077 0.00880620761756 6.14 0.2 0.2 -0.154288768768 -0.0159687995911 6.07143211762 0.0583883073905 0.374 0.208373788296 0.40709964355
* 309 30.9816060066 -0.122945676482 0.00634872771543 6.16 0.2 0.2 -0.135866165161 -0.021532535553 6.09681415955 0.0619570956025 0.388 0.210643813113 0.411827394673
* 310 31.0821759701 -0.103052054123 0.00428868174072 6.18 0.2 0.2 -0.116169929504 -0.0280728340149 6.12705088059 0.0643723414804 0.386 0.211342676789 0.413676683432
* 311 31.1827158928 -0.0831212121821 0.00262689368437 6.2 0.2 0.2 -0.0996689796448 -0.0262880325317 6.15919303546 0.0677064125423 0.388 0.218669250861 0.382798251247
* 312 31.2832808495 -0.0631611227317 0.00136402823944 6.22 0.2 0.2 -0.0748729705811 -0.0310616493225 6.19458627353 0.0701517645301 0.387 0.21283523422 0.370606483284
* 313 31.3839550018 -0.043179769541 0.000500590535265 6.24 0.2 0.2 -0.0484743118286 -0.0336561203003 6.21525954852 0.0751455929953 0.37 0.204285269577 0.37402920719
* 314 31.4845058918 -0.0231851448849 3.69259354162e-05 6.26 0.2 0.2 -0.0305461883545 -0.029993057251 6.23161840463 0.0779520857704 0.367 0.208429687915 0.363097390884
* 315 31.5850889683 -0.0031852463466 -2.67801004475e-05 6.28 0.2 0.2 -0.0100603103638 -0.0329833030701 6.2552852633 0.080543407889 0.366 0.208668572871 0.368784235025
