### Ensaio do Controlador Klancar com Laser (Círculo) ###

# Parâmetros #

# Número do Ensaio: 2
# Frequência: 10.0 Hz
# Raio: 0.50 m
# Velocidade Linear da Base: 0.10 m/s
# Velocidade Angular da Base: 0.20 rad/s
# Parâmetro ksi: 0.80
# Parâmetro w_n: 0.37
# Parâmetro g: 10.00

* 1 0.0 0.0 0.0 0.0 0.1 0.2 0.0 0.0 0.0 0.0 0.0 0.1 0.2
* 2 0.100268125534 0.00999800006667 0.000199986666933 0.02 0.1 0.2 0.0 0.0 0.0 0.0 0.0 0.105965455195 0.212173290305
* 3 0.200478076935 0.0199900011333 0.0005998800088 0.04 0.1 0.2 0.0 0.0 0.0 0.0 0.0 0.11188732833 0.224546487284
* 4 0.300670146942 0.0299720065326 0.00119952007359 0.06 0.1 0.2 0.0 0.0 0.0 0.0539995680006 0.103 0.117763250736 0.237119430987
* 5 0.400923013687 0.0399400235957 0.00199866701329 0.08 0.1 0.2 0.0144605636597 0.00752019882202 0.0102419350296 0.0710014519075 0.139 0.114975800134 0.235979528028
* 6 0.50124001503 0.0498900652484 0.00299700117975 0.1 0.1 0.2 0.0144605636597 0.00752019882202 0.0102419350296 0.0710014519075 0.139 0.120779007973 0.248849207573
* 7 0.601456165314 0.059818151607 0.00419412325264 0.12 0.1 0.2 0.0316824913025 0.00644826889038 0.0115730706602 0.0969830216316 0.192 0.116239850658 0.262331823974
* 8 0.701975107193 0.0697203115691 0.00558955439909 0.14 0.1 0.2 0.0551767349243 0.00656509399414 0.0476298257709 0.104061391678 0.211 0.108242743235 0.253631927768
* 9 0.80224609375 0.0795925844029 0.00718273646523 0.16 0.1 0.2 0.0551767349243 0.00656509399414 0.0476298257709 0.104061391678 0.211 0.113987258387 0.266726569799
* 10 0.902553081512 0.0894310213307 0.00897303219949 0.18 0.1 0.2 0.0551767349243 0.00656509399414 0.0476298257709 0.104061391678 0.211 0.11967741217 0.280019712944
* 11 1.0028860569 0.0992316871091 0.0109597255074 0.2 0.1 0.2 0.0551767349243 0.00656509399414 0.0476298257709 0.104061391678 0.211 0.125310928599 0.293510829285
* 12 1.1031191349 0.108990661602 0.0131420217382 0.22 0.1 0.2 0.0551767349243 0.00656509399414 0.0476298257709 0.104061391678 0.211 0.130885554341 0.307199311715
* 13 1.20341300964 0.118704041351 0.0155190480025 0.24 0.1 0.2 0.0551767349243 0.00656509399414 0.0476298257709 0.104061391678 0.211 0.136399059621 0.321084474187
* 14 1.3038392067 0.128367941132 0.0180898535214 0.26 0.1 0.2 0.0551767349243 0.00656509399414 0.0476298257709 0.104061391678 0.211 0.141849239111 0.335165551983
* 15 1.40406608582 0.137978495515 0.0208534100071 0.28 0.1 0.2 0.0551767349243 0.00656509399414 0.0476298257709 0.104061391678 0.211 0.147233912812 0.349441702021
* 16 1.50430703163 0.147531860407 0.0238086120737 0.3 0.1 0.2 0.0551767349243 0.00656509399414 0.0476298257709 0.104061391678 0.211 0.152550926924 0.363912003193
* 17 1.60465312004 0.157024214588 0.0269542776799 0.32 0.1 0.2 0.0551767349243 0.00656509399414 0.0476298257709 0.104061391678 0.211 0.157798154715 0.378575456733
* 18 1.70489501953 0.166451761243 0.0302891486013 0.34 0.1 0.2 0.0551767349243 0.00656509399414 0.0476298257709 0.104061391678 0.211 0.162973497363 0.393430986618
* 19 1.8051431179 0.17581072948 0.033811890934 0.36 0.1 0.2 0.0688681602478 0.00814819335938 0.0701539963484 0.109167774008 0.227 0.160771059937 0.391624984816
* 20 1.90539002419 0.185097375835 0.0375210956281 0.38 0.1 0.2 0.0688681602478 0.00814819335938 0.0701539963484 0.109167774008 0.227 0.165881894284 0.406647408223
* 21 2.00563216209 0.194307985775 0.0414152790512 0.4 0.1 0.2 0.0688681602478 0.00814819335938 0.0701539963484 0.109097488756 0.238 0.170916988801 0.421859685236
* 22 2.10597205162 0.203438875178 0.0454928835818 0.42 0.1 0.2 0.0688681602478 0.00814819335938 0.0701539963484 0.109038028396 0.243 0.175874329516 0.437260520308
* 23 2.20620918274 0.212486391811 0.0497522782325 0.44 0.1 0.2 0.0981874465942 0.0114831924438 0.0993630364537 0.109038028396 0.243 0.164616192638 0.430669403948
* 24 2.30650806427 0.221446916786 0.0541917593021 0.46 0.1 0.2 0.0981874465942 0.0114831924438 0.0993630364537 0.108277078866 0.245 0.169530755885 0.446171410525
* 25 2.40684008598 0.230316866014 0.0588095510576 0.48 0.1 0.2 0.0981874465942 0.0114831924438 0.0993630364537 0.108277078866 0.245 0.174364525803 0.461859833359
* 26 2.50712418556 0.239092691633 0.0636038064436 0.5 0.1 0.2 0.0981874465942 0.0114831924438 0.0993630364537 0.108277078866 0.245 0.179115568949 0.477733186452
* 27 2.60745811462 0.247770883429 0.068572607822 0.52 0.1 0.2 0.0981874465942 0.0114831924438 0.0993630364537 0.108277078866 0.245 0.183781984968 0.493789909837
* 28 2.7077331543 0.256347970243 0.0737139677386 0.54 0.1 0.2 0.0981874465942 0.0114831924438 0.0993630364537 0.10825414266 0.246 0.188361907357 0.510028370199
* 29 2.80809116364 0.264820521353 0.0790258297178 0.56 0.1 0.2 0.0981874465942 0.0114831924438 0.0993630364537 0.10825414266 0.246 0.192853504207 0.526446861533
* 30 2.90838599205 0.273185147852 0.0845060690857 0.58 0.1 0.2 0.0981874465942 0.0114831924438 0.0993630364537 0.10825414266 0.246 0.19725497894 0.543043605823
* 31 3.00868320465 0.281438504001 0.0901524938196 0.6 0.1 0.2 0.0981874465942 0.0114831924438 0.0993630364537 0.10825414266 0.246 0.201564571024 0.559816753755
* 32 3.10898804665 0.289577288568 0.095962845425 0.62 0.1 0.2 0.0981874465942 0.0114831924438 0.0993630364537 0.10825414266 0.246 0.205780556681 0.576764385455
* 33 3.20932221413 0.297598246147 0.101934799839 0.64 0.1 0.2 0.0981874465942 0.0114831924438 0.0993630364537 0.10825414266 0.246 0.209901249571 0.593884511257
* 34 3.31001615524 0.305498168462 0.108065968358 0.66 0.1 0.2 0.0981874465942 0.0114831924438 0.0993630364537 0.108179489192 0.249 0.213925001474 0.611175072502
* 35 3.41035199165 0.313273895649 0.114353898599 0.68 0.1 0.2 0.0981874465942 0.0114831924438 0.0993630364537 0.108179489192 0.249 0.217850202941 0.628633942358
* 36 3.51057219505 0.320922317522 0.120796075471 0.7 0.1 0.2 0.0981874465942 0.0114831924438 0.0993630364537 0.110136714081 0.253 0.221675283945 0.646258926671
* 37 3.61080503464 0.328440374814 0.127389922191 0.72 0.1 0.2 0.0981874465942 0.0114831924438 0.0993630364537 0.111098741946 0.257 0.225398714504 0.664047764844
* 38 3.71107816696 0.335825060401 0.134132801307 0.74 0.1 0.2 0.0981874465942 0.0114831924438 0.0993630364537 0.111098741946 0.257 0.229019005295 0.681998130741
* 39 3.81132221222 0.343073420508 0.141022015758 0.76 0.1 0.2 0.0981874465942 0.0114831924438 0.0993630364537 0.113992737903 0.265 0.232534708251 0.700107633617
* 40 3.91154122353 0.350182555888 0.14805480995 0.78 0.1 0.2 0.0981874465942 0.0114831924438 0.0993630364537 0.11767909122 0.279 0.235944417137 0.718373819073
* 41 4.01186919212 0.357149622982 0.155228370859 0.8 0.1 0.2 0.0981874465942 0.0114831924438 0.0993630364537 0.11767909122 0.279 0.239246768115 0.736794170042
* 42 4.11221003532 0.363971835055 0.162539829156 0.82 0.1 0.2 0.245200157166 0.0447769165039 0.268350571394 0.117085776466 0.279 0.172418345468 0.612310139957
* 43 4.21247816086 0.370646463313 0.169986260356 0.84 0.1 0.2 0.245200157166 0.0447769165039 0.268350571394 0.117085776466 0.279 0.176388029821 0.629693643291
* 44 4.31282711029 0.377170837995 0.177564685985 0.86 0.1 0.2 0.245200157166 0.0447769165039 0.268350571394 0.117085776466 0.279 0.180258294329 0.647244255356
* 45 4.41318321228 0.383542349437 0.185272074774 0.88 0.1 0.2 0.245200157166 0.0447769165039 0.268350571394 0.117085776466 0.279 0.184027590935 0.664959745305
* 46 4.51355218887 0.38975844912 0.19310534387 0.9 0.1 0.2 0.245200157166 0.0447769165039 0.268350571394 0.120705794821 0.278 0.187694411972 0.682837816339
* 47 4.61387515068 0.395816650686 0.201061360071 0.92 0.1 0.2 0.304499149323 0.0691518783569 0.342773377895 0.122577124259 0.28 0.161827976758 0.639109430052
* 48 4.71421813965 0.401714530936 0.209136941075 0.94 0.1 0.2 0.304499149323 0.0691518783569 0.342773377895 0.121568323969 0.278 0.165670239324 0.656706247062
* 49 4.81481313705 0.407449730797 0.217328856758 0.96 0.1 0.2 0.304499149323 0.0691518783569 0.342773377895 0.121568323969 0.278 0.169411109474 0.674467308064
* 50 4.91504716873 0.413019956265 0.225633830463 0.98 0.1 0.2 0.304499149323 0.0691518783569 0.342773377895 0.121394646998 0.278 0.173049090911 0.69239029803
* 51 5.01526618004 0.418422979323 0.234048540311 1.0 0.1 0.2 0.304499149323 0.0691518783569 0.342773377895 0.121394646998 0.278 0.176582728489 0.710472837166
* 52 5.11549806595 0.423656638836 0.24256962053 1.02 0.1 0.2 0.304499149323 0.0691518783569 0.342773377895 0.121394646998 0.278 0.180010608802 0.72871248186
* 53 5.2157561779 0.428718841408 0.251193662803 1.04 0.1 0.2 0.304499149323 0.0691518783569 0.342773377895 0.121394646998 0.278 0.183331360742 0.747106725657
* 54 5.31612420082 0.433607562227 0.259917217626 1.06 0.1 0.2 0.304499149323 0.0691518783569 0.342773377895 0.163993356188 0.414 0.186543656053 0.765653000269
* 55 5.41650915146 0.438320845869 0.268736795695 1.08 0.1 0.2 0.304499149323 0.0691518783569 0.342773377895 0.165384553228 0.42 0.189646209861 0.784348676594
* 56 5.51692700386 0.442856807083 0.277648869295 1.1 0.1 0.2 0.304499149323 0.0691518783569 0.342773377895 0.166032559512 0.429 0.192637781184 0.8
* 57 5.61727309227 0.447213631546 0.286649873717 1.12 0.1 0.2 0.304499149323 0.0691518783569 0.342773377895 0.166692809866 0.436 0.195517173434 0.8
* 58 5.71755719185 0.451389576585 0.295736208678 1.14 0.1 0.2 0.304499149323 0.0691518783569 0.342773377895 0.16719873413 0.443 0.198283234893 0.8
* 59 5.81788921356 0.455382971879 0.304904239766 1.16 0.1 0.2 0.304499149323 0.0691518783569 0.342773377895 0.16719873413 0.443 0.200934859173 0.8
* 60 5.91815900803 0.459192220123 0.31415029989 1.18 0.1 0.2 0.561858177185 0.243936061859 0.699687540531 0.196974235494 0.451 0.0687330781322 0.607377975094
* 61 6.01846814156 0.462815797668 0.32347069075 1.2 0.1 0.2 0.561858177185 0.243936061859 0.699687540531 0.196974235494 0.451 0.0730441748891 0.624148275973
* 62 6.11885309219 0.466252255131 0.332861684313 1.22 0.1 0.2 0.561858177185 0.243936061859 0.699687540531 0.196974235494 0.451 0.0772616928898 0.64109309233
* 63 6.21918201447 0.469500217975 0.342319524308 1.24 0.1 0.2 0.561858177185 0.243936061859 0.699687540531 0.196974235494 0.451 0.0813839451833 0.658210435625
* 64 6.31949400902 0.472558387059 0.351840427723 1.26 0.1 0.2 0.561858177185 0.243936061859 0.699687540531 0.196974235494 0.451 0.0854092829238 0.675498248311
* 65 6.41970801353 0.475425539155 0.361420586326 1.28 0.1 0.2 0.561858177185 0.243936061859 0.699687540531 0.203476044326 0.453 0.0893360960297 0.692954404656
* 66 6.5200650692 0.478100527442 0.371056168181 1.3 0.1 0.2 0.561858177185 0.243936061859 0.699687540531 0.202557644206 0.456 0.0931628138282 0.710576711591
* 67 6.62041115761 0.480582281958 0.380743319182 1.32 0.1 0.2 0.561858177185 0.243936061859 0.699687540531 0.202557644206 0.456 0.0968879056832 0.728362909591
* 68 6.72068309784 0.482869810036 0.390478164599 1.34 0.1 0.2 0.561858177185 0.243936061859 0.699687540531 0.202557644206 0.456 0.100509881608 0.746310673575
* 69 6.82105612755 0.484962196695 0.400256810623 1.36 0.1 0.2 0.561858177185 0.243936061859 0.699687540531 0.202557644206 0.456 0.104027292859 0.764417613839
* 70 6.92128705978 0.486858605008 0.410075345927 1.38 0.1 0.2 0.561858177185 0.243936061859 0.699687540531 0.202557644206 0.456 0.107438732521 0.782681277009
* 71 7.0216050148 0.488558276437 0.419929843227 1.4 0.1 0.2 0.561858177185 0.243936061859 0.699687540531 0.202557644206 0.456 0.110742836062 0.8
* 72 7.12183618546 0.490060531136 0.429816360855 1.42 0.1 0.2 0.561858177185 0.243936061859 0.699687540531 0.202557644206 0.456 0.113938281884 0.8
* 73 7.22210001945 0.491364768224 0.439730944337 1.44 0.1 0.2 0.561858177185 0.243936061859 0.699687540531 0.202557644206 0.456 0.117023791853 0.8
* 74 7.3223400116 0.492470466022 0.449669627971 1.46 0.1 0.2 0.561858177185 0.243936061859 0.699687540531 0.202557644206 0.456 0.119998131806 0.8
* 75 7.42259716988 0.493377182266 0.459628436417 1.48 0.1 0.2 0.561858177185 0.243936061859 0.699687540531 0.202557644206 0.456 0.122860112046 0.8
* 76 7.52282309532 0.494084554283 0.469603386283 1.5 0.1 0.2 0.561858177185 0.243936061859 0.699687540531 0.202557644206 0.456 0.125608587818 0.8
* 77 7.62305307388 0.494592299132 0.479590487722 1.52 0.1 0.2 0.561858177185 0.243936061859 0.699687540531 0.202557644206 0.456 0.128242459771 0.8
* 78 7.72328019142 0.494900213723 0.489585746028 1.54 0.1 0.2 0.561858177185 0.243936061859 0.699687540531 0.202557644206 0.456 0.130760674389 0.8
* 79 7.82349514961 0.495008174894 0.499585163231 1.56 0.1 0.2 0.561858177185 0.243936061859 0.699687540531 0.202557644206 0.456 0.13316222442 0.8
* 80 7.92372512817 0.494916139461 0.509584739696 1.58 0.1 0.2 0.561858177185 0.243936061859 0.699687540531 0.202557644206 0.456 0.135446149277 0.8
* 81 8.02395915985 0.494624144238 0.519580475726 1.6 0.1 0.2 0.561858177185 0.243936061859 0.699687540531 0.202557644206 0.456 0.137611535421 0.8
* 82 8.12427306175 0.494132306019 0.529568373161 1.62 0.1 0.2 0.561858177185 0.243936061859 0.699687540531 0.202557644206 0.456 0.139657516724 0.8
* 83 8.22468400002 0.493440821532 0.539544436974 1.64 0.1 0.2 0.561858177185 0.243936061859 0.699687540531 0.202557644206 0.456 0.141583274823 0.8
* 84 8.32499718666 0.492549967363 0.549504676873 1.66 0.1 0.2 0.725040435791 0.674479484558 1.56217634678 1.077427531 0.457 0.0235068737378 0.489968179134
* 85 8.42534208298 0.491460099841 0.559445108895 1.68 0.1 0.2 0.725040435791 0.674479484558 1.56217634678 1.077427531 0.457 0.0292367929086 0.503116995067
* 86 8.52569007874 0.490171654898 0.569361757 1.7 0.1 0.2 0.725040435791 0.674479484558 1.56217634678 1.077427531 0.457 0.0349117279139 0.51646417603
* 87 8.62602114677 0.488685147895 0.57925065466 1.72 0.1 0.2 0.725040435791 0.674479484558 1.56217634678 1.077427531 0.457 0.0405294088553 0.530009172488
* 88 8.7263250351 0.487001173416 0.589107846448 1.74 0.1 0.2 0.725040435791 0.674479484558 1.56217634678 11.5204590969 0.602 0.0460875887355 0.543751355787
* 89 8.82655310631 0.485120405027 0.598929389619 1.76 0.1 0.2 0.664591789246 0.851466178894 1.92835712433 -0.268253674868 0.606 -0.00543278761274 0.355716302383
* 90 8.92676901817 0.483043595011 0.608711355688 1.78 0.1 0.2 0.664591789246 0.851466178894 1.92835712433 0.0263978096828 0.668 0.000803489287696 0.366211470985
* 91 9.02699303627 0.480771574064 0.618449831996 1.8 0.1 0.2 0.626599311829 0.914816379547 2.08983397484 0.0300153809126 0.603 -0.0149221794671 0.300119343928
* 92 9.12723207474 0.478305250964 0.628140923285 1.82 0.1 0.2 0.617859840393 0.927157402039 2.13599729538 0.0211260943826 0.531 -0.011376201743 0.288823520889
* 93 9.22758722305 0.475645612208 0.637780753247 1.84 0.1 0.2 0.615375518799 0.927290916443 2.15026044846 0.0177039753035 0.494 -0.00399540434943 0.289706444337
* 94 9.32781100273 0.472793721615 0.647365466077 1.86 0.1 0.2 0.615375518799 0.927290916443 2.15026044846 0.00944103670509 0.417 0.00233235020163 0.298817730089
* 95 9.42803907394 0.469750719905 0.65689122802 1.88 0.1 0.2 0.615375518799 0.927290916443 2.15026044846 0.00944103670509 0.417 0.0086548975732 0.308121209324
* 96 9.52828621864 0.466517824236 0.666354228897 1.9 0.1 0.2 0.616280555725 0.925094604492 2.16128087044 0.00329536779005 0.35 0.0178541645881 0.31204101716
* 97 9.62862205505 0.463096327725 0.675750683634 1.92 0.1 0.2 0.616280555725 0.925094604492 2.16128087044 0.00329536779005 0.35 0.0241646806651 0.321624854906
* 98 9.72900605202 0.459487598923 0.685076833774 1.94 0.1 0.2 0.617007255554 0.919813632965 2.18484377861 0.00242487602871 0.327 0.0364948712372 0.317415645414
* 99 9.82938408852 0.455693081275 0.694328948982 1.96 0.1 0.2 0.617007255554 0.919813632965 2.18484377861 0.00199981299697 0.32 0.0427962070927 0.327159408294
* 100 9.92964100838 0.451714292537 0.703503328535 1.98 0.1 0.2 0.617007255554 0.919813632965 2.18484377861 0.00199981299697 0.32 0.0490840771254 0.337098569861
* 101 10.0299580097 0.447552824172 0.712596302803 2.0 0.1 0.2 0.617007255554 0.919813632965 2.18484377861 0.00199981299697 0.32 0.0553559662711 0.347233943742
* 102 10.1302530766 0.443210340711 0.721604234718 2.02 0.1 0.2 0.617007255554 0.919813632965 2.18484377861 0.00199981299697 0.32 0.0616093658579 0.357566265086
* 103 10.230558157 0.438688579089 0.730523521228 2.04 0.1 0.2 0.617007255554 0.919813632965 2.18484377861 0.00207944308402 0.314 0.0678417746092 0.368096190264
* 104 10.3308501244 0.433989347952 0.739350594736 2.06 0.1 0.2 0.617007255554 0.919813632965 2.18484377861 0.00207944308402 0.314 0.0740506996447 0.378824296608
* 105 10.431153059 0.429114526929 0.748081924531 2.08 0.1 0.2 0.617007255554 0.919813632965 2.18484377861 0.00207944308402 0.314 0.080233657477 0.389751082181
* 106 10.5314400196 0.424066065883 0.756714018198 2.1 0.1 0.2 0.617007255554 0.919813632965 2.18484377861 0.00207944308402 0.314 0.0863881750057 0.400876965574
* 107 10.6317231655 0.418845984131 0.765243423013 2.12 0.1 0.2 0.617007255554 0.919813632965 2.18484377861 0.00211914655397 0.313 0.0925117905056 0.412202285747
* 108 10.732019186 0.413456369637 0.773666727329 2.14 0.1 0.2 0.617007255554 0.919813632965 2.18484377861 0.00211914655397 0.313 0.0986020546122 0.423727301882
* 109 10.8323130608 0.407899378175 0.781980561937 2.16 0.1 0.2 0.617007255554 0.919813632965 2.18484377861 0.00211914655397 0.313 0.104656531301 0.435452193289
* 110 10.9326891899 0.402177232466 0.790181601413 2.18 0.1 0.2 0.615145206451 0.920382499695 2.21178507805 0.00429970102122 0.312 0.113716204917 0.429524856372
* 111 11.0329530239 0.396292221294 0.798266565452 2.2 0.1 0.2 0.615145206451 0.920382499695 2.21178507805 0.0104685405686 0.317 0.119746006987 0.441380311957
* 112 11.133297205 0.390246698583 0.806232220174 2.22 0.1 0.2 0.615145206451 0.920382499695 2.21178507805 0.0104685405686 0.317 0.125736026897 0.45343576389
* 113 11.23361516 0.384043082463 0.814075379425 2.24 0.1 0.2 0.615145206451 0.920382499695 2.21178507805 0.0104685405686 0.317 0.131683868719 0.465691179313
* 114 11.333835125 0.377683854297 0.821792906045 2.26 0.1 0.2 0.615145206451 0.920382499695 2.21178507805 0.0112286648639 0.316 0.137587153396 0.478146445385
* 115 11.4341201782 0.371171557692 0.829381713127 2.28 0.1 0.2 0.615145206451 0.920382499695 2.21178507805 0.0112286648639 0.316 0.143443519692 0.490801369327
* 116 11.5343420506 0.364508797479 0.836838765249 2.3 0.1 0.2 0.615145206451 0.920382499695 2.21178507805 0.0112286648639 0.316 0.149250625139 0.503655678501
* 117 11.6347050667 0.357698238674 0.844161079689 2.32 0.1 0.2 0.615145206451 0.920382499695 2.21178507805 0.0112286648639 0.316 0.155006146973 0.516709020515
* 118 11.7349500656 0.350742605409 0.85134572762 2.34 0.1 0.2 0.615145206451 0.920382499695 2.21178507805 0.0131954200021 0.319 0.16070778306 0.529960963369
* 119 11.8352050781 0.343644679846 0.858389835277 2.36 0.1 0.2 0.615145206451 0.920382499695 2.21178507805 0.0131954200021 0.319 0.166353252824 0.543410995624
* 120 11.9355452061 0.336407301059 0.865290585113 2.38 0.1 0.2 0.615145206451 0.920382499695 2.21178507805 0.0131954200021 0.319 0.17194029815 0.557058526609
* 121 12.0359950066 0.329033363903 0.872045216918 2.4 0.1 0.2 0.615145206451 0.920382499695 2.21178507805 0.0131954200021 0.319 0.177466684297 0.570902886655
* 122 12.1362411976 0.321525817856 0.878651028931 2.42 0.1 0.2 0.5856757164 0.937413692474 2.3360953331 0.0404431786157 0.366 0.183827935424 0.481437164189
* 123 12.2365570068 0.313887665835 0.885105378915 2.44 0.1 0.2 0.5856757164 0.937413692474 2.3360953331 0.0404431786157 0.366 0.189594769512 0.494447645882
* 124 12.3369090557 0.306121963 0.891405685215 2.46 0.1 0.2 0.5856757164 0.937413692474 2.3360953331 0.0475074412023 0.375 0.195308212203 0.507656828239
* 125 12.4373090267 0.298231815527 0.897549427793 2.48 0.1 0.2 0.5856757164 0.937413692474 2.3360953331 0.0653475893375 0.386 0.200965978195 0.521064216923
* 126 12.5375580788 0.290220379372 0.903534149234 2.5 0.1 0.2 0.5856757164 0.937413692474 2.3360953331 0.0653475893375 0.386 0.206565804457 0.534669238321
* 127 12.6377961636 0.282090859001 0.909357455729 2.52 0.1 0.2 0.5856757164 0.937413692474 2.3360953331 0.0653475893375 0.386 0.212105451135 0.548471239766
* 128 12.7380211353 0.273846506114 0.915017018033 2.54 0.1 0.2 0.5856757164 0.937413692474 2.3360953331 0.0653475893375 0.386 0.217582702442 0.562469489805
* 129 12.8382620811 0.265490618343 0.920510572398 2.56 0.1 0.2 0.5856757164 0.937413692474 2.3360953331 0.0653475893375 0.386 0.222995367552 0.576663178485
* 130 12.9385070801 0.257026537931 0.925835921473 2.58 0.1 0.2 0.5856757164 0.937413692474 2.3360953331 0.0653475893375 0.386 0.22834128147 0.591051417683
* 131 13.0387279987 0.248457650397 0.930990935191 2.6 0.1 0.2 0.5856757164 0.937413692474 2.3360953331 0.0653475893375 0.386 0.233618305903 0.605633241455
* 132 13.1389431953 0.239787383183 0.935973551615 2.62 0.1 0.2 0.5856757164 0.937413692474 2.3360953331 0.0666495484922 0.387 0.23882433011 0.62040760643
* 133 13.2392342091 0.231019204279 0.940781777765 2.64 0.1 0.2 0.5856757164 0.937413692474 2.3360953331 0.0666495484922 0.387 0.243957271752 0.635373392219
* 134 13.3394851685 0.22215662084 0.945413690415 2.66 0.1 0.2 0.462094783783 1.00064516068 2.65813875198 0.0551420337917 0.389 0.211810235675 0.361548772816
* 135 13.4398910999 0.213203177782 0.94986743686 2.68 0.1 0.2 0.462094783783 1.00064516068 2.65813875198 0.08436756282 0.415 0.217771735454 0.373740671522
* 136 13.5401461124 0.204162456361 0.954141235662 2.7 0.1 0.2 0.462094783783 1.00064516068 2.65813875198 0.0966671294755 0.433 0.223689431988 0.38613246539
* 137 13.6404671669 0.195038072747 0.958233377359 2.72 0.1 0.2 0.462094783783 1.00064516068 2.65813875198 0.0966671294755 0.433 0.229560958279 0.398723987031
* 138 13.7407522202 0.185833676572 0.962142225148 2.74 0.1 0.2 0.462094783783 1.00064516068 2.65813875198 0.122721819936 0.479 0.235383965794 0.411514989165
* 139 13.841034174 0.176552949469 0.965866215542 2.76 0.1 0.2 0.462094783783 1.00064516068 2.65813875198 0.122721819936 0.479 0.241156125407 0.424505144725
* 140 13.9413340092 0.167199603608 0.969403858995 2.78 0.1 0.2 0.462094783783 1.00064516068 2.65813875198 0.122721819936 0.479 0.246875128332 0.437694046982
* 141 14.0416769981 0.157777380202 0.972753740497 2.8 0.1 0.2 0.462094783783 1.00064516068 2.65813875198 0.122721819936 0.479 0.252538687043 0.451081209714
* 142 14.1420161724 0.148290048013 0.975914520139 2.82 0.1 0.2 0.462094783783 1.00064516068 2.65813875198 0.122721819936 0.479 0.258144536194 0.464666067396
* 143 14.242303133 0.138741401849 0.978884933652 2.84 0.1 0.2 0.462094783783 1.00064516068 2.65813875198 0.122721819936 0.479 0.263690433518 0.478447975428
* 144 14.3425951004 0.129135261041 0.98166379291 2.86 0.1 0.2 0.29972076416 1.04766750336 2.93402171135 0.132523650293 0.521 0.191514407705 0.255427552753
* 145 14.4428241253 0.119475467917 0.984249986407 2.88 0.1 0.2 0.29972076416 1.04766750336 2.93402171135 0.13529557371 0.525 0.197620279927 0.266860901995
* 146 14.5431041718 0.109765886266 0.986642479699 2.9 0.1 0.2 0.29972076416 1.04766750336 2.93402171135 0.138042082551 0.526 0.203691480897 0.278494054148
* 147 14.6433770657 0.10001039979 0.988840315821 2.92 0.1 0.2 0.29972076416 1.04766750336 2.93402171135 0.171496464555 0.427 0.209725582214 0.290327145267
* 148 14.7436389923 0.0902129105544 0.990842615669 2.94 0.1 0.2 0.29972076416 1.04766750336 2.93402171135 0.171496464555 0.427 0.215720170319 0.302360231435
* 149 14.8438670635 0.0803773374241 0.992648578348 2.96 0.1 0.2 0.29972076416 1.04766750336 2.93402171135 0.171496464555 0.427 0.221672847456 0.31459328874
* 150 14.9441101551 0.0705076144971 0.994257481497 2.98 0.1 0.2 0.29972076416 1.04766750336 2.93402171135 0.171496464555 0.427 0.227581232634 0.327026213284
* 151 15.0445010662 0.0606076895311 0.995668681578 3.0 0.1 0.2 0.29972076416 1.04766750336 2.93402171135 0.171496464555 0.427 0.233442962578 0.339658821225
* 152 15.1447269917 0.0506815223641 0.996881614128 3.02 0.1 0.2 0.29972076416 1.04766750336 2.93402171135 0.183533909479 0.416 0.239255692673 0.35249084885
* 153 15.2449381351 0.0407330833305 0.997895793991 3.04 0.1 0.2 0.0668258666992 1.03958940506 3.19664556185 0.205535166536 0.32 0.115746244816 0.14641644218
* 154 15.3452091217 0.0307663516733 0.998710815509 3.06 0.1 0.2 0.0668258666992 1.03958940506 3.19664556185 0.205535166536 0.32 0.12196932832 0.157027538643
* 155 15.4454820156 0.0207853139523 0.999326352683 3.08 0.1 0.2 0.0668258666992 1.03958940506 3.19664556185 0.205535166536 0.32 0.128167908907 0.167837030032
* 156 15.5456910133 0.0107939624496 0.999742159308 3.1 0.1 0.2 0.0668258666992 1.03958940506 3.19664556185 0.205535166536 0.32 0.134339507228 0.178845381857
* 157 15.6460940838 0.000796293572488 0.999958069065 3.12 0.1 0.2 -0.157839298248 0.988604545593 3.36111337343 0.222755787212 0.296 0.00293663533888 0.0791175406984
* 158 15.7463140488 -0.00920369374479 0.999973995594 3.14 0.1 0.2 -0.157839298248 0.988604545593 3.36111337343 0.222082136859 0.294 0.00923565061222 0.0888976840771
* 159 15.8466870785 -0.0192019996406 0.999789932525 3.16 0.1 0.2 -0.157839298248 0.988604545593 3.36111337343 0.222082136859 0.294 0.0155207305135 0.0988733838396
* 160 15.9469230175 -0.0291946249259 0.99940595348 3.18 0.1 0.2 -0.181746482849 0.983075618744 3.37739593187 0.222715389439 0.295 0.00697387753469 0.101587295354
* 161 16.0472841263 -0.0391775726839 0.998822212045 3.2 0.1 0.2 -0.181746482849 0.983075618744 3.37739593187 0.222715389439 0.295 0.0132391740956 0.111795929259
* 162 16.1475441456 -0.0491468498685 0.998038941711 3.22 0.1 0.2 -0.181746482849 0.983075618744 3.37739593187 0.222715389439 0.295 0.0194850487235 0.122201764274
* 163 16.2478032112 -0.0590984689017 0.997056455773 3.24 0.1 0.2 -0.181746482849 0.983075618744 3.37739593187 0.222715389439 0.295 0.0257090031518 0.132805427366
* 164 16.3480570316 -0.0690284492687 0.995875147214 3.26 0.1 0.2 -0.181746482849 0.983075618744 3.37739593187 0.222715389439 0.295 0.0319085478819 0.143607466374
* 165 16.4483180046 -0.0789328191097 0.994495488541 3.28 0.1 0.2 -0.181746482849 0.983075618744 3.37739593187 0.222715389439 0.295 0.0380812031784 0.154608349787
* 166 16.5486030579 -0.0888076168087 0.9929180316 3.3 0.1 0.2 -0.181746482849 0.983075618744 3.37739593187 0.222715389439 0.295 0.0442245000615 0.165808466561
* 167 16.6490080357 -0.0986488925785 0.991143407352 3.32 0.1 0.2 -0.181746482849 0.983075618744 3.37739593187 0.222715389439 0.295 0.0503359812945 0.17720812596
* 168 16.7492201328 -0.10845271004 0.989172325622 3.34 0.1 0.2 -0.181746482849 0.983075618744 3.37739593187 0.222715389439 0.295 0.0564132023662 0.188807557434
* 169 16.8494510651 -0.118215147797 0.987005574818 3.36 0.1 0.2 -0.181746482849 0.983075618744 3.37739593187 0.222715389439 0.295 0.0624537324693 0.200606910526
* 170 16.9498410225 -0.127932301004 0.984644021611 3.38 0.1 0.2 -0.181746482849 0.983075618744 3.37739593187 0.222715389439 0.295 0.0684551554722 0.212606254816
* 171 17.0500872135 -0.13760028293 0.982088610591 3.4 0.1 0.2 -0.181746482849 0.983075618744 3.37739593187 0.222715389439 0.295 0.0744150708859 0.224805579886
* 172 17.1504991055 -0.14721522651 0.979340363888 3.42 0.1 0.2 -0.181746482849 0.983075618744 3.37739593187 0.222715389439 0.295 0.0803310948235 0.237204795332
* 173 17.2508780956 -0.156773285896 0.976400380764 3.44 0.1 0.2 -0.181746482849 0.983075618744 3.37739593187 0.222715389439 0.295 0.0862008609545 0.249803730794
* 174 17.3512711525 -0.166270637992 0.973269837173 3.46 0.1 0.2 -0.181746482849 0.983075618744 3.37739593187 0.222715389439 0.295 0.0920220214505 0.262602136028
* 175 17.4515271187 -0.175703483982 0.969949985291 3.48 0.1 0.2 -0.181746482849 0.983075618744 3.37739593187 0.222715389439 0.295 0.0977922479251 0.275599681004
* 176 17.5517430305 -0.185068050855 0.966442153014 3.5 0.1 0.2 -0.181746482849 0.983075618744 3.37739593187 0.222715389439 0.295 0.103509232365 0.28879595604
* 177 17.6521580219 -0.194360592909 0.962747743428 3.52 0.1 0.2 -0.181746482849 0.983075618744 3.37739593187 0.222715389439 0.295 0.109170688051 0.302190471963
* 178 17.7525391579 -0.20357739325 0.958868234249 3.54 0.1 0.2 -0.181746482849 0.983075618744 3.37739593187 0.222715389439 0.295 0.114774350479 0.315782660306
* 179 17.8527622223 -0.212714765281 0.954805177227 3.56 0.1 0.2 -0.181746482849 0.983075618744 3.37739593187 0.222715389439 0.295 0.120317978256 0.329571873539
* 180 17.9530370235 -0.221769054176 0.950560197533 3.58 0.1 0.2 -0.181746482849 0.983075618744 3.37739593187 0.222715389439 0.295 0.125799354007 0.343557385321
* 181 18.0534172058 -0.230736638339 0.9461349931 3.6 0.1 0.2 -0.271399497986 0.951627254486 3.43989950815 0.222715389439 0.295 0.0764191630378 0.313047194718
* 182 18.1536700726 -0.239613930857 0.941531333951 3.62 0.1 0.2 -0.271399497986 0.951627254486 3.43989950815 0.222715389439 0.295 0.0819704277949 0.326811782763
* 183 18.2540121078 -0.248397380931 0.93675106149 3.64 0.1 0.2 -0.271399497986 0.951627254486 3.43989950815 0.222715389439 0.295 0.0874597167483 0.340772764586
* 184 18.354293108 -0.257083475297 0.931796087761 3.66 0.1 0.2 -0.271399497986 0.951627254486 3.43989950815 0.222715389439 0.295 0.0928848342558 0.354929345141
* 185 18.4545760155 -0.265668739634 0.926668394687 3.68 0.1 0.2 -0.271399497986 0.951627254486 3.43989950815 0.222715389439 0.295 0.0982436103428 0.369280651146
* 186 18.5548431873 -0.274149739952 0.921370033278 3.7 0.1 0.2 -0.271399497986 0.951627254486 3.43989950815 0.222715389439 0.295 0.10353390157 0.383825731433
* 187 18.6551392078 -0.282523083961 0.915903122807 3.72 0.1 0.2 -0.271399497986 0.951627254486 3.43989950815 0.222715389439 0.295 0.108753591892 0.398563557324
* 188 18.7553780079 -0.290785422438 0.910269849966 3.74 0.1 0.2 -0.271399497986 0.951627254486 3.43989950815 0.222715389439 0.295 0.113900593502 0.413493023049
* 189 18.855599165 -0.298933450556 0.904472467989 3.76 0.1 0.2 -0.271399497986 0.951627254486 3.43989950815 0.222715389439 0.295 0.118972847667 0.428612946181
* 190 18.955974102 -0.306963909212 0.898513295751 3.78 0.1 0.2 -0.271399497986 0.951627254486 3.43989950815 0.222715389439 0.295 0.123968325555 0.443922068115
* 191 19.0563361645 -0.314873586331 0.892394716842 3.8 0.1 0.2 -0.271399497986 0.951627254486 3.43989950815 0.222715389439 0.295 0.12888502904 0.459419054568
* 192 19.1566231251 -0.322659318148 0.886119178611 3.82 0.1 0.2 -0.271399497986 0.951627254486 3.43989950815 0.222715389439 0.295 0.133720991506 0.475102496113
* 193 19.2568700314 -0.330317990472 0.87968919119 3.84 0.1 0.2 -0.271399497986 0.951627254486 3.43989950815 0.222715389439 0.295 0.138474278633 0.490970908745
* 194 19.357088089 -0.337846539938 0.873107326489 3.86 0.1 0.2 -0.271399497986 0.951627254486 3.43989950815 0.222715389439 0.295 0.14314298917 0.507022734473
* 195 19.4573462009 -0.345241955225 0.866376217166 3.88 0.1 0.2 -0.271399497986 0.951627254486 3.43989950815 0.222715389439 0.295 0.147725255694 0.523256341941
* 196 19.5575840473 -0.352501278267 0.859498555574 3.9 0.1 0.2 -0.271399497986 0.951627254486 3.43989950815 0.222715389439 0.295 0.15221924536 0.539670027086
* 197 19.6578471661 -0.359621605431 0.852477092687 3.92 0.1 0.2 -0.271399497986 0.951627254486 3.43989950815 0.222715389439 0.295 0.156623160633 0.556262013813
* 198 19.7581031322 -0.366600088681 0.845314636995 3.94 0.1 0.2 -0.271399497986 0.951627254486 3.43989950815 0.222715389439 0.295 0.160935240004 0.573030454712
* 199 19.8582880497 -0.373433936717 0.838014053387 3.96 0.1 0.2 -0.271399497986 0.951627254486 3.43989950815 0.222715389439 0.295 0.165153758699 0.58997343179
* 200 19.9584410191 -0.380120416091 0.830578261998 3.98 0.1 0.2 -0.271399497986 0.951627254486 3.43989950815 0.222715389439 0.295 0.169277029368 0.607088957246
* 201 20.0587291718 -0.386656852299 0.823010237045 4.0 0.1 0.2 -0.30375957489 0.93483877182 3.49039346377 0.02623798762 0.106 0.156813784094 0.581846380478
* 202 20.1589500904 -0.393040630856 0.815313005637 4.02 0.1 0.2 -0.332054615021 0.918682575226 3.57767969767 0.0175402581958 0.099 0.149608809059 0.532736875377
* 203 20.2595469952 -0.399269198334 0.807489646565 4.04 0.1 0.2 -0.339788913727 0.910920619965 3.60725981394 0.0179044852495 0.099 0.150402727298 0.524776573429
* 204 20.3597750664 -0.405340063389 0.799543289067 4.06 0.1 0.2 -0.341356277466 0.90709733963 3.6162768046 0.0168636523232 0.098 0.153815139439 0.532059921293
* 205 20.4601089954 -0.411250797757 0.791477111581 4.08 0.1 0.2 -0.341356277466 0.90709733963 3.6162768046 0.0168639758706 0.098 0.158292945731 0.548506036939
* 206 20.5606431961 -0.416999037222 0.783294340471 4.1 0.1 0.2 -0.34591293335 0.905725002289 3.62201029459 0.0191694540951 0.104 0.160404818824 0.561875135061
* 207 20.6608531475 -0.422582482566 0.774998248734 4.12 0.1 0.2 -0.34591293335 0.905725002289 3.62201029459 0.0676587800053 0.215 0.164726672548 0.578625042415
* 208 20.7611861229 -0.427998900484 0.766592154699 4.14 0.1 0.2 -0.352062702179 0.903660297394 3.64843351046 0.0880691195264 0.268 0.167737012413 0.57725922875
* 209 20.8614881039 -0.433246124482 0.75807942069 4.16 0.1 0.2 -0.362534046173 0.887809753418 3.6678126494 0.120059736662 0.355 0.163744542231 0.571318344905
* 210 20.9626281261 -0.43832205574 0.749463451686 4.18 0.1 0.2 -0.362534046173 0.887809753418 3.6678126494 0.139805206 0.409 0.168000282699 0.5881924993
* 211 21.0628640652 -0.443224663954 0.740747693962 4.2 0.1 0.2 -0.362534046173 0.887809753418 3.6678126494 0.145528202853 0.427 0.172161438234 0.605239996857
* 212 21.1630990505 -0.447951988145 0.731935633704 4.22 0.1 0.2 -0.392004489899 0.868243217468 3.72349268595 0.171633001285 0.49 0.160756362448 0.580366275854
* 213 21.2633640766 -0.452502137446 0.723030795618 4.24 0.1 0.2 -0.434417247772 0.827097892761 3.81021434466 0.179212709515 0.517 0.138021962479 0.527745833168
* 214 21.3636820316 -0.456873291859 0.714036741521 4.26 0.1 0.2 -0.434417247772 0.827097892761 3.81021434466 0.193120087737 0.525 0.142561706928 0.544066861987
* 215 21.463996172 -0.46106370298 0.704957068915 4.28 0.1 0.2 -0.434417247772 0.827097892761 3.81021434466 0.196318838404 0.536 0.147012299592 0.560567117345
* 216 21.5642521381 -0.465071694701 0.695795409548 4.3 0.1 0.2 -0.434417247772 0.827097892761 3.81021434466 0.196318838404 0.536 0.151371960296 0.577244788523
* 217 21.6644761562 -0.468895663878 0.68655542796 4.32 0.1 0.2 -0.434417247772 0.827097892761 3.81021434466 0.196318838404 0.536 0.155638945232 0.594097993837
* 218 21.7647151947 -0.472534080975 0.677240820023 4.34 0.1 0.2 -0.434417247772 0.827097892761 3.81021434466 0.197285235314 0.542 0.159811547663 0.611124781389
* 219 21.8649301529 -0.475985490673 0.667855311454 4.36 0.1 0.2 -0.434417247772 0.827097892761 3.81021434466 0.197285235314 0.542 0.163888098605 0.628323129856
* 220 21.9651842117 -0.479248512455 0.658402656332 4.38 0.1 0.2 -0.453949928284 0.800346374512 3.88058454195 0.197285235314 0.542 0.156216455666 0.586860365968
* 221 22.0653910637 -0.482321841154 0.648886635593 4.4 0.1 0.2 -0.453949928284 0.800346374512 3.88058454195 0.197285235314 0.542 0.160438207096 0.603797397368
* 222 22.1656811237 -0.485204247482 0.639311055519 4.42 0.1 0.2 -0.453949928284 0.800346374512 3.88058454195 0.197285235314 0.542 0.164564767667 0.620907046377
* 223 22.2659051418 -0.487894578513 0.629679746213 4.44 0.1 0.2 -0.453949928284 0.800346374512 3.88058454195 0.197285235314 0.542 0.16859448681 0.638187258525
* 224 22.3661241531 -0.490391758151 0.619996560071 4.46 0.1 0.2 -0.453949928284 0.800346374512 3.88058454195 0.197285235314 0.542 0.172525752692 0.65563591112
* 225 22.4663600922 -0.492694787558 0.610265370239 4.48 0.1 0.2 -0.528635501862 0.697598457336 4.14034659067 0.197285235314 0.542 0.126598705788 0.480835320425
* 226 22.5666921139 -0.494802745552 0.600490069063 4.5 0.1 0.2 -0.528635501862 0.697598457336 4.14034659067 0.197285235314 0.542 0.131517191815 0.496328122453
* 227 22.6669671535 -0.496714788979 0.590674566532 4.52 0.1 0.2 -0.528635501862 0.697598457336 4.14034659067 0.197285235314 0.542 0.136354980434 0.512007411897
* 228 22.7673141956 -0.498430153046 0.580822788717 4.54 0.1 0.2 -0.557992935181 0.632530212402 4.23007303873 0.267459788401 0.528 0.106120315538 0.46229409093
* 229 22.8676781654 -0.499948151631 0.570938676197 4.56 0.1 0.2 -0.557992935181 0.632530212402 4.23007303873 0.267459788401 0.528 0.111155099355 0.477507133866
* 230 22.9679670334 -0.501268177555 0.561026182487 4.58 0.1 0.2 -0.557992935181 0.632530212402 4.23007303873 0.280323402283 0.563 0.116112121281 0.492908729463
* 231 23.0682690144 -0.502389702824 0.55108927245 4.6 0.1 0.2 -0.557992935181 0.632530212402 4.23007303873 0.280323402283 0.563 0.120989398574 0.508497506451
* 232 23.1685290337 -0.503312278844 0.54113192072 4.62 0.1 0.2 -0.557992935181 0.632530212402 4.23007303873 0.280499486316 0.566 0.125784980386 0.524272018687
* 233 23.2687530518 -0.504035536597 0.531158110103 4.64 0.1 0.2 -0.580610752106 0.5778632164 4.33495229879 0.280451714619 0.568 0.104481002258 0.471019348538
* 234 23.3690872192 -0.504559186788 0.521171829991 4.66 0.1 0.2 -0.580610752106 0.5778632164 4.33495229879 0.280451714619 0.568 0.10953445269 0.486186192072
* 235 23.4694571495 -0.504883019966 0.511177074762 4.68 0.1 0.2 -0.580610752106 0.5778632164 4.33495229879 0.323518726782 0.543 0.114510629697 0.501541911382
* 236 23.5697700977 -0.505006906601 0.501177842187 4.7 0.1 0.2 -0.580610752106 0.5778632164 4.33495229879 0.323518726782 0.543 0.119407542875 0.517085153549
* 237 23.670114994 -0.504930797139 0.491178131823 4.72 0.1 0.2 -0.580610752106 0.5778632164 4.33495229879 0.323518726782 0.543 0.124223233523 0.532814490644
* 238 23.7705161572 -0.504654722025 0.481181943423 4.74 0.1 0.2 -0.580610752106 0.5778632164 4.33495229879 0.323518726782 0.543 0.12895577543 0.548728420304
* 239 23.8708322048 -0.504178791683 0.471193275328 4.76 0.1 0.2 -0.580610752106 0.5778632164 4.33495229879 0.323518726782 0.543 0.133603275641 0.564825366331
* 240 23.9711601734 -0.503503196481 0.461216122873 4.78 0.1 0.2 -0.580610752106 0.5778632164 4.33495229879 0.323518726782 0.543 0.13816387522 0.581103679323
* 241 24.071513176 -0.502628206647 0.451254476784 4.8 0.1 0.2 -0.580610752106 0.5778632164 4.33495229879 0.308148451774 0.529 0.142635749986 0.597561637333
* 242 24.172960043 -0.501554172164 0.441312321589 4.82 0.1 0.2 -0.580610752106 0.5778632164 4.33495229879 0.308148451774 0.529 0.14701711125 0.614197446561
* 243 24.2733430862 -0.500281522634 0.431393634016 4.84 0.1 0.2 -0.580610752106 0.5778632164 4.33495229879 0.266359485257 0.512 0.151306206525 0.631009242065
* 244 24.3736820221 -0.498810767098 0.421502381408 4.86 0.1 0.2 -0.580610752106 0.5778632164 4.33495229879 0.266359485257 0.512 0.155501320231 0.647995088514
* 245 24.4739871025 -0.49714249384 0.411642520134 4.88 0.1 0.2 -0.580610752106 0.5778632164 4.33495229879 0.216856082314 0.501 0.159600774377 0.665152980957
* 246 24.5742921829 -0.495277370146 0.401817994008 4.9 0.1 0.2 -0.580610752106 0.5778632164 4.33495229879 0.216856082314 0.501 0.163602929237 0.682480845627
* 247 24.6745932102 -0.49321614204 0.392032732709 4.92 0.1 0.2 -0.605624198914 0.390249729156 4.68189329306 2.5611625835 0.536 0.0940598188037 0.454847621439
* 248 24.7748270035 -0.490959633988 0.38229065021 4.94 0.1 0.2 -0.605624198914 0.390249729156 4.68189329306 2.5611625835 0.536 0.0993570326512 0.469373429405
* 249 24.8750472069 -0.488508748561 0.372595643216 4.96 0.1 0.2 -0.605624198914 0.390249729156 4.68189329306 2.57126593846 0.574 0.104583855287 0.48409208899
* 250 24.9752781391 -0.485864466081 0.362951589599 4.98 0.1 0.2 -0.605624198914 0.390249729156 4.68189329306 2.57126593846 0.574 0.109738196051 0.499002502089
* 251 25.0754961967 -0.483027844226 0.353362346852 5.0 0.1 0.2 -0.605624198914 0.390249729156 4.68189329306 2.57126593846 0.574 0.114817993276 0.514103493898
* 252 25.1757311821 -0.480000017608 0.343831750545 5.02 0.1 0.2 -0.593055725098 0.289497375488 4.85868353048 -0.524342031744 0.584 0.0763873367317 0.416343102412
* 253 25.276045084 -0.476782197315 0.334363612789 5.04 0.1 0.2 -0.593055725098 0.289497375488 4.85868353048 -0.524342031744 0.584 0.0819348965791 0.430119652231
* 254 25.3763182163 -0.473375670434 0.324961720713 5.06 0.1 0.2 -0.593055725098 0.289497375488 4.85868353048 -0.524342031744 0.584 0.0874203464137 0.444092549729
* 255 25.4766352177 -0.46978179953 0.315629834948 5.08 0.1 0.2 -0.593055725098 0.289497375488 4.85868353048 -0.524342031744 0.584 0.0928414921286 0.458260995096
* 256 25.5769231319 -0.466002022103 0.306371688125 5.1 0.1 0.2 -0.593055725098 0.289497375488 4.85868353048 -0.524342031744 0.584 0.0981961653379 0.472624110302
* 257 25.6772460938 -0.462037850013 0.297190983378 5.12 0.1 0.2 -0.593055725098 0.289497375488 4.85868353048 -0.432649167847 0.529 0.103482224244 0.487180939457
* 258 25.7775330544 -0.457890868878 0.288091392868 5.14 0.1 0.2 -0.593055725098 0.289497375488 4.85868353048 -0.361555114347 0.464 0.108697554493 0.501930449184
* 259 25.8778991699 -0.453562737433 0.279076556308 5.16 0.1 0.2 -0.585268974304 0.255291938782 4.90933126608 -0.235519651539 0.411 0.0983392068816 0.483880903797
* 260 25.9781792164 -0.449055186874 0.270150079514 5.18 0.1 0.2 -0.585268974304 0.255291938782 4.90933126608 -0.235519651539 0.411 0.103592453615 0.498527966268
* 261 26.0784862041 -0.444370020161 0.261315532957 5.2 0.1 0.2 -0.585268974304 0.255291938782 4.90933126608 -0.178661113877 0.32 0.108773992648 0.513367199618
* 262 26.1788132191 -0.439509111298 0.252576450337 5.22 0.1 0.2 -0.585268974304 0.255291938782 4.90933126608 -0.178661113877 0.32 0.113881751435 0.528397457516
* 263 26.2791349888 -0.434474404584 0.243936327173 5.24 0.1 0.2 -0.585268974304 0.255291938782 4.90933126608 -0.0862081578257 0.156 0.118913686941 0.543617517218
* 264 26.3794140816 -0.429267913835 0.235398619396 5.26 0.1 0.2 -0.585268974304 0.255291938782 4.90933126608 -0.136549639392 0.257 0.123867786458 0.559026080067
* 265 26.4797041416 -0.423891721576 0.226966741978 5.28 0.1 0.2 -0.585268974304 0.255291938782 4.90933126608 -0.136549639392 0.257 0.128742068413 0.574621772005
* 266 26.5799980164 -0.418347978215 0.218644067555 5.3 0.1 0.2 -0.579627513885 0.234543800354 4.94807809988 -0.136549639392 0.257 0.125672918787 0.5637913381
* 267 26.680229187 -0.412638901173 0.210433925088 5.32 0.1 0.2 -0.579627513885 0.234543800354 4.94807809988 -0.165526241816 0.429 0.130542134263 0.579398707768
* 268 26.7805051804 -0.406766774006 0.202339598524 5.34 0.1 0.2 -0.579627513885 0.234543800354 4.94807809988 -0.169380747297 0.472 0.135329461449 0.595191664353
* 269 26.8808162212 -0.400733945486 0.194364325485 5.36 0.1 0.2 -0.579627513885 0.234543800354 4.94807809988 -0.167145690298 0.479 0.140032985477 0.611168680044
* 270 26.981139183 -0.394542828664 0.186511295974 5.38 0.1 0.2 -0.579627513885 0.234543800354 4.94807809988 -0.146974285563 0.5 0.144650825 0.62732815341
* 271 27.081428051 -0.388195899904 0.178783651098 5.4 0.1 0.2 -0.542809486389 0.159220695496 5.18419355551 -0.0630134676007 0.508 0.129317056987 0.475809044691
* 272 27.1816380024 -0.381695697894 0.171184481813 5.42 0.1 0.2 -0.542809486389 0.159220695496 5.18419355551 -0.0533373223484 0.531 0.13469025835 0.490118620214
* 273 27.2820060253 -0.375044822627 0.163716827684 5.44 0.1 0.2 -0.497788906097 0.105332374573 5.43998289505 -0.0294102618333 0.557 0.122769533689 0.330502698409
* 274 27.3822360039 -0.368245934365 0.156383675674 5.46 0.1 0.2 -0.486225128174 0.0990843772888 5.47462940613 -0.0197122971195 0.507 0.123951312117 0.316142806419
* 275 27.4825520515 -0.361301752573 0.149187958946 5.48 0.1 0.2 -0.479400634766 0.089852809906 5.50150061051 -0.0153178142468 0.438 0.125131514491 0.312437972246
* 276 27.5829441547 -0.35421505483 0.14213255569 5.5 0.1 0.2 -0.46609544754 0.0808763504028 5.51736498276 -0.0130612036295 0.407 0.122845869638 0.311306012871
* 277 27.6831970215 -0.346988675721 0.135220287974 5.52 0.1 0.2 -0.455397605896 0.072681427002 5.52870273987 -0.00874169870156 0.361 0.121641532707 0.314607964633
* 278 27.783727169 -0.339625505702 0.128453920613 5.54 0.1 0.2 -0.444283008575 0.0672826766968 5.54129648605 -0.00874169870156 0.361 0.121444440587 0.315034033503
* 279 27.8839452267 -0.332128489942 0.121836160063 5.56 0.1 0.2 -0.444283008575 0.0672826766968 5.54129648605 -0.00874169870156 0.361 0.127412638788 0.327194361375
* 280 27.984167099 -0.324500627148 0.115369653341 5.58 0.1 0.2 -0.444283008575 0.0672826766968 5.54129648605 -0.00874169870156 0.361 0.13333740909 0.339554603532
* 281 28.084384203 -0.316744968363 0.109056986962 5.6 0.1 0.2 -0.444283008575 0.0672826766968 5.54129648605 -0.00874169870156 0.361 0.139216381662 0.352114605204
* 282 28.1846251488 -0.308864615747 0.102900685909 5.62 0.1 0.2 -0.444283008575 0.0672826766968 5.54129648605 -0.00874169870156 0.361 0.145047204993 0.364874131718
* 283 28.2849001884 -0.300862721336 0.0969032126214 5.64 0.1 0.2 -0.444283008575 0.0672826766968 5.54129648605 -0.00874169870156 0.361 0.150827546833 0.377832868596
* 284 28.3851721287 -0.292742485782 0.0910669660074 5.66 0.1 0.2 -0.444283008575 0.0672826766968 5.54129648605 -0.00874169870156 0.361 0.156555095122 0.390990421679
* 285 28.4854021072 -0.284507157069 0.0853942804881 5.68 0.1 0.2 -0.444283008575 0.0672826766968 5.54129648605 -0.00874169870156 0.361 0.162227558916 0.404346317282
* 286 28.5856101513 -0.276160029221 0.0798874250621 5.7 0.1 0.2 -0.444283008575 0.0672826766968 5.54129648605 -0.00874169870156 0.361 0.167842669306 0.417900002386
* 287 28.6860442162 -0.267704440976 0.0745486023982 5.72 0.1 0.2 -0.444283008575 0.0672826766968 5.54129648605 -0.00874169870156 0.361 0.173398180322 0.43165084486
* 288 28.7864341736 -0.259143774458 0.0693799479542 5.74 0.1 0.2 -0.444283008575 0.0672826766968 5.54129648605 -0.00443825563507 0.334 0.178891869834 0.445598133713
* 289 28.8867959976 -0.250481453818 0.0643835291231 5.76 0.1 0.2 -0.435033798218 0.0589666366577 5.55039549271 0.00612107195765 0.316 0.177766769621 0.452964897247
* 290 28.9871921539 -0.24172094387 0.0595613444056 5.78 0.1 0.2 -0.435033798218 0.0589666366577 5.55039549271 0.00612107195765 0.316 0.183160630607 0.467214125162
* 291 29.0875470638 -0.232865748701 0.0549153226115 5.8 0.1 0.2 -0.435033798218 0.0589666366577 5.55039549271 0.00612107195765 0.316 0.188487128247 0.481657636221
* 292 29.1878921986 -0.22391941027 0.0504473220874 5.82 0.1 0.2 -0.435033798218 0.0589666366577 5.55039549271 0.00612107195765 0.316 0.193744132013 0.496294442374
* 293 29.2883360386 -0.214885506994 0.0461591299741 5.84 0.1 0.2 -0.435033798218 0.0589666366577 5.55039549271 0.00612107195765 0.316 0.198929539173 0.511123478254
* 294 29.3891420364 -0.205767652314 0.0420524614912 5.86 0.1 0.2 -0.374565124512 0.0214738845825 5.64944792191 0.0278330735612 0.359 0.171927006894 0.442588030534
* 295 29.4894280434 -0.19656949325 0.0381289592512 5.88 0.1 0.2 -0.374565124512 0.0214738845825 5.64944792191 0.0334863042197 0.369 0.177317724782 0.456846484458
* 296 29.589892149 -0.187294708942 0.0343901926029 5.9 0.1 0.2 -0.247451305389 -0.0365343093872 5.84173345963 0.0381029393172 0.383 0.114250254748 0.324709343728
* 297 29.6902542114 -0.177947009182 0.0308376570031 5.92 0.1 0.2 -0.216264247894 -0.0466985702515 5.88810348908 0.042752706854 0.39 0.103255588325 0.305406241286
* 298 29.7905440331 -0.168530132923 0.0274727734185 5.94 0.1 0.2 -0.198337554932 -0.0508279800415 5.90348101059 0.0397042351664 0.364 0.0991326216723 0.305634370238
* 299 29.8908660412 -0.159047846792 0.0242968877578 5.96 0.1 0.2 -0.180998802185 -0.0551023483276 5.92077064911 0.0362165370738 0.329 0.095358505534 0.305509323763
* 300 29.9914162159 -0.149503943577 0.0213112703328 5.98 0.1 0.2 -0.174522399902 -0.0578417778015 5.92911005417 0.0299397961359 0.264 0.0974892321815 0.313383504524
* 301 30.0916411877 -0.13990224071 0.0185171153508 6.0 0.1 0.2 -0.170641422272 -0.0604057312012 5.93589449326 0.0241660612428 0.207 0.101017356129 0.323050878572
* 302 30.1919460297 -0.130246578746 0.0159155404365 6.02 0.1 0.2 -0.171876430511 -0.0594463348389 5.9364647905 0.016955403725 0.139 0.107759276974 0.335033337346
* 303 30.2921590805 -0.12054081982 0.0135075861852 6.04 0.1 0.2 -0.170825004578 -0.0602140426636 5.93594932953 0.0120639343061 0.097 0.112746890731 0.348724917879
* 304 30.392496109 -0.110788846107 0.0112942157464 6.06 0.1 0.2 -0.171650409698 -0.0598459243774 5.93608904282 0.00954305719306 0.076 0.119008634838 0.361782030934
* 305 30.4927060604 -0.100994558266 0.00927631443884 6.08 0.1 0.2 -0.171354293823 -0.0603151321411 5.9363274614 0.0126188304864 0.047 0.12442030029 0.375377112743
* 306 30.5929200649 -0.0911618738819 0.00745468939611 6.1 0.1 0.2 -0.169875144958 -0.0603723526001 5.93660164276 0.0207743536396 0.074 0.129195713452 0.38835270743
* 307 30.6931810379 -0.0812947258967 0.00583006924396 6.12 0.1 0.2 -0.161018848419 -0.0631542205811 5.93900633255 0.0246596507118 0.129 0.129360371678 0.400193987127
* 308 30.7933971882 -0.0713970610384 0.00440310380878 6.14 0.1 0.2 -0.148780345917 -0.0665197372437 5.94697332779 0.0308584818454 0.207 0.127867903034 0.408040093884
* 309 30.8937439919 -0.061472838241 0.00317436385771 6.16 0.1 0.2 -0.134837150574 -0.0671815872192 5.97445440689 0.0368173484797 0.28 0.127329613874 0.400400935145
* 310 30.9939680099 -0.0515260270613 0.00214434087036 6.18 0.1 0.2 -0.134837150574 -0.0671815872192 5.97445440689 0.0384030332292 0.3 0.132801648278 0.414415251767
* 311 31.0941932201 -0.041560606091 0.00131344684219 6.2 0.1 0.2 -0.0959234237671 -0.0765972137451 6.03383207718 0.0411777999976 0.332 0.118650880019 0.388395513855
* 312 31.1946251392 -0.0315805613658 0.00068201411972 6.22 0.1 0.2 -0.0811705589294 -0.0772323608398 6.06464338699 0.0455505425932 0.364 0.117664454768 0.379819177581
* 313 31.294834137 -0.0215898847705 0.000250295267632 6.24 0.1 0.2 -0.0811705589294 -0.0772323608398 6.06464338699 0.0455505425932 0.364 0.123230094918 0.393537074147
* 314 31.3950550556 -0.0115925724424 1.84629677081e-05 6.26 0.1 0.2 -0.0811705589294 -0.0772323608398 6.06464338699 0.0455505425932 0.364 0.128734283728 0.407451541555
* 315 31.4954512119 -0.0015926231733 -1.33900502237e-05 6.28 0.1 0.2 -0.069769859314 -0.0790119171143 6.09012604157 0.0472162811714 0.374 0.129186000043 0.404282445875
